-5.5   5.1039775558379716
-5.5   5.0237760834714269
-5.5   5.022680508625629
-5.5   5.1050572402352179
-5.5   5.0287960691600695
-5.5   5.122588812612161
-5.5   5.040208395893492
-5.5   5.1049815962086482
-5.5   5.0227572799127271
-5.5   5.1050572402667456
-5.5   5.0226805085936306
-5.5   5.0640213275411998

-4.5   4.4999999999999982
-4.5   4.5000278126726485
-4.5   4.500027812672645
-4.5   4.5004344521882986
-4.5   4.500434452188296
-4.5   4.5084985006952092
-4.5   4.5084985006952083
-4.5   4.640798280882561
-4.5   4.6407982808825592
-4.5   4.5000000000000009
-4.5   4.5059194939878102
-4.5   4.5059194939878235
-4.5   4.7239041405660167
-4.5   4.7239041405660052
-4.5   5.2563334525872154
-4.5   5.256333452587211
-4.5   4.6392498997005038
-4.5   4.5540022100677593
-4.5   4.5540022100677566
-4.5   4.5019694340493608
-4.5   4.5019694340493599
-4.5   4.5000629268965859
-4.5   4.5000629268965833
-4.5   4.5116848432233407
-4.5   4.5116848432233407
-4.5   4.5000472271216241
-4.5   4.5177048423821695
-4.5   4.5020334346434971
-4.5   4.5020334346434954
-4.5   4.5
-4.5   4.5001935553157901
-4.5   4.5001935553157901
-4.5   4.5000010939439408
-4.5   4.5000010939439408
-4.5   4.5000000000000009
-4.5   4.5000000936798781
-4.5   4.5000000936798772
-4.5   4.5000000000000009
-4.5   5.2080005652249817
-4.5   5.2080005652249817
-4.5   4.5003972734124975
-4.5   4.5003972734124966
-4.5   4.6208926685321616
-4.5   4.6208926685321607
