36   42

25   42
25   30
25   30
25   30.000000000000004
25   30
25   30.000000000000004
25   29.999999999999996
25   30
25   30
25   29.999999999999993
25   30
25   29.999999999999993

16   42.000000000000277
16   30.000000000000203
16   30.00000000000005
16   20.00000000000005
16   20.000000000000004
16   20.000000000000036
16   30.00000000000005
16   30.000000000000004
16   19.999999999999989
16   19.999999999999993
16   20.000000000000007
16   20
16   20.000000000000011
16   20
16   29.999999999999986
16   29.999999999999993
16   30.000000000000007
16   20.000000000000007
16   19.999999999999996
16   30.000000000000018
16   30.000000000000011
16   20.000000000000011
16   30.000000000000014
16   30
16   20.000000000000004
16   19.999999999999996
16   20
16   20.000000000000004
16   20.000000000000021
16   20.000000000000004
16   20
16   20.000000000000004
16   19.999999999999996
16   20.000000000000007
16   20
16   20.000000000000004
16   20
16   19.999999999999996
16   19.999999999999996
16   20.000000000000004
16   20.000000000000004
16   20.000000000000007
16   20.000000000000004
16   20
16   20.000000000000007
16   20.000000000000014
16   20
16   19.999999999999993
16   20.000000000000014
16   20
16   20.000000000000011
16   20.000000000000007
16   20.000000000000007
16   20.000000000000004
16   20.000000000000014
16   20.000000000000007
16   20.000000000000007
16   20.000000000000014
16   20.000000000000004
16   20.000000000000007
16   20.000000000000007
16   19.999999999999996
16   19.999999999999993
16   20.000000000000004
16   20.000000000000004
16   20

9   42.000000000000455
9   30.000000000000398
9   30.000000000000227
9   20.000000000000338
9   20.000000000000128
9   20.000000000000192
9   12.000000000000048
9   12.000000000000018
9   30.00000000000005
9   29.999999999999996
9   12.000000000000021
9   12.000000000000011
9   20.000000000000078
9   20.000000000000004
9   12.000000000000028
9   11.999999999999995
9   12.000000000000016
9   12.000000000000009
9   20.000000000000021
9   19.999999999999986
9   12.000000000000011
9   20.000000000000092
9   20.000000000000053
9   12.000000000000021
9   12.000000000000016
9   30.000000000000142
9   30.000000000000099
9   30.000000000000075
9   20.000000000000004
9   20.000000000000007
9   30.000000000000011
9   30.000000000000014
9   19.999999999999986
9   11.999999999999996
9   11.999999999999989
9   30.000000000000032
9   29.99999999999994
9   12
9   11.999999999999989
9   20.000000000000043
9   20.000000000000014
9   19.999999999999986
9   19.999999999999986
9   11.999999999999998
9   11.999999999999995
9   12.000000000000004
9   12.000000000000004
9   19.999999999999972
9   20.00000000000005
9   20.000000000000021
9   11.999999999999995
9   20.000000000000007
9   19.999999999999979
9   12
9   11.999999999999993
9   19.999999999999996
9   19.999999999999972
9   20.000000000000004
9   11.999999999999996
9   12.000000000000009
9   12
9   12.000000000000007
9   12.000000000000005
9   20.000000000000014
9   20
9   20.000000000000028
9   12.000000000000005
9   12.000000000000004
9   12
9   12.000000000000002
9   20.000000000000018
9   20.000000000000028
9   12.000000000000007
9   12.000000000000009
9   12.000000000000007
9   12
9   12.000000000000002
9   12.000000000000005
9   11.999999999999998
9   12.000000000000004
9   12.000000000000002
9   12.000000000000004
9   12.000000000000002
9   20.000000000000036
9   20.00000000000005
9   20.000000000000014
9   19.999999999999993
9   12.000000000000007
9   12.000000000000007
9   12.000000000000005
9   12.000000000000009
9   11.999999999999996
9   12.000000000000002
9   20.000000000000011
9   19.999999999999982
9   12.000000000000005
9   11.999999999999996
9   12
9   11.999999999999998
9   20.000000000000028
9   12.000000000000002
9   12.000000000000002
9   11.999999999999998
9   11.999999999999991
9   12.000000000000002
9   12
9   12.000000000000009
9   11.999999999999996
9   19.999999999999993
9   19.999999999999986
9   19.999999999999993
9   11.999999999999993
9   11.999999999999993
9   12.000000000000004
9   12.000000000000004
9   19.999999999999993
9   11.999999999999998
9   12.000000000000002
9   12.000000000000004
9   20
9   20.000000000000021
9   12.000000000000007
9   12.000000000000002
9   20.000000000000014
9   20.000000000000011
9   12
9   12
9   12.000000000000021
9   11.999999999999998
9   20.000000000000014
9   12.000000000000002
9   12.000000000000002
9   19.999999999999993
9   19.999999999999993
9   12.000000000000007
9   12.000000000000005
9   12.000000000000004
9   12.000000000000005
9   12.000000000000007
9   12.000000000000002
9   20.000000000000014
9   19.999999999999979
9   12.000000000000011
9   12
9   20.000000000000018
9   19.999999999999972
9   12.000000000000005
9   11.999999999999998
9   11.999999999999991
9   11.999999999999998
9   12.000000000000002
9   20
9   20
9   19.999999999999989
9   12.000000000000002
9   12.000000000000002
9   12
9   12.000000000000009
9   11.999999999999996
9   12.000000000000007
9   12.000000000000002
9   11.999999999999998
9   12.000000000000004
9   12.000000000000011
9   12.000000000000005
9   11.999999999999996
9   11.999999999999986
9   12.000000000000009
9   12.000000000000009
9   12.000000000000002
9   12.000000000000004
9   12.000000000000016
9   11.999999999999998
9   12
9   12.000000000000012
9   12.000000000000007
9   12.000000000000002
9   12.000000000000007
9   12
9   11.999999999999996
9   12.000000000000005
9   12.000000000000007
9   12.000000000000002
9   12
9   11.999999999999993
9   12.000000000000005
9   12.000000000000005
9   12.000000000000011
9   11.999999999999993
9   12.000000000000014
9   12.000000000000002
9   11.999999999999996
9   12.000000000000002
9   12.000000000000002
9   12.000000000000004
9   11.999999999999988
9   12.000000000000016
9   11.999999999999993
9   12
9   12.000000000000012
9   11.999999999999998
9   12.000000000000011
9   12.000000000000004
9   12.000000000000005
9   12.000000000000004
9   11.999999999999998
9   12.000000000000011
9   11.999999999999996
9   12.000000000000009
9   12.000000000000004
9   12.000000000000021
9   12.000000000000014
9   12.000000000000007
9   12.000000000000018
9   12.000000000000018
9   11.999999999999996
9   12.00000000000003
9   12.000000000000005
9   12.000000000000007
9   12.000000000000043

4   42.000000000000753
4   30.000000000000856
4   30.000000000000806
4   20.000000000000746
4   20.00000000000049
4   20.000000000000362
4   12.000000000000272
4   12.000000000000249
4   6.000000000000119
4   6.000000000000016
4   30.000000000000586
4   30.000000000000433
4   12.000000000000133
4   12.000000000000151
4   6.0000000000000302
4   6.0000000000000151
4   20.00000000000006
4   20.000000000000082
4   12.000000000000025
4   12.000000000000016
4   6.0000000000000231
4   6.0000000000000204
4   6.0000000000000124
4   12.00000000000013
4   12.000000000000108
4   20.000000000000078
4   19.999999999999979
4   12.000000000000059
4   6.0000000000000124
4   20.000000000000117
4   20.000000000000053
4   12.000000000000098
4   12.000000000000014
4   30.000000000000085
4   30.000000000000199
4   29.999999999999964
4   20.000000000000142
4   19.999999999999922
4   6.0000000000000195
4   6.0000000000000036
4   30.000000000000032
4   30.000000000000011
4   19.999999999999893
4   12.000000000000073
4   12.000000000000092
4   30.000000000000092
4   30.00000000000016
4   12.000000000000009
4   11.999999999999998
4   6.0000000000000089
4   5.9999999999999982
4   6.0000000000000071
4   6.0000000000000053
4   6.0000000000000044
4   5.9999999999999991
4   20.000000000000018
4   19.999999999999957
4   20.00000000000006
4   19.999999999999957
4   5.9999999999999973
4   5.9999999999999876
4   12.000000000000014
4   11.999999999999975
4   12.000000000000018
4   12.000000000000004
4   19.999999999999897
4   6.0000000000000036
4   5.9999999999999991
4   19.999999999999925
4   19.999999999999908
4   12.000000000000021
4   20.000000000000057
4   20.000000000000007
4   12.000000000000007
4   11.999999999999977
4   20.000000000000025
4   19.999999999999929
4   5.9999999999999938
4   5.9999999999999911
4   19.999999999999964
4   12.000000000000005
4   12.000000000000041
4   11.999999999999989
4   12.000000000000041
4   12.000000000000039
4   6.0000000000000053
4   5.9999999999999893
4   5.9999999999999947
4   20.000000000000032
4   19.999999999999947
4   5.999999999999992
4   6.0000000000000018
4   20.00000000000006
4   12.000000000000021
4   12.000000000000004
4   12.000000000000005
4   11.999999999999964
4   19.999999999999986
4   19.999999999999961
4   12.000000000000012
4   11.999999999999964
4   5.999999999999992
4   6.0000000000000036
4   5.9999999999999911
4   6.0000000000000036
4   6.0000000000000089
4   6.0000000000000027
4   12.000000000000021
4   12.000000000000005
4   11.999999999999993
4   12
4   12.000000000000016
4   12.000000000000023
4   12.000000000000007
4   6.0000000000000009
4   5.9999999999999867
4   6
4   5.9999999999999956
4   6.0000000000000036
4   6.0000000000000018
4   6.0000000000000089
4   6
4   12.000000000000016
4   5.9999999999999991
4   12.000000000000034
4   20.000000000000032
4   19.999999999999964
4   6.0000000000000053
4   5.9999999999999938
4   6
4   6.0000000000000053
4   6.0000000000000044
4   6
4   20.000000000000011
4   20.000000000000018
4   12
4   12.000000000000011
4   12.000000000000007
4   12.00000000000002
4   11.999999999999975
4   11.99999999999998
4   20.000000000000021
4   20.000000000000028
4   12.000000000000021
4   12.000000000000009
4   6.0000000000000027
4   5.9999999999999982
4   6.0000000000000089
4   5.9999999999999938
4   6.0000000000000036
4   12.00000000000002
4   11.999999999999996
4   20.000000000000043
4   12.000000000000043
4   12.000000000000002
4   11.999999999999989
4   11.999999999999993
4   11.999999999999986
4   11.999999999999989
4   12.000000000000027
4   12.000000000000025
4   6.000000000000008
4   5.9999999999999973
4   6.0000000000000009
4   6.0000000000000036
4   5.9999999999999982
4   6.0000000000000027
4   6.0000000000000062
4   6.0000000000000009
4   6.0000000000000071
4   20.000000000000028
4   20.000000000000028
4   6.0000000000000036
4   6
4   6.0000000000000027
4   6
4   20.000000000000004
4   12.000000000000014
4   12.000000000000009
4   6.0000000000000036
4   6.0000000000000036
4   6.0000000000000053
4   12.000000000000034
4   12.000000000000016
4   6.0000000000000018
4   5.9999999999999973
4   19.999999999999968
4   6.0000000000000071
4   6
4   5.9999999999999982
4   12.000000000000012
4   12.000000000000005
4   12.000000000000007
4   6
4   5.9999999999999982
4   20.000000000000025
4   20.000000000000004
4   12.000000000000007
4   12.000000000000012
4   5.9999999999999982
4   6.0000000000000009
4   20.000000000000032
4   19.999999999999993
4   6.0000000000000071
4   5.9999999999999982
4   6
4   6
4   6.0000000000000018
4   12.000000000000028
4   12.00000000000002
4   6.0000000000000071
4   12.000000000000028
4   12.000000000000009
4   19.999999999999979
4   12.000000000000012
4   12.000000000000032
4   20.000000000000064
4   20.000000000000014
4   12.000000000000011
4   6.0000000000000027
4   6.0000000000000018
4   12.000000000000016
4   12.000000000000012
4   12.000000000000012
4   12.000000000000014
4   6.0000000000000053
4   12.000000000000032
4   20.000000000000036
4   20.000000000000092
4   6.0000000000000018
4   5.9999999999999929
4   11.999999999999989
4   11.999999999999972
4   6.000000000000008
4   6.0000000000000027
4   20.000000000000014
4   20.000000000000039
4   12.000000000000027
4   12.000000000000005
4   12.000000000000046
4   6.0000000000000115
4   6
4   11.999999999999989
4   12.000000000000009
4   6.0000000000000053
4   20.000000000000039
4   20.000000000000039
4   20.000000000000057
4   6.0000000000000036
4   12.000000000000018
4   11.999999999999995
4   6.0000000000000053
4   6
4   12.00000000000002
4   6.0000000000000053
4   6.0000000000000036
4   6.0000000000000018
4   5.9999999999999885
4   12.000000000000011
4   6
4   12.000000000000059
4   6.0000000000000009
4   5.9999999999999973
4   12.000000000000014
4   12.000000000000023
4   6.0000000000000036
4   6.0000000000000036
4   6.0000000000000036
4   6.0000000000000009
4   6.0000000000000062
4   6.0000000000000018
4   6.0000000000000018
4   5.9999999999999982
4   6.0000000000000044
4   11.999999999999993
4   12.000000000000034
4   6.0000000000000018
4   6.0000000000000053
4   5.9999999999999991
4   6.0000000000000036
4   12.000000000000004
4   11.999999999999996
4   11.999999999999996
4   5.9999999999999982
4   12
4   12.000000000000004
4   5.9999999999999973
4   6.0000000000000089
4   5.9999999999999991
4   6.0000000000000089
4   5.9999999999999956
4   6.0000000000000044
4   11.999999999999995
4   12.000000000000012
4   6.0000000000000107
4   6.0000000000000036
4   6.0000000000000044
4   6.0000000000000036
4   6.0000000000000018
4   12.000000000000002
4   12.000000000000005
4   11.999999999999991
4   12
4   12.000000000000012
4   12.000000000000034
4   6.0000000000000142
4   6
4   6
4   6.0000000000000053
4   6.0000000000000107
4   11.999999999999979
4   11.999999999999991
4   5.9999999999999964
4   6
4   12.000000000000011
4   12.000000000000046
4   12.000000000000011
4   12.000000000000039
4   5.9999999999999964
4   11.999999999999995
4   12.000000000000028
4   12.000000000000055
4   5.9999999999999947
4   5.9999999999999991
4   5.9999999999999982
4   5.9999999999999982
4   6
4   5.9999999999999947
4   12.000000000000014
4   6.0000000000000018
4   6.0000000000000053
4   5.9999999999999964
4   6
4   6
4   6.0000000000000018
4   6.0000000000000036
4   6.0000000000000053
4   5.9999999999999991
4   6.0000000000000071
4   6.0000000000000036
4   12.000000000000005
4   12.000000000000068
4   5.9999999999999867
4   5.9999999999999929
4   6
4   11.999999999999996
4   12.000000000000002
4   6.0000000000000053
4   6.0000000000000018
4   6.0000000000000036
4   6.0000000000000071
4   6
4   5.9999999999999991
4   12
4   12.000000000000014
4   12.000000000000021
4   12.000000000000016
4   12.000000000000018
4   11.999999999999979
4   12.000000000000009
4   5.9999999999999947
4   5.9999999999999991
4   6.0000000000000018
4   6.0000000000000018
4   6.0000000000000071
4   12.000000000000018
4   5.9999999999999902
4   6.0000000000000071
4   5.9999999999999973
4   6.0000000000000142
4   5.9999999999999947
4   6.0000000000000036
4   5.9999999999999973
4   6
4   6.0000000000000009
4   12.00000000000002
4   12.000000000000036
4   12.000000000000012
4   12.000000000000037
4   6.0000000000000009
4   6.0000000000000044
4   5.9999999999999964
4   6.0000000000000027
4   6
4   5.999999999999992
4   6.0000000000000062
4   5.9999999999999938
4   6.0000000000000044
4   5.9999999999999902
4   11.999999999999986
4   12.000000000000023
4   6.0000000000000018
4   6.0000000000000062
4   6
4   6.0000000000000062
4   6.0000000000000044
4   6.0000000000000089
4   11.999999999999979
4   5.9999999999999982
4   6.0000000000000098
4   5.9999999999999911
4   5.9999999999999991
4   5.9999999999999973
4   5.9999999999999991
4   5.999999999999992
4   6.0000000000000009
4   12.000000000000021
4   12.000000000000002
4   11.999999999999975
4   12.000000000000012
4   6.0000000000000053
4   6.0000000000000107
4   6.0000000000000142
4   6.0000000000000009
4   6.0000000000000071
4   11.999999999999975
4   12.000000000000018
4   5.9999999999999867
4   5.9999999999999938
4   6.0000000000000018
4   5.9999999999999929
4   6
4   6
4   6.0000000000000036
4   6
4   6.0000000000000044
4   11.999999999999972
4   11.999999999999993
4   5.9999999999999973
4   6.0000000000000107
4   11.999999999999972
4   12.000000000000055
4   5.9999999999999858
4   5.9999999999999947
4   5.9999999999999956
4   5.9999999999999938
4   6.0000000000000018
4   5.9999999999999964
4   11.99999999999995
4   11.999999999999988
4   11.99999999999995
4   11.999999999999957
4   12.000000000000002
4   5.9999999999999964
4   6.0000000000000036
4   6
4   6.000000000000016
4   5.999999999999984
4   6.0000000000000107
4   5.9999999999999964
4   5.9999999999999982
4   5.9999999999999956
4   6.0000000000000133
4   5.9999999999999982
4   6.0000000000000142
4   5.9999999999999911
4   6.0000000000000036
4   6.0000000000000053
4   5.9999999999999911
4   6.0000000000000062
4   6
4   6.0000000000000115
4   6.0000000000000053
4   6.0000000000000142
4   5.9999999999999991
4   6.0000000000000027
4   6.0000000000000151
4   6.0000000000000009
4   6.0000000000000178
4   6.0000000000000249
4   6.0000000000000142
4   6.0000000000000266
4   5.9999999999999964
4   6.000000000000016
4   6.0000000000000142
4   6.0000000000000302
4   6.0000000000000178
4   6.0000000000000071
4   6.0000000000000133
4   6.0000000000000284
4   6.0000000000000089
4   6.0000000000000231
4   6.0000000000000018
4   6.000000000000016
4   6
4   6.0000000000000258
4   6.0000000000000053
4   6.0000000000000098
4   6.0000000000000036
4   6.0000000000000053
4   6.0000000000000018
4   6.0000000000000302
4   6.0000000000000382
4   6.0000000000000897
4   6.0000000000000462

1   42.000000000001037
1   30.000000000000895
1   30.000000000000725
1   20.000000000001002
1   20.000000000000512
1   20.000000000001073
1   12.000000000000506
1   12.000000000000504
1   6.0000000000003526
1   6.0000000000002585
1   2.0000000000000777
1   2.0000000000000213
1   2.0000000000000786
1   30.000000000001553
1   30.000000000000288
1   12.000000000000441
1   12.000000000000169
1   6.0000000000002132
1   6.0000000000001563
1   20.000000000000483
1   20.000000000000252
1   12.0000000000003
1   12.000000000000227
1   6.0000000000001918
1   6.0000000000002158
1   6.0000000000000702
1   12.000000000000522
1   12.000000000000092
1   20.000000000000263
1   20.000000000000188
1   12.000000000000059
1   6.0000000000000968
1   20.000000000000323
1   20.000000000000373
1   2.0000000000000275
1   2.0000000000000178
1   12.000000000000275
1   12.000000000000311
1   30.000000000000966
1   30.000000000000181
1   29.999999999999705
1   20.000000000000274
1   20.000000000000316
1   6.0000000000000755
1   6.0000000000000009
1   30.000000000000636
1   30.000000000000149
1   20.000000000000025
1   12.000000000000055
1   2.0000000000000004
1   2.0000000000000009
1   12.000000000000103
1   2.0000000000000022
1   2
1   30.000000000000153
1   29.999999999999936
1   2.0000000000000027
1   1.9999999999999956
1   11.999999999999956
1   11.999999999999945
1   6.0000000000000107
1   5.9999999999999956
1   6.000000000000016
1   5.9999999999999671
1   6.0000000000000417
1   6.0000000000000293
1   20.000000000000039
1   19.999999999999922
1   20.000000000000089
1   19.999999999999979
1   6.0000000000000142
1   5.9999999999999902
1   12.000000000000115
1   11.999999999999986
1   12.000000000000076
1   11.999999999999941
1   20.000000000000007
1   6.0000000000000195
1   6.0000000000000098
1   20.000000000000004
1   19.99999999999994
1   1.9999999999999987
1   1.9999999999999951
1   12.000000000000007
1   20.00000000000016
1   19.999999999999858
1   12.000000000000023
1   12.000000000000032
1   20.000000000000007
1   20.000000000000032
1   6.0000000000000417
1   6.0000000000000062
1   1.9999999999999969
1   19.999999999999922
1   12.000000000000014
1   12.000000000000076
1   11.999999999999968
1   1.9999999999999989
1   1.9999999999999973
1   12.000000000000062
1   12.000000000000014
1   1.9999999999999942
1   6.000000000000032
1   5.9999999999999947
1   6.000000000000016
1   2.0000000000000071
1   2.0000000000000018
1   20.000000000000192
1   20.000000000000025
1   2.0000000000000093
1   2.0000000000000018
1   6.0000000000000009
1   6.0000000000000009
1   20.000000000000099
1   12.000000000000112
1   12.00000000000002
1   12.000000000000044
1   11.999999999999938
1   2.0000000000000022
1   2.0000000000000027
1   20.000000000000025
1   20.000000000000018
1   12.000000000000034
1   11.999999999999968
1   6.0000000000000107
1   5.9999999999999902
1   5.999999999999984
1   6.0000000000000151
1   6.000000000000008
1   6.0000000000000089
1   2.0000000000000027
1   2.0000000000000036
1   12.000000000000016
1   12.000000000000007
1   2.0000000000000036
1   1.9999999999999978
1   2.0000000000000018
1   2.0000000000000018
1   11.999999999999963
1   12.000000000000027
1   11.999999999999982
1   1.9999999999999989
1   12.000000000000025
1   11.999999999999957
1   6.0000000000000515
1   6.0000000000000027
1   2.0000000000000004
1   2.0000000000000013
1   6.0000000000000062
1   6.0000000000000142
1   6.0000000000000044
1   5.9999999999999947
1   6.0000000000000009
1   6
1   12.000000000000069
1   6.0000000000000204
1   2.0000000000000018
1   12.000000000000041
1   2.0000000000000018
1   1.9999999999999929
1   20.000000000000032
1   19.999999999999975
1   6.0000000000000169
1   6.0000000000000115
1   6.0000000000000329
1   6.0000000000000089
1   6.0000000000000151
1   5.999999999999992
1   20.000000000000142
1   20.000000000000053
1   12.00000000000006
1   12.000000000000021
1   11.999999999999947
1   12.000000000000052
1   12.000000000000009
1   12.00000000000005
1   20.000000000000018
1   19.999999999999936
1   12.000000000000028
1   11.999999999999964
1   6.0000000000000142
1   5.9999999999999938
1   6.0000000000000302
1   5.9999999999999929
1   1.9999999999999991
1   1.9999999999999996
1   1.9999999999999947
1   5.9999999999999849
1   2.0000000000000062
1   1.9999999999999984
1   12.000000000000062
1   11.999999999999931
1   20.000000000000107
1   12.000000000000027
1   12.00000000000005
1   12.000000000000082
1   11.999999999999982
1   11.999999999999972
1   11.999999999999964
1   12.000000000000011
1   11.999999999999998
1   6.0000000000000275
1   5.9999999999999885
1   6.000000000000016
1   1.9999999999999962
1   1.999999999999996
1   5.9999999999999947
1   5.9999999999999769
1   5.9999999999999893
1   5.9999999999999636
1   1.9999999999999991
1   1.9999999999999976
1   1.9999999999999973
1   6.0000000000000453
1   5.9999999999999698
1   20.000000000000004
1   19.999999999999954
1   6.0000000000000053
1   5.999999999999984
1   6.0000000000000044
1   6.0000000000000187
1   20.000000000000082
1   12.000000000000021
1   11.999999999999947
1   6.0000000000000107
1   5.9999999999999876
1   6.0000000000000036
1   1.9999999999999978
1   1.9999999999999956
1   2.0000000000000009
1   2.0000000000000009
1   11.999999999999991
1   12.000000000000004
1   6.000000000000016
1   5.9999999999999902
1   19.999999999999822
1   2.0000000000000053
1   1.9999999999999978
1   6.0000000000000142
1   6.0000000000000258
1   2.0000000000000062
1   2.0000000000000044
1   5.9999999999999947
1   12.000000000000018
1   12
1   12.000000000000028
1   6.0000000000000098
1   5.9999999999999973
1   19.999999999999982
1   19.999999999999918
1   1.9999999999999969
1   2.0000000000000013
1   11.999999999999973
1   11.999999999999993
1   6
1   5.9999999999999778
1   1.9999999999999984
1   1.9999999999999989
1   20.000000000000114
1   19.999999999999904
1   5.999999999999992
1   6.0000000000000133
1   5.9999999999999947
1   6.0000000000000053
1   6.0000000000000089
1   2.0000000000000009
1   2.0000000000000022
1   12.000000000000011
1   12.000000000000011
1   5.9999999999999991
1   12.000000000000012
1   11.999999999999973
1   19.999999999999975
1   12.00000000000005
1   12.000000000000021
1   20.000000000000043
1   19.999999999999964
1   2.0000000000000018
1   2.0000000000000018
1   12.000000000000005
1   6.0000000000000098
1   5.9999999999999973
1   12.000000000000023
1   11.99999999999995
1   12.000000000000004
1   11.999999999999998
1   5.9999999999999947
1   2.0000000000000018
1   1.9999999999999991
1   12.000000000000012
1   2.0000000000000053
1   1.9999999999999947
1   20.000000000000103
1   19.99999999999995
1   5.9999999999999867
1   5.9999999999999947
1   12.000000000000052
1   12.00000000000003
1   6.0000000000000018
1   5.9999999999999885
1   20.000000000000036
1   20.000000000000039
1   11.999999999999959
1   11.999999999999996
1   11.999999999999972
1   1.9999999999999982
1   1.9999999999999987
1   1.9999999999999967
1   1.9999999999999976
1   2.0000000000000036
1   6.0000000000000115
1   5.9999999999999698
1   12.00000000000005
1   11.999999999999973
1   5.9999999999999911
1   20.000000000000057
1   19.999999999999989
1   1.9999999999999989
1   1.9999999999999996
1   2
1   20
1   6.0000000000000133
1   11.999999999999989
1   12.000000000000009
1   2.0000000000000004
1   1.999999999999998
1   6.000000000000008
1   6.0000000000000133
1   1.9999999999999996
1   2
1   12.00000000000002
1   6.0000000000000133
1   6.0000000000000222
1   6
1   6.0000000000000115
1   12.000000000000014
1   2.0000000000000036
1   1.9999999999999978
1   2.0000000000000009
1   2
1   1.9999999999999987
1   2.0000000000000009
1   2.0000000000000009
1   2
1   5.9999999999999964
1   12.000000000000014
1   5.9999999999999867
1   5.9999999999999991
1   2.0000000000000009
1   2
1   1.9999999999999978
1   11.999999999999975
1   11.999999999999968
1   2.0000000000000013
1   1.9999999999999973
1   6.0000000000000098
1   6.0000000000000053
1   6.0000000000000302
1   6.0000000000000115
1   6.0000000000000249
1   2
1   1.9999999999999987
1   2.0000000000000009
1   2
1   6.0000000000000009
1   6.0000000000000027
1   6.0000000000000009
1   5.9999999999999991
1   11.999999999999977
1   12.000000000000062
1   2
1   2.0000000000000004
1   2
1   5.9999999999999964
1   5.9999999999999991
1   5.9999999999999849
1   5.9999999999999831
1   11.999999999999982
1   12.000000000000004
1   12.000000000000089
1   2.0000000000000013
1   6.0000000000000027
1   12
1   12.000000000000085
1   5.999999999999984
1   5.9999999999999991
1   6.0000000000000009
1   5.9999999999999973
1   2.0000000000000036
1   2.0000000000000036
1   5.9999999999999911
1   6.0000000000000187
1   11.999999999999988
1   12.00000000000002
1   5.9999999999999867
1   5.9999999999999911
1   6.0000000000000018
1   6.0000000000000107
1   6.0000000000000195
1   11.999999999999993
1   12.000000000000034
1   12.000000000000048
1   12.000000000000021
1   12.000000000000007
1   12.000000000000046
1   6.0000000000000213
1   2.0000000000000027
1   2.0000000000000036
1   1.9999999999999991
1   2.0000000000000036
1   5.9999999999999885
1   5.9999999999999858
1   6.0000000000000053
1   2.0000000000000036
1   6.0000000000000222
1   2.0000000000000018
1   1.9999999999999991
1   12.000000000000021
1   12.00000000000003
1   6.0000000000000107
1   6.0000000000000098
1   1.9999999999999982
1   2
1   1.9999999999999971
1   2.0000000000000027
1   11.999999999999972
1   12.000000000000009
1   2.0000000000000009
1   11.999999999999959
1   11.999999999999998
1   2.0000000000000004
1   2.0000000000000036
1   2.0000000000000027
1   6.0000000000000027
1   11.999999999999979
1   12.00000000000005
1   12.000000000000048
1   2.0000000000000018
1   2.0000000000000004
1   2.0000000000000036
1   5.9999999999999911
1   6.0000000000000142
1   6.0000000000000009
1   6.0000000000000107
1   5.9999999999999893
1   6.0000000000000124
1   2
1   2
1   12.00000000000002
1   1.9999999999999973
1   2.0000000000000031
1   2.0000000000000027
1   2.0000000000000027
1   5.999999999999984
1   6.0000000000000018
1   5.9999999999999822
1   6.0000000000000027
1   5.9999999999999893
1   5.9999999999999902
1   5.9999999999999929
1   6.0000000000000062
1   6.0000000000000187
1   6.0000000000000009
1   2.0000000000000013
1   6.0000000000000204
1   12.000000000000004
1   11.999999999999986
1   2.0000000000000022
1   6.0000000000000089
1   5.9999999999999911
1   2.0000000000000009
1   2.0000000000000027
1   1.9999999999999993
1   1.9999999999999996
1   1.9999999999999982
1   2.0000000000000009
1   2.0000000000000018
1   2.0000000000000044
1   6.0000000000000036
1   12.000000000000012
1   11.999999999999995
1   6.0000000000000062
1   5.9999999999999956
1   5.9999999999999947
1   6.0000000000000071
1   5.9999999999999911
1   6.0000000000000311
1   12.000000000000004
1   12.000000000000011
1   2.0000000000000013
1   11.999999999999989
1   12.000000000000014
1   12.000000000000032
1   2.0000000000000018
1   2.0000000000000009
1   11.999999999999966
1   11.999999999999998
1   6.0000000000000124
1   2.0000000000000009
1   1.9999999999999991
1   6.0000000000000071
1   6.000000000000016
1   1.9999999999999991
1   1.9999999999999989
1   5.9999999999999805
1   5.9999999999999956
1   1.9999999999999978
1   11.999999999999996
1   1.9999999999999982
1   6
1   6.0000000000000036
1   5.9999999999999973
1   6.0000000000000204
1   2.0000000000000009
1   2.0000000000000044
1   2.0000000000000009
1   2.0000000000000009
1   2
1   2.0000000000000027
1   5.9999999999999876
1   6.0000000000000417
1   6.0000000000000107
1   1.9999999999999973
1   2.0000000000000027
1   5.999999999999992
1   6.0000000000000124
1   1.9999999999999996
1   2.0000000000000027
1   11.999999999999998
1   12.000000000000039
1   12.000000000000005
1   12.000000000000041
1   1.9999999999999978
1   2
1   6.0000000000000018
1   6.0000000000000133
1   2.0000000000000018
1   2.0000000000000013
1   6.0000000000000053
1   6.0000000000000169
1   6.0000000000000302
1   5.9999999999999991
1   6.0000000000000115
1   2
1   2.0000000000000027
1   6
1   6.000000000000008
1   5.999999999999976
1   2.0000000000000004
1   12.000000000000004
1   11.99999999999998
1   6
1   6
1   6.0000000000000009
1   6.0000000000000089
1   1.9999999999999991
1   1.9999999999999993
1   6.0000000000000062
1   6.000000000000016
1   11.999999999999966
1   2.0000000000000053
1   2.0000000000000009
1   6.0000000000000027
1   6.0000000000000036
1   2.0000000000000027
1   2.0000000000000018
1   2.0000000000000027
1   2.0000000000000062
1   6.0000000000000133
1   6.000000000000016
1   2
1   2.0000000000000009
1   5.9999999999999964
1   6.0000000000000062
1   5.9999999999999973
1   6.0000000000000488
1   11.999999999999963
1   12.000000000000012
1   11.999999999999991
1   12.000000000000036
1   5.9999999999999982
1   1.9999999999999984
1   2.0000000000000053
1   2.0000000000000067
1   5.9999999999999831
1   6.0000000000000124
1   6
1   5.9999999999999902
1   11.999999999999932
1   11.999999999999989
1   1.9999999999999991
1   1.9999999999999996
1   2.0000000000000053
1   2.0000000000000004
1   1.9999999999999978
1   1.9999999999999989
1   2.0000000000000049
1   2.0000000000000049
1   1.9999999999999973
1   2.0000000000000058
1   5.9999999999999947
1   5.9999999999999893
1   6.0000000000000133
1   5.9999999999999805
1   6.0000000000000089
1   5.9999999999999885
1   6.0000000000000018
1   5.999999999999992
1   6.0000000000000178
1   1.9999999999999976
1   1.9999999999999987
1   2.0000000000000027
1   2.0000000000000018
1   12.000000000000018
1   12
1   2
1   2
1   2.0000000000000004
1   1.9999999999999996
1   1.9999999999999958
1   5.9999999999999849
1   5.9999999999999885
1   11.999999999999966
1   12.000000000000071
1   5.9999999999999716
1   1.9999999999999996
1   2.0000000000000022
1   5.9999999999999787
1   6.0000000000000151
1   5.9999999999999849
1   6.0000000000000231
1   6
1   11.999999999999993
1   12.000000000000069
1   1.9999999999999996
1   2.0000000000000027
1   1.9999999999999978
1   1.9999999999999978
1   11.999999999999954
1   12.000000000000037
1   2.0000000000000036
1   1.9999999999999956
1   2.0000000000000053
1   12.000000000000048
1   5.9999999999999831
1   6.0000000000000169
1   2.0000000000000018
1   2.0000000000000013
1   5.9999999999999991
1   6.0000000000000213
1   1.9999999999999996
1   2.0000000000000009
1   6
1   6.0000000000000302
1   2.0000000000000018
1   5.9999999999999876
1   5.9999999999999938
1   2.0000000000000004
1   2.0000000000000027
1   1.9999999999999969
1   1.9999999999999991
1   6.0000000000000009
1   6.0000000000000089
1   2.0000000000000018
1   2.0000000000000098
1   5.9999999999999964
1   6.0000000000000258
1   5.9999999999999902
1   2.0000000000000027
1   2.0000000000000044
1   1.9999999999999978
1   2.000000000000008
1   1.9999999999999947
1   2.0000000000000027
1   2.0000000000000053
1   5.9999999999999796
1   6.0000000000000195
1   6.0000000000000124
1   6.0000000000000444
1   2.0000000000000044
1   2.0000000000000044
1   6.0000000000000089
1   6.000000000000048
1   1.9999999999999973
1   2.0000000000000018
1   2.0000000000000062
1   6.0000000000000311
1   2.0000000000000044
1   5.9999999999999956
1   5.9999999999999991
1   6.0000000000000258
1   2.0000000000000027
1   1.9999999999999925
1   2.0000000000000009
1   2.0000000000000027
1   2.0000000000000009
1   5.9999999999999885
1   2.0000000000000093
1   2.0000000000000018
1   2.0000000000000062
1   6.0000000000000009
1   6.0000000000000151
1   2.0000000000000027
1   2.0000000000000084
1   6.0000000000000329
1   2.0000000000000009
1   2.0000000000000053
1   6.0000000000000018
1   6.0000000000000204
1   1.9999999999999984
1   5.9999999999999707
1   6.0000000000000568
1   5.9999999999999778
1   6.0000000000000302
1   2.0000000000000098
1   1.9999999999999996
1   2.0000000000000009
1   1.9999999999999951
1   2.0000000000000053
1   5.9999999999999858
1   6.0000000000000231
1   1.9999999999999991
1   2.0000000000000004
1   5.9999999999999991
1   2.0000000000000044
1   2.0000000000000062
1   2.0000000000000044
1   2.0000000000000036
1   5.999999999999984
1   2.0000000000000018
1   1.9999999999999987
1   2.0000000000000027
1   1.9999999999999991
1   1.9999999999999987
1   6.0000000000000275
1   6.00000000000004
1   1.999999999999998
1   2.0000000000000124
1   2.0000000000000036
1   1.9999999999999853
1   2.0000000000000071
1   2.0000000000000031
1   5.9999999999999565
1   6.0000000000000062
1   1.9999999999999951
1   1.9999999999999996
1   5.9999999999999964
1   6.0000000000000053
1   2.0000000000000013
1   1.9999999999999978
1   1.9999999999999987
1   2.0000000000000027
1   5.9999999999999813
1   6.0000000000000622
1   5.9999999999999574
1   6.0000000000000036
1   1.999999999999996
1   2.0000000000000018
1   5.9999999999999831
1   6.0000000000000169
1   1.9999999999999938
1   2.0000000000000027
1   2.0000000000000107
1   2.0000000000000018
1   1.999999999999988
1   2.0000000000000187
1   1.9999999999999973
1   2.0000000000000049
1   2.0000000000000098
1   2.0000000000000275
1   6.0000000000000417
1   6.000000000000135
1   2.0000000000000195
1   2.0000000000000266
1   6.0000000000000551
1   1.9999999999999973
1   2
1   2.0000000000000275
1   2.0000000000000049
1   2.0000000000000178
1   2.0000000000000133
1   2.0000000000000435
1   2.0000000000000169
1   2.0000000000000324
1   2.0000000000000147
1   2.000000000000032
1   2.0000000000000107
1   2.0000000000000302
1   2.0000000000000173
1   2.0000000000000284
1   2.0000000000000568
1   2.0000000000000542

0   42.000000000000178
0   30.00000000000092
0   30.000000000000806
0   20.000000000001119
0   20.000000000000764
0   20.000000000000878
0   12.000000000000874
0   12.000000000000675
0   6.0000000000006182
0   6.0000000000004237
0   1.7096239855644057e-23
0   2.0000000000001301
0   2.0000000000000804
0   2.0000000000001323
0   30.000000000001851
0   30.000000000000874
0   12.000000000000817
0   12.000000000000744
0   6.0000000000004006
0   6.0000000000002958
0   20.00000000000092
0   20.000000000000519
0   12.000000000000714
0   12.000000000000163
0   6.0000000000003029
0   6.0000000000002238
0   6.0000000000001066
0   12.000000000000501
0   12.000000000000387
0   20.000000000000895
0   20.00000000000049
0   12.000000000000433
0   6.0000000000002398
0   20.000000000000735
0   20.000000000000583
0   2.0000000000000795
0   2.0000000000000413
0   12.000000000000217
0   12.000000000000092
0   30.000000000000501
0   30.000000000000409
0   30.000000000000256
0   20.000000000000238
0   20.000000000000075
0   4.5883635154037142e-24
0   2.7358657632750982e-26
0   6.000000000000008
0   5.9999999999999849
0   30.000000000000593
0   30.000000000000156
0   20.00000000000022
0   12.00000000000014
0   2.0000000000000457
0   2.0000000000000324
0   12.000000000000195
0   2.0000000000000289
0   2.0000000000000071
0   30.000000000000668
0   30.000000000000039
0   2.0000000000000315
0   2
0   12.000000000000197
0   12.000000000000195
0   6.0000000000001261
0   6.0000000000000684
0   6.0000000000000595
0   6.00000000000004
0   6.0000000000000533
0   6.0000000000000551
0   20.000000000000242
0   19.999999999999982
0   20.000000000000242
0   20.000000000000142
0   6.0000000000000906
0   6.0000000000000204
0   12.000000000000092
0   12.000000000000018
0   12.000000000000028
0   12
0   20.000000000000323
0   6.0000000000000409
0   6.0000000000000018
0   8.3592164038486657e-26
0   1.8068030276696188e-26
0   20.000000000000046
0   19.999999999999883
0   2.0000000000000044
0   1.9999999999999956
0   11.999999999999964
0   20.000000000000018
0   20
0   12.000000000000082
0   12.000000000000005
0   20.000000000000131
0   19.999999999999925
0   6.0000000000000266
0   5.999999999999968
0   1.999999999999988
0   3.4668792867641502e-25
0   20.000000000000007
0   11.999999999999991
0   12.00000000000005
0   11.999999999999984
0   2.0000000000000031
0   1.9999999999999929
0   12.000000000000135
0   11.999999999999948
0   2.0000000000000018
0   6.0000000000000364
0   6.000000000000008
0   6.0000000000000409
0   2.0000000000000111
0   1.9999999999999916
0   20.000000000000025
0   20.000000000000085
0   2.0000000000000155
0   1.9999999999999993
0   3.7927525656139133e-25
0   7.8797385736019018e-26
0   6.000000000000008
0   5.9999999999999876
0   2.4533447928234522e-26
0   4.9249338221016534e-25
0   19.999999999999968
0   11.999999999999989
0   12.000000000000039
0   12.000000000000034
0   11.999999999999943
0   1.9999999999999987
0   2.0000000000000031
0   20.000000000000018
0   20.000000000000018
0   12.000000000000044
0   11.999999999999936
0   6.000000000000016
0   6.00000000000004
0   6.0000000000000346
0   6.000000000000032
0   6.0000000000000195
0   5.9999999999999671
0   2.000000000000012
0   2.000000000000012
0   12.000000000000018
0   12.000000000000009
0   4.2035064675279524e-23
0   2.0000000000000084
0   2.0000000000000009
0   2.0000000000000138
0   1.9999999999999898
0   11.999999999999906
0   12.000000000000021
0   11.999999999999954
0   2.0000000000000138
0   12.000000000000057
0   11.999999999999936
0   6.0000000000000098
0   5.9999999999999964
0   2.0000000000000022
0   1.9999999999999982
0   6.000000000000016
0   5.9999999999999947
0   6.0000000000000036
0   5.9999999999999654
0   5.8863068731426817e-25
0   6.0000000000000151
0   5.9999999999999805
0   12
0   5.9999999999999858
0   1.9999999999999927
0   12.000000000000028
0   2.0000000000000102
0   1.9999999999999969
0   19.999999999999954
0   19.999999999999737
0   6.000000000000008
0   6.0000000000000009
0   6.000000000000016
0   6.0000000000000009
0   5.9999999999999956
0   5.9999999999999636
0   20.000000000000043
0   20.000000000000007
0   12.000000000000005
0   12.000000000000052
0   12.000000000000016
0   12.000000000000011
0   11.999999999999881
0   12.000000000000016
0   5.3025102393550433e-26
0   3.7671044710740759e-26
0   20.000000000000071
0   19.999999999999929
0   12.000000000000014
0   11.999999999999993
0   6.0000000000000204
0   5.9999999999999805
0   6.0000000000000417
0   6.0000000000000009
0   2.0000000000000062
0   2.000000000000016
0   1.9999999999999796
0   6.0000000000000675
0   2.0000000000000226
0   2.0000000000000093
0   12.000000000000128
0   11.999999999999989
0   19.999999999999932
0   12.000000000000021
0   11.999999999999977
0   12.000000000000011
0   12.000000000000012
0   12.000000000000009
0   11.999999999999982
0   12.00000000000005
0   11.999999999999998
0   6.0000000000000089
0   5.9999999999999964
0   6.0000000000000062
0   2.000000000000012
0   1.9999999999999898
0   6.0000000000000213
0   5.9999999999999716
0   6.0000000000000435
0   5.9999999999999867
0   1.9999999999999949
0   1.9999999999999973
0   1.9999999999999931
0   7.6967610870262012e-27
0   4.7004175357149029e-26
0   6.0000000000000142
0   6
0   19.999999999999961
0   20
0   6.0000000000000293
0   6.0000000000000231
0   6.0000000000000462
0   5.9999999999999742
0   19.999999999999957
0   12.000000000000048
0   12.000000000000043
0   6.000000000000008
0   6.0000000000000027
0   5.9999999999999556
0   1.9999999999999996
0   1.9999999999999987
0   2.0000000000000022
0   1.9999999999999998
0   12.000000000000059
0   12.00000000000002
0   5.9999999999999876
0   5.9999999999999991
0   19.999999999999961
0   2.0000000000000129
0   1.99999999999999
0   8.9524913623509123e-27
0   3.4556807312621666e-26
0   8.6115257450475128e-27
0   5.5264931223671792e-27
0   6.0000000000000151
0   5.9999999999999982
0   1.9999999999999933
0   1.9999999999999964
0   5.9999999999999938
0   12.000000000000023
0   11.999999999999922
0   12.000000000000018
0   6.0000000000000187
0   6.0000000000000062
0   20.000000000000099
0   19.999999999999989
0   2.0000000000000022
0   1.9999999999999976
0   12.000000000000112
0   12.000000000000073
0   6.0000000000000506
0   6.0000000000000142
0   2.0000000000000009
0   1.9999999999999798
0   5.6031094366521508e-24
0   3.7638945494741846e-25
0   20.000000000000043
0   19.999999999999847
0   6.0000000000000222
0   5.9999999999999698
0   5.9999999999999796
0   5.9999999999999982
0   5.9999999999999734
0   2.0000000000000062
0   1.9999999999999944
0   11.999999999999966
0   11.999999999999973
0   6.0000000000000071
0   12.000000000000002
0   11.999999999999979
0   20.000000000000153
0   12.00000000000002
0   12.000000000000014
0   20.000000000000039
0   19.999999999999957
0   1.9999999999999978
0   2.0000000000000027
0   11.999999999999964
0   2.4826575404893273e-23
0   3.7308236719684772e-25
0   5.9999999999999991
0   5.9999999999999893
0   12.000000000000018
0   11.999999999999984
0   11.999999999999989
0   11.999999999999966
0   5.9999999999999929
0   2.000000000000008
0   2.0000000000000018
0   11.99999999999997
0   2.0000000000000053
0   1.9999999999999947
0   2.0604727967418428e-25
0   19.999999999999904
0   20.000000000000011
0   6.0000000000000302
0   5.9999999999999769
0   11.999999999999975
0   11.999999999999924
0   6.0000000000000373
0   5.9999999999999849
0   19.999999999999911
0   20.000000000000004
0   12.000000000000018
0   11.999999999999975
0   12.000000000000009
0   1.999999999999994
0   2.0000000000000027
0   2.000000000000004
0   2.000000000000012
0   2.000000000000004
0   5.9999999999999947
0   5.9999999999999893
0   6.3719925004588021e-26
0   12.000000000000032
0   11.999999999999979
0   5.9999999999999885
0   20.000000000000007
0   19.999999999999986
0   1.9999999999999971
0   1.9999999999999989
0   1.4087894477075666e-25
0   1.9999999999999962
0   20.000000000000078
0   5.9999999999999982
0   12.00000000000002
0   11.999999999999952
0   2.0000000000000049
0   1.9999999999999989
0   5.9999999999999778
0   6.0000000000000044
0   2.0000000000000031
0   1.9999999999999938
0   12.000000000000046
0   6.0000000000000266
0   6.0000000000000124
0   6.0000000000000284
0   6.0000000000000204
0   11.999999999999977
0   6.6542579025637431e-27
0   2.0000000000000049
0   1.9999999999999931
0   2.0000000000000067
0   2.0000000000000022
0   2
0   1.999999999999996
0   5.4053067155638092e-26
0   5.3751841889069154e-26
0   2.0000000000000053
0   2.0000000000000004
0   5.9999999999999973
0   11.999999999999979
0   6.0000000000000027
0   5.9999999999999778
0   2.0000000000000004
0   1.9999999999999942
0   2.000000000000004
0   11.999999999999995
0   12.000000000000014
0   2.000000000000004
0   2.0000000000000018
0   6.6194134244341882e-27
0   6.0000000000000036
0   5.9999999999999956
0   5.9999999999999858
0   4.0288273012220464e-27
0   2.1133904262584163e-26
0   3.1961544199466093e-27
0   2.0635333598363741e-27
0   6.0000000000000062
0   5.9999999999999982
0   1.999999999999992
0   2.0000000000000031
0   1.9999999999999936
0   2.0000000000000031
0   6.0000000000000027
0   6.0000000000000293
0   5.9999999999999929
0   6.0000000000000187
0   11.999999999999998
0   12.000000000000016
0   2.0000000000000009
0   1.9999999999999984
0   2.0000000000000053
0   6.0000000000000115
0   6.0000000000000044
0   6.0000000000000053
0   5.9999999999999973
0   12
0   11.999999999999996
0   12.000000000000016
0   1.9999999999999996
0   6.0000000000000338
0   11.999999999999957
0   11.999999999999989
0   6.0000000000000036
0   6.0000000000000107
0   6.0000000000000311
0   6.0000000000000027
0   1.9999999999999956
0   2.0000000000000075
0   6.0000000000000169
0   6.0000000000000382
0   1.9423744329344962e-25
0   4.5503100978058903e-26
0   12.000000000000046
0   12.00000000000006
0   5.9999999999999858
0   6.0000000000000187
0   5.9999999999999813
0   6
0   6.0000000000000151
0   12.000000000000012
0   12.00000000000003
0   12.000000000000032
0   12.000000000000036
0   11.999999999999963
0   11.999999999999995
0   5.1862409935716931e-27
0   5.0929520155289177e-24
0   6.0000000000000249
0   2.6065890135191584e-26
0   1.4398632269649125e-25
0   2.0000000000000009
0   2.0000000000000018
0   2.0000000000000022
0   2.0000000000000027
0   2.2012829294164287e-27
0   9.7380579757260279e-27
0   6.0000000000000382
0   6.0000000000000151
0   6.0000000000000169
0   1.9999999999999996
0   5.9999999999999813
0   1.9999999999999996
0   2.0000000000000067
0   11.999999999999998
0   12.00000000000003
0   5.9999999999999787
0   6.0000000000000133
0   1.5010736218736135e-24
0   1.0203054856336734e-26
0   1.9999999999999991
0   2.0000000000000009
0   1.3195611765235379e-27
0   7.0482295617808758e-27
0   2.0000000000000027
0   2
0   11.999999999999979
0   12.00000000000005
0   2
0   3.9580787535598485e-25
0   11.999999999999993
0   12.00000000000006
0   2.0000000000000053
0   2.0000000000000058
0   1.9999999999999969
0   6
0   12.000000000000005
0   12.000000000000044
0   12.000000000000025
0   2
0   2.0000000000000093
0   2.0000000000000049
0   5.9999999999999964
0   6.0000000000000124
0   7.4758600683491849e-26
0   6.0000000000000107
0   6.0000000000000018
0   6.0000000000000187
0   6.0000000000000595
0   2.0000000000000022
0   2.0000000000000053
0   11.999999999999977
0   1.999999999999996
0   2.0000000000000084
0   1.9999999999999984
0   2.0000000000000089
0   8.7692435357309317e-27
0   1.2512303347743654e-26
0   6.0000000000000089
0   6.0000000000000053
0   6.0000000000000009
0   6.0000000000000036
0   6.0000000000000036
0   6.0000000000000275
0   1.1048999866960344e-25
0   5.9999999999999964
0   6.0000000000000036
0   6.0000000000000115
0   6.0000000000000169
0   1.9999999999999991
0   6.0000000000000266
0   11.999999999999991
0   11.999999999999986
0   2.0000000000000058
0   6.0000000000000302
0   5.9999999999999929
0   1.9999999999999958
0   2.000000000000004
0   2.0000000000000013
0   2.0000000000000031
0   1.9999999999999964
0   2.0000000000000049
0   2.0000000000000009
0   2.0000000000000053
0   5.9999999999999902
0   12.000000000000009
0   12.000000000000037
0   6.0000000000000053
0   6.0000000000000107
0   5.0104386105799157e-26
0   3.2448086452109667e-25
0   5.9999999999999911
0   6
0   5.9999999999999885
0   6.0000000000000027
0   12.000000000000012
0   12.000000000000053
0   2.0000000000000018
0   11.999999999999993
0   12.000000000000027
0   11.999999999999988
0   1.9999999999999911
0   2.000000000000008
0   12.00000000000003
0   12.000000000000044
0   5.9999999999999938
0   1.9999999999999947
0   2.0000000000000067
0   5.9999999999999902
0   5.9999999999999973
0   2
0   2.0000000000000058
0   5.9999999999999964
0   5.9999999999999964
0   2.0000000000000062
0   12.000000000000018
0   5.7397803094130496e-27
0   8.3405589194919231e-26
0   2.0000000000000027
0   6
0   5.9999999999999938
0   6.0000000000000062
0   6.0000000000000107
0   1.9999999999999944
0   2.0000000000000053
0   1.9999999999999987
0   2.0000000000000036
0   2.0000000000000009
0   2.0000000000000053
0   6.0000000000000115
0   6.0000000000000426
0   6.0000000000000222
0   1.9999999999999845
0   2.0000000000000009
0   6.0000000000000115
0   6.0000000000000115
0   5.2049812464413784e-24
0   1.003017255803728e-25
0   2.0000000000000036
0   2.0000000000000129
0   12.00000000000002
0   12.000000000000002
0   11.999999999999998
0   12.000000000000039
0   2.0000000000000093
0   2.0000000000000111
0   4.0542865869325369e-26
0   3.4376455958903306e-27
0   5.9999999999999583
0   6.0000000000000187
0   1.9999999999999856
0   2.0000000000000062
0   1.254288872667115e-25
0   6.0000000000000018
0   6.000000000000024
0   6.0000000000000027
0   5.9999999999999991
0   6.0000000000000124
0   1.9999999999999978
0   2.0000000000000071
0   1.4847266320658259e-25
0   5.8770846878166096e-26
0   5.9999999999999742
0   5.9999999999999849
0   5.9999999999999893
0   1.9999999999999993
0   11.999999999999968
0   12.000000000000071
0   5.9999999999999929
0   6.0000000000000044
0   2.5884935957660544e-23
0   5.9999999999999902
0   5.9999999999999831
0   1.9999999999999922
0   2.0000000000000022
0   5.9999999999999876
0   6.0000000000000115
0   11.999999999999973
0   3.3610919005514855e-24
0   3.1332316758158454e-26
0   1.9999999999999949
0   2.0000000000000084
0   5.9999999999999902
0   5.9999999999999982
0   1.9999999999999973
0   1.9999999999999938
0   2.0000000000000053
0   2.000000000000004
0   5.9999999999999591
0   6.0000000000000036
0   1.9999999999999996
0   2.0000000000000071
0   5.9999999999999805
0   5.9999999999999991
0   6
0   5.9999999999999929
0   11.999999999999922
0   12.000000000000005
0   11.999999999999913
0   12.000000000000057
0   5.9999999999999787
0   1.9999999999999956
0   1.9999999999999973
0   2.0000000000000075
0   6.0000000000000036
0   6.0000000000000258
0   6.0000000000000036
0   6.0000000000000169
0   11.999999999999968
0   11.999999999999975
0   1.9999999999999962
0   2.0000000000000111
0   1.1263925566821225e-25
0   2.0000000000000018
0   2.000000000000016
0   2.0000000000000027
0   2.0000000000000071
0   8.0746259527087658e-27
0   1.0487938555924696e-26
0   2.0000000000000062
0   2.0000000000000018
0   1.9999999999999991
0   1.999999999999994
0   2.1288936420887949e-25
0   9.9507022915936173e-25
0   5.9999999999999645
0   4.074520595285347e-25
0   2.076269919254889e-23
0   5.999999999999992
0   6.0000000000000329
0   5.999999999999976
0   6.0000000000000062
0   5.9999999999999858
0   6.0000000000000329
0   6.0000000000000187
0   5.9999999999999929
0   1.9999999999999882
0   2.0000000000000027
0   1.9253250746630981e-23
0   3.201561982848568e-26
0   1.9999999999999942
0   2.0000000000000049
0   11.999999999999913
0   11.999999999999995
0   1.9999999999999996
0   2.0000000000000053
0   2.0000000000000049
0   1.9999999999999953
0   1.999999999999992
0   5.9999999999999867
0   5.9999999999999929
0   12.000000000000021
0   12.000000000000083
0   5.9999999999999503
0   1.999999999999998
0   2.0000000000000044
0   5.9999999999999787
0   5.9999999999999938
0   5.9999999999999725
0   6.0000000000000275
0   5.9999999999999716
0   2.9559137798071288e-24
0   3.2937898951402556e-26
0   11.999999999999991
0   11.999999999999932
0   2.0000000000000022
0   2.0000000000000031
0   1.9999999999999964
0   1.9999999999999962
0   11.999999999999929
0   11.999999999999986
0   2.0000000000000018
0   1.9999999999999982
0   1.9999999999999984
0   11.999999999999947
0   5.9999999999999893
0   6.0000000000000089
0   1.9999999999999931
0   1.9999999999999944
0   5.9999999999999778
0   5.999999999999976
0   6.1085467925762815e-24
0   7.2288695815722239e-23
0   1.9999999999999953
0   2.0000000000000067
0   6.0000000000000169
0   6
0   2.0000000000000058
0   6.5018355639131776e-24
0   5.9999999999999982
0   5.9999999999999991
0   1.999999999999992
0   2.000000000000008
0   5.1981715639236147e-24
0   5.3558685015540607e-24
0   2.0095785122466953e-23
0   1.9999999999999991
0   2.0000000000000182
0   6.4388864481183208e-26
0   1.0483140149524487e-25
0   6.0000000000000027
0   6.0000000000000471
0   4.4216066953312858e-25
0   1.265036988785553e-21
0   2.0000000000000089
0   1.9999999999999998
0   5.9999999999999893
0   6.0000000000000293
0   6.0000000000000409
0   1.2412852985812808e-26
0   1.7548575717316447e-24
0   2.0000000000000009
0   2.0000000000000027
0   2.0000000000000093
0   2.0000000000000155
0   1.9999999999999996
0   2.0000000000000018
0   2.0000000000000115
0   6.0000000000000444
0   6.0000000000000346
0   2.8401219154859834e-26
0   6.0000000000000355
0   6.000000000000016
0   1.9999999999999869
0   2.0000000000000124
0   5.9999999999999751
0   6.0000000000000044
0   1.9999999999999873
0   1.9999999999999976
0   3.1012680444660656e-22
0   2.3606920894329215e-20
0   1.9999999999999991
0   1.9497230432095453e-24
0   5.9999999999999725
0   2.0000000000000093
0   6.0000000000000524
0   1.5104839107763798e-22
0   5.9999999999999885
0   6.0000000000000266
0   2.0000000000000115
0   1.0664071318125954e-26
0   1.7730130266106963e-23
0   1.9999999999999953
0   2.0000000000000098
0   1.999999999999998
0   2.0000000000000058
0   1.5661792234126287e-26
0   8.6401015563519901e-25
0   5.9999999999999538
0   1.9999999999999936
0   1.9999999999999858
0   2.0000000000000187
0   5.9999999999999458
0   5.9999999999999867
0   1.9999999999999891
0   2.0000000000000133
0   6.0000000000000373
0   1.9999999999999842
0   2.0000000000000102
0   6.0000000000000266
0   6.00000000000004
0   2.000000000000012
0   5.9999999999999787
0   6.0000000000000222
0   5.9999999999999645
0   6.0000000000000648
0   2.0000000000000044
0   1.1395013595896908e-25
0   2.8937657853820815e-25
0   1.9999999999999907
0   2.0000000000000098
0   5.242616894489744e-23
0   2.5873389570870032e-24
0   2.0000000000000044
0   2.000000000000004
0   6.0000000000000364
0   6.0000000000000195
0   2.0000000000000018
0   2.0000000000000027
0   5.9999999999999885
0   1.9999999999999982
0   2.0000000000000018
0   2.0000000000000062
0   2.0000000000000115
0   3.7411431111491567e-25
0   2.659752803994962e-26
0   5.9999999999999893
0   2.0000000000000013
0   2.0000000000000009
0   2.0000000000000369
0   1.9999999999999984
0   1.9999999999999911
0   5.9999999999999822
0   6.0000000000000622
0   6.1127593736304681e-26
0   2.0000000000000018
0   2.0000000000000071
0   1.9999999999999918
0   1.9999999999999927
0   2.0000000000000204
0   7.2296061193108388e-27
0   8.4090231880483431e-27
0   2
0   5.9999999999999849
0   5.9999999999999982
0   2.0000000000000049
0   2.0000000000000036
0   5.9999999999999627
0   6.0000000000000142
0   3.4322256618413658e-24
0   2.3371888730741838e-23
0   1.9999999999999984
0   2.0000000000000213
0   1.6717992253293131e-26
0   1.9999999999999927
0   1.9999999999999973
0   5.9999999999999778
0   6.0000000000000675
0   6.0000000000000142
0   6.0000000000000169
0   2.0000000000000102
0   2.0000000000000093
0   5.9999999999999947
0   5.9999999999999982
0   1.9999999999999971
0   2.0000000000000147
0   2.0000000000000013
0   2.0000000000000386
0   1.9606579088958951e-26
0   4.7853411742279964e-26
0   8.4665910309556847e-27
0   6.5293298576412902e-26
0   2.0000000000000009
0   2.000000000000024
0   2.0000000000000213
0   2.0000000000000195
0   2.0000000000000315
0   2.0000000000000302
0   3.1932629735190933e-26
0   1.3264557847891306e-26
0   1.6775666511850962e-23
0   7.4919439706985796e-27
0   6.000000000000056
0   6.0000000000001084
0   2.0000000000000151
0   2.0000000000000404
0   6.0000000000001066
0   2.0000000000000142
0   2.0000000000000311
0   2.0000000000000608
0   2.7571218063561788e-26
0   5.1257765152713364e-26
0   1.0731684608606664e-26
0   1.1682782973975521
0   0.20158169835935499
0   1.6234739374761171
0   1.0066660667670082
0   2.0000000000000195
0   2.0000000000000036
0   6.9748404672029516e-27
0   1.2759885762727527e-27
0   2.0000000000000484
0   2.0000000000000848
0   2.0000000000000737
0   2.0000000000000857
0   2.0985145908650775e-26
0   1.9178823659311033e-21
0   2.0000000000000391
0   2.00000000000006
0   2.0000000000000466
0   1.6999488884002492e-26
0   8.6728475513930504e-28
0   1.059910542052312e-26
0   2.0000000000000453
0   2.0000000000001261
0   2.0000000000000608
0   2.5166509297664806e-28
0   6.2387504492392799e-28

1   42.000000000001137
1   30.000000000000902
1   30.000000000000661
1   20.00000000000103
1   20.0000000000006
1   20.000000000001609
1   12.000000000000835
1   12.000000000000496
1   6.0000000000003482
1   6.0000000000001537
1   2.0000000000000711
1   2.0000000000000266
1   2.0000000000000826
1   30.000000000001297
1   30.000000000000874
1   12.000000000000467
1   12.000000000000448
1   6.0000000000001581
1   6.0000000000001394
1   20.000000000000167
1   20.000000000000199
1   12.000000000000281
1   12.000000000000295
1   6.0000000000001972
1   6.0000000000002203
1   6.0000000000000471
1   12.000000000000471
1   12.000000000000085
1   20.000000000000519
1   20.000000000000242
1   12.000000000000071
1   6.0000000000000631
1   20.00000000000049
1   20.000000000000398
1   2.0000000000000213
1   2.0000000000000266
1   12.000000000000323
1   12.000000000000036
1   30.000000000000469
1   30.000000000000359
1   30.000000000000082
1   20.000000000000362
1   20.000000000000139
1   6.0000000000000995
1   6.0000000000000613
1   30.00000000000048
1   30.000000000000025
1   19.999999999999929
1   12.000000000000011
1   2.0000000000000107
1   2.0000000000000036
1   11.999999999999996
1   2.0000000000000022
1   1.9999999999999993
1   30.000000000000281
1   29.999999999999723
1   2.000000000000012
1   2.0000000000000098
1   12.000000000000119
1   12.000000000000057
1   6.0000000000000515
1   6.0000000000000124
1   6.0000000000000258
1   5.9999999999999929
1   6.0000000000000009
1   6
1   20.000000000000053
1   20.000000000000028
1   20.000000000000174
1   20.000000000000171
1   6.0000000000000195
1   5.999999999999992
1   12.00000000000005
1   11.99999999999995
1   12.000000000000089
1   11.999999999999988
1   20.000000000000071
1   6.0000000000000639
1   6.0000000000000009
1   20.000000000000156
1   20.000000000000068
1   2.0000000000000022
1   1.9999999999999971
1   12.000000000000048
1   19.99999999999994
1   19.999999999999996
1   11.999999999999957
1   11.999999999999961
1   20.000000000000092
1   20
1   5.9999999999999938
1   5.999999999999984
1   2.0000000000000009
1   20.000000000000046
1   11.999999999999977
1   11.999999999999977
1   11.999999999999989
1   1.9999999999999956
1   1.9999999999999967
1   11.999999999999982
1   11.99999999999989
1   2.0000000000000027
1   6.0000000000000231
1   6.0000000000000053
1   5.9999999999999982
1   2.0000000000000107
1   1.9999999999999996
1   20.000000000000163
1   19.999999999999865
1   2.0000000000000022
1   2.0000000000000036
1   6.0000000000000195
1   5.9999999999999973
1   20.000000000000032
1   11.999999999999966
1   11.999999999999904
1   12.00000000000006
1   12.000000000000039
1   2.0000000000000044
1   1.9999999999999918
1   19.999999999999986
1   19.999999999999812
1   11.999999999999989
1   11.99999999999998
1   5.9999999999999778
1   5.9999999999999902
1   5.9999999999999263
1   5.9999999999999751
1   6.0000000000000107
1   5.9999999999999938
1   2.0000000000000031
1   1.9999999999999942
1   12.00000000000002
1   11.99999999999997
1   2.0000000000000036
1   1.9999999999999913
1   1.9999999999999982
1   2
1   11.999999999999995
1   12.000000000000032
1   12.000000000000023
1   2.0000000000000004
1   11.999999999999996
1   11.999999999999993
1   6.0000000000000142
1   5.999999999999992
1   1.9999999999999982
1   1.9999999999999969
1   5.999999999999968
1   5.9999999999999671
1   6.0000000000000444
1   6.0000000000000151
1   5.9999999999999867
1   5.9999999999999742
1   12.000000000000025
1   6.0000000000000115
1   1.9999999999999989
1   11.999999999999996
1   1.9999999999999996
1   1.9999999999999933
1   19.999999999999883
1   19.999999999999897
1   6.0000000000000044
1   6.0000000000000124
1   6.0000000000000036
1   5.9999999999999991
1   5.999999999999976
1   6.0000000000000098
1   20.000000000000021
1   19.999999999999932
1   11.999999999999945
1   12.000000000000062
1   12.000000000000014
1   11.999999999999993
1   11.999999999999972
1   11.999999999999984
1   20.000000000000021
1   19.999999999999886
1   12.000000000000075
1   11.999999999999993
1   6.000000000000032
1   6.0000000000000124
1   6.0000000000000213
1   6.0000000000000302
1   1.9999999999999973
1   1.9999999999999976
1   1.9999999999999973
1   5.9999999999999858
1   2.0000000000000013
1   1.9999999999999969
1   11.999999999999947
1   11.999999999999977
1   19.999999999999883
1   11.999999999999986
1   12.000000000000002
1   11.999999999999975
1   11.999999999999948
1   11.999999999999995
1   12.000000000000002
1   11.999999999999984
1   12.000000000000028
1   6.0000000000000036
1   5.9999999999999787
1   5.9999999999999867
1   2.0000000000000036
1   2.0000000000000018
1   6.0000000000000222
1   5.999999999999992
1   6.0000000000000115
1   5.9999999999999876
1   1.9999999999999987
1   1.9999999999999969
1   1.9999999999999969
1   5.9999999999999796
1   5.9999999999999876
1   20.000000000000075
1   19.999999999999996
1   5.9999999999999956
1   5.9999999999999787
1   6.0000000000000107
1   5.9999999999999734
1   19.999999999999901
1   12.000000000000062
1   11.999999999999991
1   5.9999999999999956
1   5.9999999999999938
1   6.0000000000000027
1   2.0000000000000044
1   1.9999999999999987
1   1.9999999999999969
1   1.9999999999999989
1   12.000000000000037
1   11.999999999999986
1   6.0000000000000089
1   6.000000000000032
1   20.000000000000053
1   2.0000000000000009
1   1.9999999999999996
1   5.9999999999999911
1   6.0000000000000044
1   1.9999999999999996
1   2.0000000000000036
1   6.0000000000000044
1   12.00000000000005
1   12.000000000000011
1   12.00000000000002
1   5.9999999999999867
1   5.9999999999999822
1   19.999999999999975
1   19.99999999999995
1   1.9999999999999993
1   2.0000000000000009
1   12.000000000000012
1   12.000000000000041
1   5.999999999999992
1   6.0000000000000115
1   2.0000000000000009
1   2.0000000000000013
1   19.999999999999975
1   20.000000000000039
1   6.000000000000024
1   5.9999999999999876
1   6.0000000000000115
1   6.0000000000000036
1   6.000000000000008
1   1.9999999999999996
1   2
1   12.000000000000004
1   11.999999999999998
1   6.0000000000000053
1   12.000000000000023
1   11.999999999999995
1   20.000000000000085
1   12.000000000000009
1   12.000000000000012
1   20.000000000000053
1   20.000000000000007
1   2.0000000000000027
1   1.9999999999999956
1   11.999999999999996
1   5.9999999999999805
1   6.000000000000008
1   12.000000000000009
1   11.99999999999997
1   11.999999999999968
1   11.999999999999989
1   6.0000000000000071
1   1.9999999999999973
1   2.0000000000000027
1   11.999999999999968
1   2.0000000000000036
1   2.0000000000000027
1   20
1   20.00000000000006
1   6.0000000000000178
1   6.0000000000000036
1   11.999999999999952
1   11.999999999999982
1   6.0000000000000222
1   6.0000000000000231
1   20.000000000000082
1   19.999999999999996
1   12.000000000000025
1   12.00000000000002
1   12.000000000000009
1   2.0000000000000031
1   2.0000000000000018
1   2.0000000000000009
1   2.0000000000000036
1   2.0000000000000071
1   6.0000000000000151
1   6.0000000000000062
1   11.999999999999996
1   12.000000000000025
1   6.0000000000000071
1   20.00000000000006
1   20.000000000000064
1   1.9999999999999984
1   2.0000000000000022
1   1.9999999999999998
1   20.000000000000025
1   5.9999999999999947
1   12.000000000000011
1   12.000000000000059
1   2.0000000000000009
1   2.0000000000000018
1   6.000000000000008
1   6
1   1.9999999999999967
1   2.0000000000000036
1   12.000000000000071
1   5.9999999999999911
1   6.0000000000000036
1   6.0000000000000115
1   6.0000000000000142
1   12.000000000000046
1   2.0000000000000027
1   2.0000000000000044
1   2.0000000000000009
1   1.9999999999999996
1   2
1   2.0000000000000049
1   2.0000000000000031
1   2.0000000000000018
1   6.0000000000000053
1   11.999999999999988
1   6.0000000000000142
1   6.000000000000024
1   1.9999999999999973
1   2.0000000000000009
1   2.0000000000000009
1   11.999999999999982
1   12.000000000000011
1   2.0000000000000004
1   1.9999999999999996
1   6
1   6.0000000000000009
1   6.0000000000000098
1   6.0000000000000107
1   6.0000000000000231
1   1.9999999999999982
1   1.9999999999999964
1   1.9999999999999996
1   2.0000000000000009
1   5.9999999999999973
1   6.0000000000000027
1   5.9999999999999973
1   6.0000000000000124
1   11.999999999999993
1   12.000000000000036
1   1.9999999999999993
1   2.0000000000000013
1   2.0000000000000062
1   6.0000000000000187
1   6.0000000000000124
1   5.9999999999999902
1   6.0000000000000053
1   11.999999999999991
1   12.000000000000014
1   12.000000000000082
1   2.0000000000000022
1   6
1   12.000000000000009
1   12.000000000000021
1   6.0000000000000089
1   6.0000000000000151
1   5.9999999999999973
1   5.9999999999999982
1   2.0000000000000031
1   2.0000000000000018
1   6.0000000000000142
1   6.0000000000000098
1   12.000000000000018
1   12.000000000000009
1   6.0000000000000098
1   5.9999999999999982
1   5.9999999999999956
1   5.9999999999999991
1   5.9999999999999902
1   11.999999999999966
1   12.000000000000005
1   11.999999999999982
1   12.000000000000005
1   12.000000000000023
1   12.000000000000027
1   6.000000000000008
1   2
1   1.9999999999999991
1   1.9999999999999982
1   2.0000000000000018
1   6.0000000000000098
1   6.0000000000000053
1   6.0000000000000098
1   1.9999999999999993
1   6.0000000000000266
1   1.9999999999999991
1   2.0000000000000022
1   11.999999999999989
1   12.000000000000023
1   5.9999999999999893
1   6.0000000000000089
1   2.0000000000000027
1   2.0000000000000004
1   1.9999999999999998
1   1.9999999999999987
1   11.999999999999995
1   11.999999999999988
1   2.0000000000000022
1   11.999999999999996
1   12.000000000000064
1   1.9999999999999996
1   2.0000000000000009
1   2
1   5.9999999999999947
1   12.000000000000011
1   11.999999999999993
1   12.000000000000041
1   2.0000000000000036
1   2.0000000000000027
1   2.0000000000000018
1   6.0000000000000062
1   6.0000000000000009
1   6.0000000000000169
1   6.0000000000000231
1   5.999999999999992
1   6.0000000000000107
1   1.9999999999999991
1   2.0000000000000004
1   12.000000000000002
1   2.0000000000000031
1   2.0000000000000036
1   2.0000000000000013
1   2.0000000000000036
1   5.9999999999999956
1   5.9999999999999956
1   6.0000000000000009
1   6.0000000000000115
1   6.0000000000000098
1   6.000000000000024
1   6.0000000000000124
1   6.0000000000000062
1   6.000000000000008
1   6.0000000000000115
1   2.0000000000000009
1   5.9999999999999947
1   12.000000000000011
1   12.000000000000032
1   2.0000000000000018
1   6.000000000000008
1   5.9999999999999991
1   2.0000000000000018
1   2.0000000000000018
1   2
1   2.0000000000000031
1   2.0000000000000013
1   2.0000000000000031
1   2.0000000000000009
1   2.0000000000000022
1   6.0000000000000098
1   11.999999999999948
1   11.999999999999989
1   5.9999999999999893
1   6.0000000000000142
1   5.9999999999999991
1   6.000000000000008
1   6.0000000000000036
1   6
1   11.999999999999988
1   12.000000000000002
1   2
1   11.999999999999993
1   12.000000000000041
1   11.999999999999996
1   1.9999999999999973
1   2
1   12.000000000000002
1   12.000000000000009
1   6.0000000000000062
1   2.0000000000000009
1   2.0000000000000018
1   5.9999999999999813
1   5.999999999999992
1   2
1   2.0000000000000009
1   5.9999999999999964
1   6.0000000000000107
1   1.9999999999999984
1   12.000000000000025
1   1.9999999999999982
1   5.9999999999999689
1   6.0000000000000009
1   6.0000000000000115
1   6.0000000000000124
1   2.0000000000000036
1   2.0000000000000027
1   2.0000000000000009
1   2.0000000000000018
1   1.9999999999999982
1   1.999999999999998
1   5.9999999999999822
1   5.9999999999999991
1   6.0000000000000213
1   2.0000000000000022
1   2.0000000000000071
1   6.0000000000000115
1   6.0000000000000151
1   1.9999999999999982
1   2.0000000000000049
1   11.999999999999959
1   12.000000000000011
1   11.999999999999995
1   12.000000000000011
1   1.9999999999999982
1   2
1   6
1   5.9999999999999982
1   1.999999999999998
1   1.9999999999999996
1   5.9999999999999973
1   6.0000000000000089
1   5.9999999999999849
1   6.0000000000000089
1   6.0000000000000249
1   1.9999999999999987
1   2.0000000000000036
1   6.0000000000000027
1   6.0000000000000098
1   6.0000000000000009
1   2.0000000000000027
1   11.999999999999964
1   11.999999999999996
1   5.9999999999999964
1   5.9999999999999876
1   5.9999999999999938
1   6.0000000000000062
1   1.999999999999998
1   1.9999999999999989
1   5.9999999999999911
1   5.9999999999999973
1   11.999999999999975
1   1.9999999999999982
1   2.0000000000000009
1   5.9999999999999805
1   6.0000000000000426
1   1.9999999999999991
1   2.0000000000000053
1   2.0000000000000022
1   1.9999999999999993
1   5.9999999999999796
1   6.0000000000000098
1   1.9999999999999998
1   2.0000000000000009
1   5.999999999999992
1   5.999999999999984
1   5.9999999999999707
1   6.0000000000000249
1   11.999999999999984
1   12.000000000000041
1   12.000000000000021
1   12.000000000000011
1   6.0000000000000115
1   2
1   1.9999999999999991
1   2.0000000000000027
1   5.9999999999999938
1   5.9999999999999956
1   6.0000000000000053
1   6.0000000000000222
1   11.999999999999945
1   12.000000000000002
1   2
1   2.0000000000000027
1   2
1   2.0000000000000036
1   2
1   1.9999999999999978
1   2.0000000000000062
1   1.9999999999999991
1   1.999999999999996
1   1.9999999999999991
1   5.9999999999999796
1   5.9999999999999956
1   6.0000000000000107
1   5.9999999999999867
1   5.9999999999999867
1   5.9999999999999973
1   6.0000000000000178
1   5.9999999999999734
1   5.9999999999999885
1   1.9999999999999951
1   2.0000000000000018
1   1.9999999999999982
1   2.0000000000000036
1   11.999999999999977
1   12.000000000000012
1   1.9999999999999982
1   2.0000000000000009
1   2.0000000000000022
1   1.9999999999999998
1   2.0000000000000044
1   6.0000000000000009
1   6.0000000000000249
1   11.999999999999984
1   12.000000000000027
1   6.0000000000000053
1   1.9999999999999971
1   2.0000000000000009
1   6.0000000000000036
1   6.0000000000000089
1   5.9999999999999867
1   6.0000000000000258
1   6.0000000000000169
1   11.999999999999979
1   11.999999999999998
1   2.0000000000000009
1   2.0000000000000022
1   1.9999999999999956
1   2.0000000000000044
1   11.999999999999934
1   11.99999999999997
1   1.999999999999998
1   2
1   2.000000000000008
1   11.99999999999995
1   5.9999999999999902
1   6.0000000000000195
1   1.9999999999999964
1   1.9999999999999964
1   5.9999999999999982
1   6.0000000000000124
1   1.9999999999999956
1   2.0000000000000004
1   5.9999999999999822
1   6.0000000000000222
1   2.0000000000000018
1   5.9999999999999671
1   6.0000000000000391
1   1.9999999999999971
1   2.0000000000000062
1   1.9999999999999984
1   1.9999999999999987
1   6.0000000000000107
1   6.0000000000000107
1   1.9999999999999925
1   2.0000000000000004
1   5.9999999999999689
1   5.9999999999999831
1   5.9999999999999911
1   1.9999999999999951
1   2.0000000000000027
1   1.9999999999999938
1   1.9999999999999996
1   1.9999999999999967
1   2.0000000000000009
1   2.0000000000000142
1   5.9999999999999716
1   5.9999999999999929
1   6.0000000000000435
1   6.0000000000000115
1   1.9999999999999925
1   1.9999999999999989
1   5.9999999999999485
1   6
1   1.999999999999996
1   1.9999999999999969
1   1.9999999999999929
1   6.000000000000008
1   1.9999999999999933
1   6.0000000000000098
1   6.000000000000008
1   5.9999999999999991
1   2.0000000000000098
1   1.9999999999999982
1   2.0000000000000018
1   1.9999999999999942
1   2.0000000000000062
1   6.000000000000008
1   1.9999999999999951
1   1.9999999999999996
1   2.0000000000000053
1   6.0000000000000053
1   6.0000000000000417
1   1.9999999999999942
1   2.0000000000000071
1   5.9999999999999973
1   2.0000000000000018
1   2.0000000000000036
1   5.9999999999999876
1   6.0000000000000071
1   1.9999999999999982
1   5.999999999999968
1   5.9999999999999893
1   5.9999999999999929
1   6.0000000000000071
1   1.9999999999999973
1   1.9999999999999949
1   1.9999999999999987
1   1.9999999999999942
1   2.0000000000000009
1   5.9999999999999929
1   6.0000000000000391
1   1.9999999999999953
1   2.0000000000000018
1   5.9999999999999654
1   2.0000000000000004
1   2.0000000000000009
1   1.9999999999999936
1   1.9999999999999947
1   6.0000000000000577
1   2.0000000000000009
1   1.9999999999999991
1   1.9999999999999964
1   2.0000000000000044
1   1.9999999999999929
1   6.0000000000000169
1   6.0000000000000702
1   1.999999999999996
1   2.0000000000000036
1   2.0000000000000178
1   1.9999999999999973
1   2.0000000000000031
1   1.9999999999999911
1   6.0000000000000107
1   6.0000000000000133
1   2.0000000000000013
1   2.0000000000000053
1   6.0000000000000258
1   6.0000000000000364
1   1.9999999999999973
1   2.0000000000000107
1   2.000000000000004
1   2.0000000000000107
1   6.0000000000000071
1   6
1   6.0000000000000009
1   6.0000000000000249
1   1.9999999999999973
1   2.0000000000000053
1   5.9999999999999956
1   6.0000000000000391
1   2.0000000000000053
1   2.0000000000000067
1   1.999999999999996
1   2.0000000000000004
1   2.0000000000000044
1   2.0000000000000173
1   1.9999999999999953
1   2.0000000000000027
1   2.0000000000000195
1   2.0000000000000213
1   6.000000000000048
1   6.0000000000001155
1   2.0000000000000067
1   2.0000000000000302
1   6.0000000000000373
1   2.0000000000000115
1   2.0000000000000053
1   2.0000000000000187
1   2.0000000000000102
1   2.0000000000000058
1   2.0000000000000071
1   2.0000000000000475
1   2.0000000000000124
1   2.000000000000024
1   2.0000000000000293
1   2.00000000000004
1   2.0000000000000187
1   2.0000000000000231
1   2.0000000000000275
1   2.0000000000000302
1   2.00000000000004
1   2.000000000000056

4   42.000000000000817
4   30.000000000001084
4   30.000000000000799
4   20.000000000000803
4   20.000000000000348
4   20.000000000000529
4   12.000000000000249
4   12.000000000000162
4   6.0000000000000853
4   6.0000000000000311
4   30.000000000000682
4   30.000000000000526
4   12.000000000000171
4   12.000000000000128
4   6.0000000000000178
4   6.0000000000000142
4   20.000000000000064
4   20.000000000000018
4   12.00000000000013
4   12
4   6.0000000000000426
4   6.0000000000000302
4   6.0000000000000266
4   12.00000000000014
4   12.000000000000025
4   20.00000000000021
4   20.000000000000032
4   12.000000000000032
4   6.0000000000000107
4   20.000000000000135
4   20.000000000000181
4   12.00000000000013
4   12.000000000000062
4   30.000000000000004
4   30.000000000000163
4   29.999999999999801
4   20.000000000000078
4   20.000000000000032
4   6.0000000000000124
4   6.0000000000000018
4   30.000000000000043
4   30.000000000000075
4   19.999999999999972
4   12.000000000000036
4   11.999999999999982
4   29.999999999999982
4   30.000000000000043
4   12.000000000000018
4   12.000000000000027
4   6.0000000000000027
4   5.9999999999999938
4   6.0000000000000018
4   6
4   6.0000000000000124
4   5.9999999999999893
4   20.000000000000043
4   19.999999999999993
4   19.999999999999986
4   19.999999999999968
4   5.9999999999999947
4   5.9999999999999956
4   12.000000000000018
4   12.000000000000002
4   11.999999999999998
4   11.999999999999947
4   20.000000000000075
4   6.0000000000000036
4   5.9999999999999982
4   20.000000000000068
4   19.999999999999943
4   12.000000000000034
4   20.000000000000092
4   19.999999999999979
4   12.000000000000043
4   12.000000000000066
4   20.000000000000078
4   19.999999999999989
4   6.0000000000000071
4   6.0000000000000053
4   19.999999999999929
4   12.000000000000048
4   12.000000000000025
4   12.000000000000011
4   12.000000000000046
4   11.999999999999991
4   6
4   6.0000000000000009
4   5.9999999999999947
4   19.99999999999995
4   19.999999999999932
4   6.0000000000000089
4   6.0000000000000071
4   19.999999999999993
4   12.000000000000082
4   11.999999999999975
4   12
4   12.000000000000032
4   20.000000000000085
4   20.000000000000071
4   12.000000000000028
4   11.999999999999996
4   6.0000000000000053
4   6.0000000000000124
4   6.0000000000000098
4   6.0000000000000053
4   6.0000000000000071
4   6
4   12.000000000000025
4   11.999999999999964
4   12.00000000000002
4   11.999999999999988
4   12.000000000000005
4   12.000000000000009
4   11.999999999999995
4   6.0000000000000018
4   6.0000000000000036
4   6.0000000000000044
4   5.9999999999999982
4   6.0000000000000053
4   6.0000000000000027
4   6.0000000000000098
4   6.0000000000000036
4   12.000000000000023
4   6.0000000000000036
4   12.00000000000003
4   20.000000000000036
4   19.999999999999993
4   6
4   5.9999999999999964
4   6.0000000000000053
4   5.9999999999999982
4   6.0000000000000107
4   6.0000000000000009
4   20.000000000000071
4   20.000000000000046
4   11.999999999999989
4   11.999999999999996
4   12.000000000000012
4   12.000000000000014
4   11.999999999999968
4   12.000000000000012
4   19.999999999999993
4   20.000000000000039
4   12.000000000000018
4   12.000000000000027
4   6.0000000000000053
4   5.9999999999999911
4   6.0000000000000071
4   5.9999999999999964
4   6
4   12.000000000000014
4   12
4   20.000000000000025
4   12.000000000000016
4   12.000000000000014
4   12.000000000000025
4   12.000000000000005
4   12
4   12.000000000000011
4   12.000000000000053
4   11.999999999999986
4   6.0000000000000124
4   6.0000000000000018
4   6.0000000000000062
4   6.0000000000000071
4   6.0000000000000071
4   6.0000000000000044
4   6
4   6.0000000000000018
4   5.9999999999999938
4   20.000000000000018
4   20.000000000000028
4   5.9999999999999964
4   5.9999999999999929
4   6.0000000000000036
4   5.9999999999999991
4   19.999999999999989
4   12.000000000000002
4   11.999999999999996
4   6.0000000000000018
4   6.0000000000000036
4   6.0000000000000089
4   11.999999999999993
4   12.000000000000004
4   6.0000000000000018
4   6
4   19.99999999999994
4   6.0000000000000009
4   5.9999999999999947
4   6.0000000000000009
4   12.000000000000028
4   12.000000000000005
4   12.000000000000011
4   6.0000000000000062
4   5.9999999999999982
4   20.000000000000032
4   19.999999999999943
4   12.000000000000028
4   11.999999999999982
4   6.0000000000000053
4   6.0000000000000036
4   20.000000000000007
4   19.999999999999986
4   6.0000000000000044
4   5.9999999999999947
4   5.999999999999992
4   5.9999999999999982
4   5.9999999999999982
4   12.000000000000034
4   12.000000000000016
4   6.0000000000000036
4   12.00000000000008
4   12
4   20.000000000000039
4   12.000000000000011
4   12.000000000000002
4   20.000000000000036
4   20.000000000000028
4   11.999999999999991
4   6
4   6.0000000000000036
4   12.000000000000021
4   12.000000000000025
4   12.000000000000018
4   12.000000000000005
4   6
4   12.00000000000005
4   19.999999999999979
4   19.999999999999972
4   6
4   5.9999999999999956
4   12.000000000000012
4   11.99999999999998
4   6
4   5.9999999999999982
4   20.000000000000032
4   19.999999999999964
4   12.000000000000011
4   11.999999999999996
4   12.000000000000004
4   6.0000000000000018
4   5.9999999999999947
4   12.000000000000005
4   12.000000000000012
4   5.9999999999999964
4   20.000000000000032
4   20.000000000000014
4   19.999999999999961
4   6
4   12.000000000000014
4   12.000000000000004
4   6
4   6.0000000000000053
4   12.000000000000005
4   6.0000000000000009
4   5.9999999999999982
4   6.0000000000000009
4   6.0000000000000036
4   11.999999999999989
4   6.0000000000000053
4   12.000000000000011
4   6.0000000000000044
4   6.0000000000000089
4   12.000000000000004
4   12.00000000000002
4   5.9999999999999991
4   6.0000000000000053
4   6
4   5.9999999999999947
4   6.0000000000000044
4   6.0000000000000009
4   6.0000000000000018
4   5.9999999999999964
4   6.0000000000000009
4   12.000000000000007
4   12.000000000000012
4   5.9999999999999982
4   6.0000000000000133
4   6.0000000000000009
4   6.0000000000000098
4   12.000000000000007
4   12.000000000000004
4   12.000000000000005
4   6.0000000000000018
4   12.000000000000011
4   12.000000000000025
4   5.9999999999999991
4   6.0000000000000071
4   6.0000000000000018
4   5.9999999999999991
4   6.0000000000000018
4   6
4   12.000000000000007
4   11.999999999999998
4   6.0000000000000142
4   6.0000000000000036
4   6.0000000000000036
4   6.0000000000000053
4   6.0000000000000044
4   12.000000000000005
4   12.00000000000002
4   12.000000000000014
4   12.000000000000021
4   12.000000000000004
4   12.000000000000021
4   6
4   6.0000000000000044
4   5.9999999999999982
4   6.0000000000000053
4   6.0000000000000009
4   11.999999999999998
4   11.999999999999995
4   6.0000000000000036
4   6.0000000000000124
4   11.999999999999977
4   12.000000000000016
4   12.000000000000016
4   12.000000000000011
4   6.0000000000000053
4   12.000000000000011
4   12.000000000000027
4   11.999999999999996
4   6.0000000000000053
4   6.0000000000000018
4   5.9999999999999964
4   6.0000000000000009
4   5.9999999999999982
4   6.0000000000000071
4   11.99999999999998
4   6.000000000000008
4   6.0000000000000089
4   5.9999999999999991
4   6.0000000000000071
4   5.9999999999999929
4   6
4   5.9999999999999956
4   6
4   5.9999999999999947
4   5.9999999999999982
4   6
4   11.999999999999995
4   12.000000000000005
4   6.0000000000000089
4   5.9999999999999938
4   6.0000000000000009
4   12.000000000000005
4   12.000000000000028
4   6
4   6
4   6.0000000000000044
4   6.0000000000000089
4   6.0000000000000071
4   6.0000000000000053
4   12.000000000000005
4   12.000000000000028
4   12.000000000000007
4   12.000000000000014
4   11.999999999999982
4   12.000000000000011
4   12.000000000000021
4   5.9999999999999982
4   5.9999999999999964
4   6.0000000000000044
4   5.9999999999999973
4   5.9999999999999973
4   12.000000000000032
4   6.0000000000000027
4   6
4   5.9999999999999982
4   6.0000000000000027
4   5.9999999999999964
4   6.0000000000000036
4   5.9999999999999982
4   6
4   6.0000000000000018
4   12
4   12.00000000000002
4   11.999999999999973
4   12.00000000000005
4   6
4   6.0000000000000098
4   6.0000000000000036
4   6.0000000000000071
4   6
4   6
4   6.0000000000000044
4   5.9999999999999991
4   6.0000000000000036
4   5.9999999999999964
4   11.999999999999984
4   12.000000000000012
4   5.9999999999999991
4   6.0000000000000018
4   5.9999999999999902
4   6.0000000000000018
4   5.9999999999999964
4   6.0000000000000027
4   12.000000000000023
4   6
4   5.9999999999999991
4   6.0000000000000009
4   5.9999999999999956
4   6.0000000000000018
4   6.0000000000000133
4   6.0000000000000053
4   6.0000000000000124
4   11.999999999999968
4   11.999999999999996
4   11.999999999999972
4   11.999999999999996
4   6.0000000000000018
4   5.9999999999999973
4   6.0000000000000036
4   6.0000000000000018
4   6.0000000000000053
4   11.999999999999996
4   12.000000000000032
4   6
4   5.9999999999999982
4   6.0000000000000053
4   6.0000000000000053
4   6.0000000000000053
4   6
4   6.0000000000000124
4   6.0000000000000009
4   6
4   12.000000000000016
4   12.000000000000014
4   5.9999999999999973
4   5.9999999999999982
4   11.999999999999986
4   12.000000000000012
4   5.9999999999999973
4   6
4   6.0000000000000018
4   6.0000000000000053
4   6.0000000000000107
4   5.999999999999992
4   12.000000000000043
4   12.000000000000025
4   12.000000000000046
4   12.000000000000016
4   11.999999999999993
4   6
4   5.9999999999999964
4   6
4   6.0000000000000053
4   5.9999999999999893
4   6.0000000000000018
4   5.9999999999999929
4   5.9999999999999964
4   6.0000000000000036
4   5.9999999999999947
4   6.0000000000000018
4   6.0000000000000053
4   6.0000000000000133
4   5.9999999999999911
4   6.0000000000000071
4   5.9999999999999885
4   6.0000000000000089
4   5.9999999999999964
4   5.9999999999999982
4   6.0000000000000053
4   5.9999999999999964
4   6.0000000000000071
4   6.0000000000000089
4   5.9999999999999982
4   6.0000000000000062
4   6.0000000000000231
4   6.000000000000016
4   6.0000000000000036
4   6.0000000000000098
4   6.0000000000000249
4   6.000000000000016
4   6.0000000000000249
4   6.0000000000000213
4   6.0000000000000018
4   6.0000000000000124
4   6.0000000000000053
4   6.0000000000000284
4   6.0000000000000249
4   6.0000000000000417
4   6.0000000000000107
4   6.0000000000000444
4   6.0000000000000355
4   6.0000000000000355
4   6.0000000000000089
4   6.0000000000000195
4   6.0000000000000266
4   6.0000000000000302
4   6.0000000000000036
4   6.0000000000000204
4   6.0000000000000391
4   6.0000000000000551
4   6.0000000000000622

9   42.000000000000121
9   30.000000000000522
9   30.000000000000473
9   20.000000000000377
9   20.00000000000016
9   20.000000000000274
9   12.000000000000082
9   12.000000000000018
9   30.000000000000171
9   30.000000000000078
9   11.999999999999998
9   12.000000000000007
9   19.999999999999986
9   19.999999999999968
9   12.000000000000007
9   12.000000000000005
9   12.000000000000011
9   12.000000000000005
9   20.000000000000025
9   19.999999999999979
9   12.000000000000012
9   20.000000000000092
9   20.000000000000021
9   12.000000000000011
9   12.000000000000009
9   29.999999999999993
9   29.999999999999964
9   29.999999999999918
9   20.000000000000064
9   20.000000000000007
9   30.000000000000171
9   30.000000000000025
9   20
9   12.000000000000004
9   11.999999999999995
9   29.999999999999982
9   29.999999999999979
9   12.000000000000002
9   11.999999999999993
9   20.000000000000011
9   20
9   20.000000000000021
9   20.000000000000021
9   12.000000000000004
9   11.999999999999991
9   12.000000000000007
9   12.000000000000004
9   19.999999999999986
9   20.000000000000036
9   20.000000000000011
9   12.000000000000007
9   19.999999999999986
9   20
9   12.000000000000002
9   12
9   20.000000000000021
9   19.999999999999996
9   19.999999999999993
9   11.999999999999998
9   12
9   12.000000000000004
9   12.000000000000005
9   11.999999999999995
9   19.999999999999943
9   19.999999999999972
9   19.999999999999943
9   12.000000000000007
9   11.999999999999996
9   12.000000000000009
9   12.000000000000009
9   19.999999999999982
9   19.999999999999982
9   12.000000000000007
9   11.999999999999996
9   11.999999999999993
9   11.999999999999996
9   12.000000000000005
9   12.000000000000007
9   12.000000000000004
9   12.000000000000014
9   12.000000000000002
9   12.000000000000007
9   12.000000000000004
9   20.000000000000018
9   19.999999999999975
9   20.000000000000004
9   20.000000000000007
9   11.999999999999996
9   12.000000000000012
9   12.000000000000005
9   12.000000000000004
9   11.999999999999996
9   11.999999999999996
9   19.999999999999986
9   19.999999999999979
9   12.000000000000007
9   11.999999999999995
9   12.000000000000005
9   11.999999999999993
9   20.000000000000018
9   12.000000000000007
9   12.000000000000004
9   12.000000000000012
9   11.999999999999998
9   12.000000000000004
9   12.000000000000002
9   12.000000000000002
9   11.999999999999996
9   19.999999999999986
9   20
9   20.000000000000014
9   12
9   12.000000000000004
9   12.000000000000004
9   12.000000000000004
9   20.000000000000007
9   12.000000000000002
9   11.999999999999996
9   12
9   19.999999999999996
9   20
9   12.000000000000004
9   12
9   20
9   20
9   12.000000000000005
9   11.999999999999998
9   12.000000000000004
9   11.999999999999998
9   20.000000000000007
9   12.000000000000012
9   12
9   20
9   19.999999999999989
9   12.000000000000005
9   12
9   11.999999999999996
9   12
9   11.999999999999996
9   12
9   20.000000000000057
9   20.000000000000007
9   12.000000000000005
9   12
9   20.000000000000021
9   20.000000000000025
9   12.000000000000004
9   12.000000000000004
9   12
9   12.000000000000014
9   12.000000000000002
9   20.000000000000039
9   20.000000000000014
9   20.000000000000036
9   11.999999999999998
9   11.999999999999993
9   12.000000000000009
9   12.000000000000011
9   12
9   11.999999999999986
9   12.000000000000005
9   12
9   11.999999999999996
9   12.000000000000004
9   12
9   12.000000000000002
9   12.000000000000002
9   12.000000000000018
9   12
9   12.000000000000007
9   12.000000000000004
9   12.000000000000011
9   12
9   12.000000000000011
9   11.999999999999991
9   12.000000000000005
9   12.000000000000002
9   12.000000000000007
9   11.999999999999996
9   11.999999999999998
9   12.000000000000007
9   12.000000000000002
9   11.999999999999993
9   12
9   12
9   12
9   12.000000000000007
9   12.000000000000014
9   11.999999999999995
9   12.000000000000011
9   11.999999999999998
9   12
9   11.999999999999993
9   12.000000000000007
9   12.000000000000007
9   11.999999999999989
9   12.000000000000007
9   11.999999999999995
9   11.999999999999996
9   12
9   11.999999999999989
9   12.000000000000014
9   11.999999999999989
9   12.000000000000012
9   12.000000000000007
9   12.000000000000004
9   12.000000000000012
9   12.000000000000004
9   12.00000000000002
9   12
9   12.000000000000002
9   11.999999999999998
9   12.000000000000012
9   12.000000000000009
9   12.000000000000007
9   12.000000000000021
9   12.000000000000021
9   12.000000000000025
9   12.00000000000003
9   12.000000000000028

16   42.000000000000199
16   30.00000000000022
16   29.999999999999979
16   20.000000000000057
16   20.000000000000014
16   20.000000000000046
16   30.000000000000068
16   30.000000000000011
16   19.999999999999986
16   19.999999999999989
16   20.000000000000014
16   20.000000000000007
16   20
16   20
16   30.000000000000018
16   30.000000000000004
16   29.999999999999993
16   20.000000000000004
16   19.999999999999996
16   30
16   29.999999999999986
16   20
16   29.999999999999996
16   29.999999999999972
16   19.999999999999996
16   20
16   20.000000000000004
16   19.999999999999996
16   19.999999999999996
16   20.000000000000007
16   19.999999999999996
16   20.000000000000007
16   19.999999999999996
16   20
16   19.999999999999996
16   20
16   20.000000000000004
16   20
16   20.000000000000004
16   20
16   19.999999999999986
16   20.000000000000004
16   20
16   20
16   20.000000000000007
16   20.000000000000004
16   20
16   20.000000000000007
16   20
16   20.000000000000007
16   19.999999999999996
16   20.000000000000011
16   20.000000000000007
16   20
16   19.999999999999996
16   19.999999999999996
16   20
16   20.000000000000004
16   20
16   19.999999999999993
16   20.000000000000004
16   20
16   20
16   20.000000000000004
16   19.999999999999993
16   20.000000000000004

25   41.999999999999993
25   30
25   30
25   30.000000000000007
25   30
25   30.000000000000004
25   29.999999999999996
25   30
25   30
25   29.999999999999996
25   30
25   29.999999999999993

36   42

