-6   6

-5   6.0000000000000009
-5   5
-5   5
-5   5.0000000000000009
-5   5
-5   5
-5   5
-5   5
-5   5
-5   5
-5   5.0000000000000009
-5   5

-4   5.5079360263452566
-4   4.8999042942726776
-4   4.8999042942726669
-4   4.2823290518284338
-4   4.2823290518284294
-4   4.1081810956060396
-4   4.1081810956060352
-4   4.6316179845925465
-4   4.0434091850481533
-4   4.0434091850481524
-4   4.010931922103862
-4   4.010931922103862
-4   4.0000000000000018
-4   4.6661853462394225
-4   4.6661853462394207
-4   4.1177158646427614
-4   4.1177158646427605
-4   4.8440395470169095
-4   4.7116316383203287
-4   4.7116316383203278
-4   4.5808742273908445
-4   4.5808742273908436
-4   4.4841916672986741
-4   4.484191667298675
-4   4.1028112091635176
-4   4.1028112091635176
-4   4.0042940541886205
-4   4.3653529085660594
-4   4.3653529085660585
-4   4.312160105364593
-4   4.3121601053645922
-4   4.4560217631006234
-4   4.4560217631006234
-4   4.1818689824370558
-4   4.0614795301673343
-4   4.0614795301673325
-4   4.0002944126872757
-4   4.0002944126872748
-4   4.0000000000000009
-4   4.0020853836504342
-4   4.0020853836504351
-4   4.000137262468213
-4   4.000137262468213
-4   4.0029281415483835
-4   4.0029281415483826
-4   4.0030926827961855
-4   4.0155894035670423
-4   4.0155894035670432
-4   4.0071866146479342
-4   4.0071866146479325
-4   4.002370947757762
-4   4.0000000000000009
-4   4.0016262042044186
-4   4.0016262042044177
-4   4.0002910974328154
-4   4.0002910974328145
-4   4.000151475527697
-4   4.0001514755276961
-4   4.0001162195676363
-4   4.0000146042484888
-4   4.000014604248487
-4   4.0000495022697242
-4   4.0000495022697233
-4   4.0006079054702166
-4   4.0006079054702175
-4   4.0004051970330332

-3   4.6477431482900435
-3   4.3727684612488975
-3   4.372768461248886
-3   3.9035634460324893
-3   3.9035634460324848
-3   3.4890584293085167
-3   3.4890584293085078
-3   3.2411978871496596
-3   3.2411978871496552
-3   3.1188116005542366
-3   3.1188116005542339
-3   3.0826873276336251
-3   5.2029505892055754
-3   4.0005585657922671
-3   4.0005585657922529
-3   4.071000858792627
-3   4.0710008587926145
-3   3.4670322580613591
-3   3.4670322580613564
-3   3.5777026618412133
-3   3.5777026618412071
-3   4.21431882368854
-3   4.21431882368854
-3   3.5953857367689617
-3   3.5953857367689643
-3   3.7191420134285131
-3   3.7191420134285087
-3   3.779276250479497
-3   3.6272518553368265
-3   3.4403482702189909
-3   3.4403482702189878
-3   2.9999999999999978
-3   4.4491740100136736
-3   4.2621114169887235
-3   4.2621114169887271
-3   4.0975151656727844
-3   4.0975151656727826
-3   3.9179177384167083
-3   3.9179177384166968
-3   3.7043764177841636
-3   3.7043764177841627
-3   3.6175697290450337
-3   3.6175697290450275
-3   3.1087531786688438
-3   3.1087531786688452
-3   3.3789721706885727
-3   3.3789721706885638
-3   3.362865112977333
-3   3.3628651129773286
-3   4.0037318300520326
-3   4.0037318300520273
-3   3.2924998256810794
-3   3.2924998256810722
-3   3.3172390690727163
-3   4.1557837911559625
-3   4.1557837911559581
-3   3.3437867549950826
-3   3.0226612083662818
-3   3.0226612083662818
-3   4.2408782439248593
-3   4.2408782439248593
-3   4.3854750561511349
-3   4.3854750561511269
-3   3.8267918579756879
-3   3.9662177191042467
-3   2.9999999999999996
-3   3.413280794322044
-3   3.4132807943220413
-3   3.7709238395751576
-3   3.7709238395751559
-3   3.1635877318104488
-3   3.2047992132288927
-3   3.2047992132289038
-3   3.9015062246812846
-3   3.2434676048441644
-3   3.2434676048441755
-3   3.3289190510376621
-3   3.2290426804473893
-3   3.2290426804473893
-3   3.7788702026244634
-3   3.7788702026244598
-3   3.305269365223316
-3   3.3052693652233143
-3   3.4023129745200569
-3   3.4023129745200569
-3   3.224791883542804
-3   3.2247918835428027
-3   3.0966175312841493
-3   3.0966175312841497
-3   3.3256449232602776
-3   3.5901486337957191
-3   3.5901486337957165
-3   3.3556081913725309
-3   3.0527317605012452
-3   3.0527317605012447
-3   3.2300870209526522
-3   3.2300870209526504
-3   3.0172358152365781
-3   3.0172358152365812
-3   3.2177638973917548
-3   3.2177638973917531
-3   3.2187205014869642
-3   3.2187205014869669
-3   3.6535816238328431
-3   3.6535816238328431
-3   3.5068269678448374
-3   3.5141687858028003
-3   3.5141687858027977
-3   3.0850785338254534
-3   3.0850785338254547
-3   3.2605680790818337
-3   3.2605680790818328
-3   3.3014864903818877
-3   3.3014864903818868
-3   3.0413266192651456
-3   3.0413266192651456
-3   3.0731106141392561
-3   3.0731106141392552
-3   3.335399191866645
-3   3.1320859243182668
-3   2.9999999999999991
-3   3.1291500875394638
-3   3.1291500875394611
-3   3.3527100309603348
-3   3.3527100309603326
-3   3.1358998309843167
-3   3.1358998309843211
-3   3.2985029638223877
-3   3.2985029638223833
-3   3.0934234233115019
-3   3.0934234233115001
-3   3.0620814821220943
-3   3.0620814821220934
-3   3.2956595530022987
-3   3.0000000000000004
-3   3.5472951308313752
-3   3.547295130831376
-3   3.1518036010450867
-3   3.1518036010450872
-3   3.4240686418109259
-3   3.4240686418109267
-3   3.3415288174936841
-3   3.3415288174936806
-3   3.5826299006896969
-3   3.582629900689696
-3   3.8651817183404509
-3   3.3952965690111574
-3   3.3952965690111556
-3   3.579779223826514
-3   3.3185659498332631
-3   3.3185659498332618
-3   3.5304512301030426
-3   3.0000000000000013
-3   3.9002329918382221
-3   3.900232991838223
-3   3.7683037540701836
-3   3.7683037540701827
-3   3.45027565412013
-3   3.2604724521175013
-3   3.2604724521174981
-3   3.5329617652659593
-3   3.1339962043726466
-3   3.1339962043726448
-3   3.0520723133154188
-3   3.0851030856936634
-3   3.0851030856936612
-3   3.107500244411423
-3   3.107500244411423
-3   3.0332663861594411
-3   3.0332663861594393
-3   3.0396710058675653
-3   3.039671005867564
-3   3.4400999150271439
-3   3.440099915027143
-3   3.2017152240034603
-3   3.2017152240034581
-3   3.0768615870569676
-3   3.0768615870569636
-3   3.0507675616112659
-3   3.0507675616112664
-3   3.2358586759869326
-3   3.2358586759869334
-3   2.9999999999999991
-3   3.0055043669671209
-3   3.0055043669671191
-3   3.0362646278076593
-3   3.0362646278076579
-3   3.0507299452612915
-3   3.0105951948002034
-3   3.0105951948002048
-3   3.1288830925296645
-3   3.1288830925296645
-3   3.0556395829160521
-3   3.2510955382246838
-3   3.1200378971048903
-3   3.1200378971048925
-3   3.046755841749174
-3   3.046755841749174
-3   3.097456518935791
-3   3.0974565189357914
-3   3.0080111758781856
-3   3.0080111758781869
-3   3.0043645516977033
-3   3.0043645516977047
-3   3.0084203855447131
-3   3.005231359544065
-3   3.0052313595440636
-3   3.0322456562292373
-3   3.0322456562292377
-3   3.00122769517291
-3   3.0012276951729091
-3   3.001743893698162
-3   3.001743893698166
-3   3.0213758855646029
-3   3
-3   3.0068820854858918
-3   3.0068820854858953
-3   3.0006346719394461
-3   3.0006346719394514
-3   3.0006737265338468

-2   3.9730340827179678
-2   3.8102931531737632
-2   3.8102931531737587
-2   3.4324853475988326
-2   3.4324853475988251
-2   2.9782701245253063
-2   2.9782701245253009
-2   2.568754991866474
-2   2.5687549918664736
-2   2.2917806206111515
-2   2.291780620611152
-2   2.194252341443343
-2   4.7562666351416265
-2   3.8992261581189993
-2   3.8992261581189362
-2   3.1834322928911476
-2   3.1834322928911085
-2   3.1047704025793483
-2   3.1047704025793275
-2   3.0156666163232662
-2   3.0156666163232591
-2   3.1130774432929988
-2   3.1130774432929718
-2   3.1752039215295671
-2   3.8492483502269224
-2   3.8492483502269161
-2   3.2492534633866459
-2   3.249253463386629
-2   3.3507588702321889
-2   3.3507588702321738
-2   3.7304625392580268
-2   2.7686777889948737
-2   2.7686777889948795
-2   2.7850934365269557
-2   2.7171230714798082
-2   2.7171230714797994
-2   2.7864360229393115
-2   2.8420190667788625
-2   2.8420190667788585
-2   2.6794102371518349
-2   2.6794102371518291
-2   3.0546609845317736
-2   3.0546609845317652
-2   2.7946785552312297
-2   2.7946785552312283
-2   2.6421267947502787
-2   3.4434467976730931
-2   3.4434467976730891
-2   2.9921392370217346
-2   2.6950622411315837
-2   2.6950622411315854
-2   3.1860745838120432
-2   3.1860745838120326
-2   2.9180150553990858
-2   3.1380205378376873
-2   3.1380205378376864
-2   2.7976343049660293
-2   2.7976343049660106
-2   3.3927137960157268
-2   3.3927137960157427
-2   2.9580275284139024
-2   2.9580275284138917
-2   3.2213268185691954
-2   3.2213268185691804
-2   3.4654439647162452
-2   3.465443964716227
-2   3.901756615119317
-2   2.6318967457340658
-2   2.631896745734069
-2   3.6262884195456095
-2   3.626288419545614
-2   2.5590170359278348
-2   2.6520459242811829
-2   3.1006623952789947
-2   3.1006623952789973
-2   3.7782415167496097
-2   3.7782415167495982
-2   3.1182303171563617
-2   3.1182303171563586
-2   3.4230132628586274
-2   3.238650418222186
-2   3.2386504182221829
-2   2.6616231892559781
-2   2.6616231892559936
-2   3.7284734310131
-2   3.7284734310130867
-2   2.4874788088696351
-2   2.9061315406581576
-2   2.9061315406581554
-2   3.0407048974779136
-2   3.6782545320173474
-2   3.678254532017343
-2   2.9865814282347869
-2   2.9865814282347909
-2   3.1395305349604543
-2   2.4217482625592726
-2   2.4217482625592717
-2   2.7588200991728828
-2   2.7588200991728824
-2   3.7407885092570803
-2   2.4398851473951337
-2   2.4398851473951302
-2   3.5380214959721563
-2   3.5380214959721492
-2   2.9530002192480538
-2   2.9530002192480524
-2   2.4253402668725474
-2   2.4253402668725506
-2   2.6609064884242892
-2   2.6609064884242892
-2   2.442465558434419
-2   2.442465558434419
-2   3.4888206561948443
-2   2.6728923949376995
-2   2.6728923949376804
-2   2.2333693453037524
-2   2.2737839918959994
-2   2.273783991895987
-2   2.2254447335085565
-2   2.7444459023096672
-2   2.7444459023097991
-2   3.1685145278271696
-2   2.1546543822436273
-2   2.1546543822436486
-2   3.3092671588897646
-2   3.3092671588898761
-2   2.7550773833374209
-2   2.7736332691017078
-2   2.7736332691017016
-2   2.6701837991287003
-2   2.6701837991287074
-2   2.7625062772122497
-2   2.7625062772122519
-2   3.1628893531523636
-2   3.1628893531523596
-2   3.4330950425603826
-2   3.4330950425603763
-2   3.4730164354473638
-2   2.9697904664769355
-2   2.7288643040122249
-2   2.728864304012224
-2   3.2588195672458395
-2   3.2588195672458413
-2   3.0705369878259221
-2   3.0705369878259114
-2   2.6639826486362539
-2   2.6639826486362677
-2   3.0900649151301729
-2   3.0900649151301662
-2   2.5383943480961175
-2   2.6550432232317358
-2   2.6518745641813912
-2   2.6518745641814059
-2   2.6430757179485327
-2   2.6430757179485211
-2   2.985140443438441
-2   2.9851404434384321
-2   2.6724856186057644
-2   3.1846800977546579
-2   3.1846800977546561
-2   2.8563529447093017
-2   2.8563529447092963
-2   2.6379014483494623
-2   2.6379014483494614
-2   2.5906948026428305
-2   2.5906948026428291
-2   2.5335031044281964
-2   2.5335031044281928
-2   2.9455365312817472
-2   2.9455365312817445
-2   2.9483455888629093
-2   2.9483455888629084
-2   2.9348309023400869
-2   2.9348309023400838
-2   2.657213588480849
-2   2.6572135884808428
-2   2.8400377595017408
-2   2.781479160343161
-2   2.7814791603431623
-2   2.5388909129638786
-2   2.5901460374523548
-2   2.5901460374523584
-2   2.9924621017558639
-2   2.9924621017558635
-2   3.0527999432423742
-2   2.9843599477763925
-2   2.9843599477763969
-2   2.9159250159388592
-2   2.9159250159388539
-2   2.5036388836071319
-2   2.5036388836071288
-2   2.579889623925633
-2   2.5798896239256321
-2   2.6063205051667295
-2   2.6063205051667304
-2   2.2881920913466653
-2   2.7519793382666191
-2   2.4666696629139806
-2   2.6032419800390065
-2   2.6032419800390079
-2   2.6008073358444044
-2   2.6008073358444026
-2   2.7750728505175735
-2   2.7750728505175695
-2   2.5309439135291756
-2   2.6108058153004965
-2   2.6108058153004889
-2   3.1336543218909227
-2   3.1336543218909152
-2   2.868435851478472
-2   2.8684358514784685
-2   2.6134392746616912
-2   2.4699933769700895
-2   2.8503796877690957
-2   2.8503796877690943
-2   2.6822179551890781
-2   2.6822179551890772
-2   2.8164713330788014
-2   2.5357343038660876
-2   2.5357343038660893
-2   2.7140591628132436
-2   2.7140591628132333
-2   2.4082522371526931
-2   2.4082522371527002
-2   2.5342719783665348
-2   3.181439938581228
-2   3.1814399385812311
-2   2.6971332492167868
-2   2.6971332492167863
-2   3.2315411084078947
-2   3.2315411084078924
-2   2.3051791032527409
-2   3.0739991102274553
-2   3.0739991102274504
-2   3.5049152789125664
-2   3.0583370206244282
-2   3.0583370206244269
-2   2.4393604953051891
-2   2.4393604953051908
-2   2.5669599229603421
-2   2.5669599229603408
-2   2.4367016920889224
-2   2.4367016920889197
-2   2.8965013954024883
-2   2.8965013954024865
-2   2.7688726928645981
-2   2.7688726928645964
-2   3.3807162725248445
-2   2.891032290114671
-2   2.8910322901146714
-2   2.5412175523361218
-2   2.541217552336116
-2   2.798266389510172
-2   2.7982663895101765
-2   2.9156796887966414
-2   2.5620741959261135
-2   2.4275694376171404
-2   2.4275694376171408
-2   3.0000000000000009
-2   2.5194787502187594
-2   2.5194787502187594
-2   3.5611251568213973
-2   2.4776003436026923
-2   2.4776003436026919
-2   2.8755875762528644
-2   2.8755875762528649
-2   3.1464541137118291
-2   2.6787306883141153
-2   2.6787306883141189
-2   2.5658488283476761
-2   2.5658488283476788
-2   2.551545292909033
-2   2.5515452929090312
-2   2.2873962035507098
-2   2.2873962035507116
-2   3.1924432598306396
-2   3.1924432598306494
-2   3.0344248809399264
-2   3.034424880939925
-2   2.3609312107786997
-2   2.7353235244276561
-2   2.7353235244276588
-2   2.3294332245311664
-2   2.3294332245311664
-2   3.5671137241689692
-2   2.3879730523213021
-2   2.3879730523213043
-2   3.2278059288797136
-2   3.2278059288797136
-2   2.6541886372638186
-2   2.6541886372638204
-2   2.0771443748062368
-2   2.3600285570585342
-2   2.5154358646376864
-2   2.51543586463769
-2   2.9422963654878664
-2   2.3813614202990054
-2   2.3813614202990068
-2   2.2484890770014134
-2   2.8142968431615993
-2   2.8142968431616056
-2   2.8240850431972109
-2   2.8240850431972171
-2   2.3705839311943868
-2   2.3705839311943917
-2   2.2991490907330863
-2   2.4502066108804916
-2   2.4502066108804872
-2   2.7008490607689697
-2   2.7008490607689772
-2   2.4579445960437942
-2   2.4579445960437929
-2   2.8302009175798468
-2   2.8302009175798513
-2   2.0718249213836031
-2   2.8097780250628994
-2   2.8097780250629016
-2   2.3217012432741169
-2   2.7146749682350859
-2   2.714674968235085
-2   2.2429238229745074
-2   2.2429238229745083
-2   2.4955256504748635
-2   2.495525650474864
-2   2.478477840791149
-2   2.4784778407911445
-2   2.571410146205158
-2   2.5714101462051624
-2   2.8526936954218081
-2   2.8526936954218107
-2   2.7918821540587775
-2   2.7918821540587762
-2   2.9345797687279038
-2   2.9345797687279034
-2   2.0764438486339425
-2   2.2692435733357508
-2   2.2921819767918516
-2   2.2921819767918521
-2   2.1711664671671809
-2   2.17116646716718
-2   2.8480856350456354
-2   2.3069444585160528
-2   2.4495022417533949
-2   2.4495022417533932
-2   2.319610988883539
-2   2.3196109888835403
-2   2.362240951087101
-2   2.3622409510871014
-2   2.3846006284665733
-2   2.2503535798894387
-2   2.2503535798894405
-2   2.616210196903749
-2   2.6162101969037552
-2   2.3204947150406308
-2   2.2120917536753901
-2   2.2120917536753915
-2   2.5474503759727862
-2   2.5474503759727947
-2   2.4965183581830916
-2   2.4965183581830952
-2   2.2112188900190834
-2   2.2112188900190848
-2   2.7724127267629042
-2   2.3840214249530955
-2   2.3840214249530991
-2   2.773961143932687
-2   2.7739611439326892
-2   2.4746873134110001
-2   2.4746873134109992
-2   2.9157073980098671
-2   2.5517669441434983
-2   2.551766944143504
-2   2.5316866195447743
-2   2.5316866195447667
-2   2.1479350287679391
-2   2.1479350287679444
-2   2.163432391933759
-2   2.1634323919337644
-2   2.1108537006050105
-2   2.1108537006050123
-2   2.2737657905017632
-2   2.3710342595110219
-2   2.8255530856872295
-2   2.1611112571891917
-2   2.1611112571891948
-2   2.1185641005835274
-2   2.1185641005835256
-2   2.0185243734271161
-2   2.0185243734271179
-2   2.5547026906885031
-2   2.554702690688504
-2   2.0725437966831097
-2   2.2954281501059568
-2   2.2954281501059572
-2   2.2521843218680266
-2   2.2521843218680293
-2   2.4706865420802604
-2   2.4706865420802564
-2   2.4590599634567156
-2   2.4590599634567183
-2   2.1944246535979808
-2   2.1944246535979794
-2   2.7420898280942154
-2   2.7420898280942199
-2   2.3670593170055723
-2   2.3670593170055776
-2   2.0069351448792028
-2   2.510478212839887
-2   2.5104782128398915
-2   2.3131450213023359
-2   2.3131450213023368
-2   2.7236483122995008
-2   2.6753588555864876
-2   2.6753588555864889
-2   2.561141656990074
-2   2.5611416569900713
-2   2.1092206038228971
-2   2.1092206038228971
-2   2.0744027461643633
-2   2.074402746164365
-2   2.1329498233255064
-2   2.1329498233255104
-2   2.4467952809470161
-2   2.4467952809470166
-2   2.240185324832944
-2   2.2401853248329506
-2   2.370455538662132
-2   2.3215743336701267
-2   2.3215743336701311
-2   2.0480967332469469
-2   2.4554118913992791
-2   2.4554118913992862
-2   2.2391264363184753
-2   2.2391264363184749
-2   2.319333679433583
-2   2.3193336794335861
-2   2.2753055362872479
-2   2.2770688366726661
-2   2.2770688366726746
-2   2.02789317103236
-2   2.02789317103236
-2   2.6973532923443644
-2   2.2112875942364831
-2   2.2112875942364822
-2   2.199953527232787
-2   2.1999535272327959
-2   2.2582591654429405
-2   2.2582591654429418
-2   2.5798405567825853
-2   2.5798405567825964
-2   2.4590988427340323
-2   2.0750067060049653
-2   2.6126793632395247
-2   2.6126793632395304
-2   2.0024788585921747
-2   2.2856790232395201
-2   2.2856790232395303
-2   2.3455150172512642
-2   2.345515017251254
-2   2.4221472779938247
-2   2.4221472779938367
-2   2.0036945094209018
-2   2.0817601325687911
-2   2.0380730022624394
-2   2.0380730022624403
-2   2.4729353291004914
-2   2.6006871446191582
-2   2.096364940705763
-2   2.0963649407057647
-2   2.1148258187481499
-2   2.1148258187481566
-2   2.1413095381108693
-2   2.1828180676418625
-2   2.1828180676418674
-2   2.0691762587666864
-2   2.0691762587666918
-2   2.0898707575701065
-2   2.0898707575701083
-2   2.0753077529811006
-2   2.0266164439256382
-2   2.0266164439256364
-2   2.2142009087224284
-2   2.0270011837247943
-2   2.0270011837248001
-2   2.0524187981356641
-2   2.0524187981356685
-2   2.0266450764325312
-2   2.0266450764325357
-2   2.019805506041541
-2   2.0198055060415485
-2   2.0566050822564472
-2   2.0566050822564512
-2   2.0644090821907648
-2   2.0644090821907706
-2   2.0351510504100396

-1   3.568646149687086
-1   3.4323232126061822
-1   3.4323232126061689
-1   3.0775711997762731
-1   3.0775711997762718
-1   2.5938545653873164
-1   2.5938545653873222
-1   2.0830388920237466
-1   2.0830388920237355
-1   1.6712695132874376
-1   1.6712695132874349
-1   1.5073964491244389
-1   4.2840616310750654
-1   3.6838811731799135
-1   3.6838811731797341
-1   2.5359788663209364
-1   2.6085246831397977
-1   2.6085246831397875
-1   2.9108827236040535
-1   2.9108827236040113
-1   2.823314115346081
-1   2.8233141153460508
-1   2.8521916487523415
-1   2.852191648752302
-1   2.7345666268999675
-1   2.7345666268999516
-1   3.282665786415508
-1   3.2826657864154436
-1   2.10498662486
-1   2.1049866248599631
-1   2.783079010708557
-1   2.7830790107085277
-1   2.0604966593224874
-1   2.0604966593224763
-1   2.3020886198149566
-1   2.1394269127104915
-1   3.6727778876510246
-1   2.596020160942107
-1   2.596020160942087
-1   2.2582763736591582
-1   2.2582763736591569
-1   2.5484449973546499
-1   2.5484449973546504
-1   2.1694337514461508
-1   2.7574652552773569
-1   2.7574652552773382
-1   2.8971757126865487
-1   2.8971757126865225
-1   3.3933095187693776
-1   2.9733945130520474
-1   2.9733945130520523
-1   3.0389778877678659
-1   3.0389778877678695
-1   3.024061958070511
-1   2.5804636586621239
-1   2.5804636586621177
-1   2.9545049234828187
-1   2.9545049234827991
-1   2.670797157094563
-1   2.670797157094567
-1   2.8065340512588843
-1   2.8065340512588501
-1   2.702081214504596
-1   2.4409304781532302
-1   2.4409304781532204
-1   2.3764951557337795
-1   2.376495155733771
-1   2.2199857094980882
-1   2.9884234867872728
-1   2.9884234867872412
-1   2.4207741753786607
-1   2.4207741753786398
-1   2.5209569460316996
-1   3.0746564347112542
-1   3.074656434711255
-1   2.5481467855666846
-1   2.5481467855666851
-1   2.9782427359566577
-1   2.9782427359566195
-1   2.3303133928188049
-1   2.3303133928187907
-1   2.6912813739559751
-1   2.6912813739559889
-1   2.8033221900505838
-1   2.6944881637708509
-1   2.6944881637708531
-1   2.2723385821923943
-1   2.2723385821924
-1   2.7063668168165642
-1   2.706366816816558
-1   1.7867670426288189
-1   3.074837850297309
-1   3.0748378502972815
-1   3.186048952463048
-1   2.2418530708372821
-1   2.8781723200806435
-1   3.3046981336561116
-1   3.3046981336561125
-1   1.951276404703632
-1   1.9512764047036395
-1   2.9410419845286189
-1   2.9410419845286357
-1   3.0075309434320778
-1   3.0075309434320632
-1   1.8683789652105718
-1   1.8683789652105456
-1   3.2316938314278492
-1   3.0329512369918454
-1   3.0329512369918148
-1   2.5376654597050061
-1   2.5376654597049981
-1   2.9500431702995789
-1   2.950043170299578
-1   1.9000972284916755
-1   1.9000972284916537
-1   1.6895846874220202
-1   1.6895846874220206
-1   1.5287047450543456
-1   1.5287047450543283
-1   2.1469098732816065
-1   2.1469098732816172
-1   1.5107660136719696
-1   2.0913797184281635
-1   2.09137971842814
-1   3.0657448657286741
-1   1.8283235051608551
-1   1.8283235051608431
-1   2.1544086142891534
-1   2.1544086142891365
-1   2.5970640167465548
-1   2.5970640167465526
-1   2.3668296482665214
-1   2.3668296482665192
-1   2.1683056350995478
-1   2.6461208701799039
-1   2.6461208701798986
-1   2.6812464172350841
-1   2.6812464172350796
-1   2.9284556208735486
-1   2.3927785862708268
-1   2.3927785862708126
-1   3.2262401421825024
-1   2.0464550578628957
-1   2.0464550578628811
-1   3.2085644820104826
-1   3.2085644820104671
-1   3.0048137270200024
-1   3.0048137270199877
-1   2.0099413449621353
-1   1.3903011872722855
-1   2.9412316027572887
-1   2.0522122871691519
-1   2.0522122871691404
-1   3.1213969865935782
-1   2.6866332582107066
-1   2.6866332582107035
-1   2.2875045138422245
-1   2.2875045138422143
-1   2.4082656100253907
-1   2.4082656100253788
-1   2.2225022494918902
-1   2.222502249491876
-1   2.4813462700373146
-1   2.4813462700373212
-1   3.3486491904348497
-1   3.3486491904348306
-1   2.4285162763252441
-1   2.4285162763252348
-1   2.5139104476097729
-1   1.6325975797054899
-1   1.6325975797054917
-1   3.2964875470982156
-1   3.2964875470981996
-1   2.9993674070369711
-1   2.5268211763263375
-1   2.5268211763263375
-1   2.3781387928806272
-1   2.3781387928806192
-1   2.3421595376593971
-1   2.3421595376594015
-1   3.2260497589614006
-1   2.1240705402077995
-1   2.1240705402077937
-1   2.2976355487822899
-1   2.2976355487822913
-1   2.4007659876364342
-1   2.4007659876364431
-1   2.4941942443402647
-1   2.494194244340258
-1   1.9907547005524524
-1   1.9907547005524409
-1   2.6038413889545535
-1   2.6038413889545482
-1   1.8748319697843066
-1   1.8748319697843061
-1   2.6682886891737638
-1   2.6682886891737581
-1   1.9347374314452579
-1   1.9347374314452548
-1   2.3291805352731538
-1   2.8363448709581136
-1   2.8363448709581078
-1   2.2213570949791239
-1   2.312098242026051
-1   2.3120982420260523
-1   2.3461400062825768
-1   2.0969556928075956
-1   2.8373559838325995
-1   2.8373559838325901
-1   1.4896019858790095
-1   2.80633606963803
-1   2.8063360696380322
-1   2.4949979435226917
-1   2.4949979435227023
-1   3.0098934435890015
-1   3.0098934435889886
-1   2.6262845300965747
-1   2.3479515765863068
-1   2.3479515765862997
-1   2.5474340251071235
-1   2.6246004710362061
-1   2.6246004710362048
-1   2.2210573303049275
-1   2.2210573303049177
-1   2.1932192768368299
-1   2.4373805577284759
-1   2.4373805577284671
-1   2.2435748107562747
-1   2.243574810756277
-1   2.4689842396398696
-1   2.4689842396398758
-1   2.3021359882111896
-1   2.3021359882111914
-1   2.415234060298673
-1   2.4152340602986597
-1   2.2607596850879763
-1   2.6353181338378642
-1   2.6353181338378575
-1   2.3104928001719709
-1   2.9686823321206619
-1   2.9686823321206637
-1   2.3506205677681136
-1   2.3506205677681145
-1   2.1718059204903852
-1   2.1718059204903781
-1   2.1892755391939787
-1   2.1892755391939813
-1   2.8036092484612647
-1   2.8036092484612665
-1   2.1654909435535235
-1   2.1654909435535248
-1   1.7091446098525007
-1   2.2798795453877818
-1   2.5540185684988308
-1   2.5540185684988161
-1   2.6247044579449903
-1   2.6247044579450098
-1   2.8861839657515942
-1   2.8861839657515973
-1   2.3287292408962239
-1   2.3287292408962288
-1   2.5827052527588266
-1   2.5562436284250047
-1   2.5562436284250056
-1   2.1995373643722362
-1   2.1995373643722425
-1   1.9292742283640889
-1   1.9292742283640893
-1   2.2721909353165151
-1   2.2721909353165111
-1   2.6893966990891993
-1   2.2852181756990171
-1   2.2852181756990202
-1   2.1275890546541203
-1   2.1275890546541167
-1   2.0158734103549958
-1   2.6928832566624568
-1   2.6928832566624656
-1   2.1711228180540805
-1   2.1711228180540831
-1   2.8253261252384889
-1   2.8253261252384902
-1   2.4401369402596624
-1   2.4401369402596575
-1   1.9866799527062446
-1   1.9866799527062451
-1   1.8116826071207837
-1   1.8116826071207801
-1   1.829313952655129
-1   2.0553847289894351
-1   2.0553847289894223
-1   2.4072938179865924
-1   2.4072938179865897
-1   3.0785383710318857
-1   2.0821294206802925
-1   2.0821294206802916
-1   2.1565184247030889
-1   2.1565184247030924
-1   2.0276085428945154
-1   2.027608542894519
-1   2.3682736639339654
-1   2.362902848364496
-1   2.2996411607541756
-1   2.2996411607541805
-1   2.6195391934333476
-1   2.6195391934333445
-1   2.3023059392471517
-1   2.0280044645900714
-1   2.0280044645900701
-1   2.321662726896033
-1   2.3216627268960357
-1   1.8231860758023064
-1   1.823186075802306
-1   2.1571556984104348
-1   2.1571556984104343
-1   1.7713845136950592
-1   2.6413645407547506
-1   2.0678671406487581
-1   2.0678671406487594
-1   2.4591954459256384
-1   2.4591954459256411
-1   2.8065747824217868
-1   2.1232210157973435
-1   2.1232210157973475
-1   2.038540123214911
-1   2.0385401232149185
-1   2.3777962434073516
-1   2.6113454064518162
-1   2.6113454064518233
-1   1.9531736119349685
-1   1.9531736119349761
-1   2.2178563948217396
-1   2.2178563948217418
-1   2.0902762184098114
-1   2.0902762184098087
-1   2.3630002608653951
-1   2.3630002608653911
-1   2.4477726578335415
-1   2.0242883370970786
-1   2.0242883370970808
-1   2.2814594699160984
-1   2.2814594699160957
-1   2.3102710039662564
-1   2.1982335183064015
-1   2.3375324296053459
-1   2.3375324296053437
-1   2.0437507888797475
-1   2.662172254139537
-1   2.6621722541395338
-1   2.4381415620592715
-1   2.438141562059271
-1   2.2873737872078643
-1   2.2873737872078657
-1   2.5215123074285835
-1   2.5215123074285772
-1   2.4199323982032626
-1   2.4199323982032643
-1   2.7599627819414967
-1   1.9580634315803058
-1   1.9580634315803036
-1   2.6131558380789239
-1   2.0410414698187287
-1   2.0410414698187314
-1   2.4627093600763152
-1   2.4627093600763166
-1   2.2857569101430606
-1   2.2857569101430646
-1   2.0808904143646889
-1   2.4024025777851006
-1   2.4024025777851015
-1   2.4573780281958451
-1   2.4573780281958442
-1   1.9562623126167673
-1   1.9562623126167682
-1   2.2546104859686702
-1   2.2546104859686715
-1   2.3296782202375725
-1   2.5178168659691584
-1   2.517816865969166
-1   2.3304211360246496
-1   2.3304211360246514
-1   2.0547380217739053
-1   2.0547380217739097
-1   2.4368987151580046
-1   1.9597096999442134
-1   1.9597096999442121
-1   2.2529669812684285
-1   2.2529669812684312
-1   2.0510939473683778
-1   2.0510939473683778
-1   2.2917607522210854
-1   2.2917607522210881
-1   1.7772703134124024
-1   2.3448760709421279
-1   2.3448760709421146
-1   2.6008940247788619
-1   1.4991134949584237
-1   2.168322626158973
-1   2.0051204713842923
-1   2.0051204713842843
-1   1.8734374133456599
-1   1.8734374133456653
-1   2.6267914229653737
-1   2.6267914229653728
-1   2.1785797595516061
-1   2.1785797595516008
-1   2.9736168829850964
-1   2.7638922026827597
-1   2.7638922026827579
-1   2.9879881665437886
-1   1.6358803727740212
-1   2.1852685208900713
-1   2.1852685208900713
-1   2.1925929603828944
-1   1.9418502806558058
-1   1.9418502806558107
-1   1.8813773706260286
-1   1.8813773706260344
-1   2.032013174660606
-1   1.9447230728248037
-1   1.9447230728248046
-1   2.1403619657395092
-1   2.140361965739507
-1   2.1317236758053113
-1   2.1317236758053122
-1   2.2683613042196811
-1   2.2683613042196744
-1   2.2411252988272947
-1   2.2411252988272921
-1   2.6195620665901744
-1   2.6195620665901744
-1   2.6309672390675169
-1   2.6309672390675209
-1   2.3697659724062352
-1   2.3683058888308048
-1   2.3858044430179457
-1   2.385804443017947
-1   1.9858451647505246
-1   1.9858451647505317
-1   2.4263903391657027
-1   2.4263903391657009
-1   2.3339952080798056
-1   2.211174594713142
-1   2.2111745947131483
-1   2.0669918429081968
-1   2.092755285733265
-1   2.0927552857332619
-1   2.544109263520788
-1   2.5441092635207885
-1   1.8622162414804388
-1   1.8544044945437501
-1   2.0465104978425313
-1   2.0465104978425375
-1   1.9089480729243582
-1   1.9089480729243591
-1   1.9402132505208138
-1   1.9402132505208183
-1   1.916886252669638
-1   1.9168862526696384
-1   2.4611868184911656
-1   2.461186818491178
-1   2.3146068854555124
-1   2.3146068854555146
-1   2.0158025541834332
-1   2.0158025541834257
-1   1.8447581812519656
-1   2.6133452783296462
-1   2.6133452783296423
-1   1.7982778103464701
-1   2.0369370756665348
-1   2.0369370756665419
-1   2.0281087433032159
-1   2.0281087433032283
-1   1.9038727429299036
-1   1.9038727429299072
-1   1.9043917378457436
-1   1.9043917378457493
-1   1.8157459841303472
-1   1.8157459841303454
-1   2.0735396319301693
-1   2.0735396319301702
-1   2.0667867795703239
-1   2.0667867795703212
-1   1.7897189228766832
-1   1.789718922876681
-1   2.5281890563989715
-1   2.5281890563989728
-1   1.605806547673148
-1   2.6712813176963093
-1   2.2373095876814406
-1   2.2373095876814411
-1   1.9316446779592358
-1   2.0877665958822815
-1   2.0877665958822997
-1   2.2615760022714877
-1   2.2615760022714984
-1   2.2869619232685823
-1   2.2869619232685818
-1   1.9944817036835971
-1   1.9944817036835851
-1   2.5847736328256929
-1   2.0437600262952218
-1   1.461693673384397
-1   1.4616936733843982
-1   1.6830894176485791
-1   1.6830894176485991
-1   2.0231070332405672
-1   2.0231070332405667
-1   1.7773703235275344
-1   1.663637324034684
-1   1.6636373240346862
-1   2.0928380977899255
-1   2.0928380977899259
-1   1.704966254841294
-1   1.7049662548412958
-1   2.029401536029503
-1   2.0294015360295004
-1   2.189088589335507
-1   2.0278047867676383
-1   2.0278047867676467
-1   1.7227684460912847
-1   1.7227684460912878
-1   1.7873281916810564
-1   1.7873281916810537
-1   1.9505105373809459
-1   1.9505105373809544
-1   1.8014862185820277
-1   1.8014862185820277
-1   1.8358666534483055
-1   1.8358666534483024
-1   1.7903417765641869
-1   2.0334033679307582
-1   2.033403367930771
-1   1.8902699427665697
-1   1.8902699427665737
-1   2.1735883692048139
-1   2.1735883692048135
-1   1.9331874444076731
-1   1.9331874444076846
-1   2.0671173334217401
-1   1.9557164123054784
-1   1.9557164123054784
-1   1.9146492050496966
-1   1.9146492050496957
-1   1.9397754395774403
-1   1.8734213224740346
-1   1.8734213224740333
-1   2.0072816547699164
-1   2.0072816547699239
-1   1.4705569977587982
-1   1.955442138618384
-1   1.9554421386183862
-1   1.8503973806053229
-1   1.8503973806053233
-1   1.9820623712980141
-1   1.982062371298015
-1   2.0685672018602168
-1   2.4397226167741164
-1   1.7907107886171127
-1   1.7907107886171092
-1   1.7463976360929148
-1   1.7463976360929059
-1   2.0361799197609676
-1   2.0361799197609587
-1   1.7439766549528848
-1   1.7439766549528901
-1   2.036896861862092
-1   2.0368968618620897
-1   1.737948448270525
-1   1.7379484482705152
-1   1.9943434374669362
-1   1.9943434374669282
-1   2.2233168996626786
-1   2.2233168996626738
-1   1.8386785579609191
-1   1.8386785579609191
-1   1.9870970405406041
-1   1.9870970405405965
-1   1.6264653284330715
-1   2.157106128913524
-1   1.8107770840760793
-1   1.810777084076074
-1   2.0732385796193515
-1   2.0732385796193586
-1   2.0513778095377213
-1   2.0513778095377249
-1   2.0723523138694984
-1   2.0723523138695019
-1   1.3085701940710202
-1   1.6938790824643282
-1   1.6938790824643233
-1   2.1088792560218286
-1   1.9741205548648475
-1   1.9741205548648324
-1   1.7394909400821028
-1   1.7394909400821201
-1   1.9666130609104635
-1   1.8455038907005887
-1   1.8455038907006029
-1   1.8083395585864195
-1   1.808339558586411
-1   2.4408395644132868
-1   2.4408395644133067
-1   2.2054295157945618
-1   2.2054295157945623
-1   2.1106623129046818
-1   2.1106623129046893
-1   2.5201434743355513
-1   1.891688414251337
-1   1.8916884142513397
-1   1.830107824951714
-1   1.8788024414391895
-1   1.7399936944683891
-1   1.7399936944683905
-1   1.4262117889888799
-1   1.4262117889888792
-1   1.9131085061215747
-1   1.9131085061215711
-1   1.9638826076438547
-1   2.0753834460740208
-1   2.0753834460740297
-1   1.9462207422417488
-1   1.9462207422417572
-1   1.5985349893673932
-1   1.5985349893674083
-1   1.8137659403126407
-1   1.8137659403126372
-1   1.4194798752195819
-1   1.4194798752195785
-1   1.7028163758834292
-1   1.7028163758834225
-1   1.7996230225236007
-1   1.864799539181579
-1   1.8647995391815719
-1   1.627128063865269
-1   1.6271280638652703
-1   1.7229684422498979
-1   1.7229684422499325
-1   1.4379958937380712
-1   1.6859343592609366
-1   1.6859343592609459
-1   1.4557929159758947
-1   1.4557929159758947
-1   2.0611548014134238
-1   2.0611548014134282
-1   1.7330447127576147
-1   1.9906279855235924
-1   1.9906279855236018
-1   2.0552876456559037
-1   2.0552876456558917
-1   1.7184231664732339
-1   1.6941257558506058
-1   1.6941257558504805
-1   1.7460746718170541
-1   1.7460746718170523
-1   2.0691055961465721
-1   2.0691055961464802
-1   1.7714546507219087
-1   1.771454650721902
-1   1.997006054364836
-1   1.997006054364876
-1   1.4532275195135811
-1   1.8282295859943121
-1   1.8282295859943289
-1   1.5790490303214209
-1   1.5790490303214257
-1   2.0644294580854972
-1   2.0644294580854763
-1   1.7577457262763989
-1   1.7577457262763994
-1   1.2898020943268591
-1   1.8797875466111647
-1   1.8797875466109728
-1   2.5119547022097759
-1   1.7146458285150619
-1   1.710193698220734
-1   1.7101936982207557
-1   2.3075909433061739
-1   2.307590943306201
-1   1.9387247430785091
-1   1.9387247430783527
-1   2.3092261825552343
-1   1.1900139021451923
-1   1.1900139021451865
-1   2.0697505813278472
-1   2.0697505813278663
-1   2.4401752796455085
-1   1.4664273986459304
-1   1.4664273986459424
-1   1.5517390564593878
-1   1.5517390564593874
-1   1.7403319700363453
-1   1.7403319700363538
-1   1.3146208723470769
-1   2.0170403820089748
-1   1.9381451677253727
-1   1.5880292713291833
-1   1.5880292713291833
-1   1.8684397471209193
-1   1.7104570869531823
-1   1.4200857347835336
-1   1.4200857347835436
-1   1.2599758532256908
-1   1.2762344914072332
-1   1.276234491407233
-1   1.4971139464124426
-1   1.4971139464124317
-1   1.6521056047796416
-1   1.652105604779635
-1   1.8224100352988044
-1   1.8224100352988128
-1   1.7943349315248667
-1   1.5870071820327394
-1   1.4271996820739745
-1   1.4271996820739721
-1   1.5387322174978597
-1   1.5387322174978717
-1   1.3652536783526867
-1   1.3652536783527327
-1   1.4096776054093654
-1   1.6299010051633296
-1   1.6299010051633189
-1   1.836444048654081
-1   1.8364440486540978
-1   1.3097366746976158
-1   1.3097366746976309
-1   1.4316706948244038
-1   1.4316706948244249
-1   1.7145268280966599
-1   1.7145268280966288
-1   1.6970400969267554
-1   1.6970400969267647
-1   1.2128826253943794
-1   1.2251758459894047
-1   1.2251758459893984
-1   1.5652244350997955
-1   1.4733806878885884
-1   1.3741843567628469
-1   1.9032703743353387
-1   1.9032703743353503
-1   1.217132980297934
-1   1.2171329802979394
-1   1.5066707603174696
-1   1.5066707603174772
-1   1.7442103945483982
-1   2.0000667344076408
-1   1.6912502606276965
-1   1.6912502606277076
-1   1.2685820245538462
-1   1.2685820245538477
-1   1.2903863804432694
-1   1.2903863804432776
-1   1.2074962069444029
-1   1.2074962069444259
-1   1.483540311021212
-1   1.4835403110212226
-1   1.198115613468981
-1   1.1981156134689848
-1   1.4826455363147253
-1   1.4826455363147275
-1   1.281138581899059
-1   1.2811385818990626
-1   1.9101012807218165
-1   1.9101012807218298
-1   1.6834278133158329
-1   1.6834278133158418
-1   1.4556865043255793
-1   1.4556865043255884
-1   1.6182654036723663
-1   1.6182654036723791
-1   1.0911258349222539
-1   1.0911258349222748
-1   1.0816308193800075
-1   1.8588201105566236
-1   1.8588201105566533
-1   1.3591387486234192
-1   1.3591387486234285
-1   1.9631295098328372
-1   1.1102617932655794
-1   1.1102617932655903
-1   1.2883729539954767
-1   1.2883729539954998
-1   1.1155957115081316
-1   1.1155957115081405
-1   1.0659320645942834
-1   1.0659320645942874
-1   1.0417394905273951
-1   1.041739490527398
-1   1.0254870876158131
-1   1.0245668702055721
-1   1.0245668702055766
-1   1.0131208682960011

0   3.4285979936049582
0   3.2975347882957307
0   3.2975347882957342
0   2.9465275438411953
0   2.9465275438411926
0   2.4497936622387182
0   2.4497936622387151
0   1.8976845849506825
0   1.8976845849506856
0   1.4211552762697255
0   1.4211552762697228
0   1.2189561180267752
0   4.0949839042325751
0   3.5757818588896892
0   3.575781858889628
0   2.3085172417364532
0   2.4702773905065372
0   2.4702773905065247
0   2.8233778879240052
0   2.8233778879238907
0   2.8126716478960323
0   2.8126716478960296
0   3.1055019237169126
0   3.1055019237169055
0   2.1187376893114931
0   2.118737689311414
0   3.0923759606810886
0   3.0923759606810934
0   1.708582143104413
0   1.7085821431043993
0   2.5977573399026634
0   2.5977573399026617
0   1.7123098829414394
0   1.7123098829414434
0   2.1752332955274225
0   1.7948639408647726
0   4.0360597492924075
0   2.7388525368032899
0   2.5661035138685269
0   2.5661035138685122
0   2.1072235270399471
0   2.3110506720603898
0   2.3110506720603019
0   2.9719066850780234
0   2.9719066850780167
0   2.5667911424334124
0   2.5667911424333427
0   2.6839992021216559
0   2.6839992021216612
0   2.7426234025645884
0   2.7426234025645551
0   2.3608890519476793
0   2.3608890519476646
0   2.4709126576589813
0   2.4709126576589502
0   2.2586679654966844
0   2.2586679654966857
0   2.3487107758592121
0   2.3487107758591765
0   2.3349706000596844
0   2.7304007554676919
0   3.1209314893286737
0   3.1209314893286595
0   3.1009198498646007
0   3.1009198498645927
0   2.6285779606720667
0   2.5204754002416592
0   2.5204754002416609
0   2.167849744060335
0   3.2177544340916269
0   3.2177544340915967
0   1.899626616244471
0   1.8996266162444657
0   2.3815104326679029
0   2.381510432667894
0   2.9839738411520678
0   2.9839738411520558
0   2.7378615985731218
0   2.7378615985731116
0   1.8001383138557769
0   1.800138313855784
0   2.1905890308663354
0   2.5081002463156303
0   2.5081002463156219
0   2.4531620188523324
0   2.4531620188523031
0   2.6271762330648261
0   2.4207574388399142
0   2.4207574388398965
0   2.9761156162405191
0   2.9761156162405147
0   2.1001322298495904
0   2.1001322298495748
0   1.835665462369104
0   2.1077290678799363
0   2.107729067879923
0   3.2556450291622818
0   1.8229025445680733
0   1.9566780393158103
0   1.9566780393158094
0   3.0692274570518561
0   3.0692274570518392
0   2.2137836268940547
0   2.2137836268940538
0   1.8318712787178715
0   1.8318712787178493
0   1.659161468882949
0   1.659161468882949
0   2.9177823363384876
0   2.9177823363384738
0   1.5080191693954181
0   1.2888782308363915
0   1.2888782308363851
0   2.7545443989415364
0   2.7545443989415337
0   3.1756895834197403
0   3.1361034176018991
0   3.1361034176018929
0   2.3148417394369525
0   2.3148417394369463
0   2.9007833650822699
0   2.9007833650822747
0   2.3161794577771331
0   2.3161794577771162
0   1.2868756825952736
0   1.2868756825952861
0   2.5262467622619926
0   2.7611512504682754
0   2.0049627600604434
0   2.0049627600604403
0   2.2099137908364459
0   2.2099137908364481
0   1.889920669570992
0   2.6004352388772145
0   2.6004352388772056
0   2.1536493717025591
0   2.1536493717025365
0   2.1551799884124381
0   2.1551799884124345
0   2.9045965424104367
0   1.4383454115925562
0   1.4383454115925542
0   2.5074476102840522
0   2.5074476102840251
0   1.6306956654626199
0   1.9181763856919707
0   1.9181763856919525
0   2.9613983137869639
0   1.2512574566571881
0   2.645003801325299
0   2.6450038013253279
0   2.9341755814343742
0   2.934175581434364
0   2.4931455610690199
0   2.4931455610690296
0   1.4522030336023048
0   2.791945557282915
0   1.8725664624621534
0   1.8725664624621485
0   2.2824122828871181
0   2.2824122828870972
0   2.1085068031446568
0   2.1085068031446457
0   2.0932958476442258
0   2.0932958476442263
0   3.252116422886834
0   2.1875059951615703
0   2.1875059951615694
0   2.8322865165387321
0   2.8322865165387161
0   2.21989373308659
0   2.3352271841101055
0   2.3352271841100962
0   2.9130289142608974
0   2.9130289142609129
0   2.8496412377635787
0   1.9967800985805537
0   1.9967800985805515
0   2.4708482897828161
0   2.4708482897828254
0   2.3383521019173545
0   2.3383521019173426
0   1.8591654184775335
0   1.8591654184775233
0   3.0809482038208067
0   3.0809482038207898
0   1.4789944981703751
0   1.478994498170366
0   2.7445476662907691
0   2.7445476662907651
0   1.9858984840110612
0   1.9858984840110523
0   2.264339921813479
0   2.2643399218134777
0   1.6954454900728009
0   2.4837505720064992
0   1.7719072542235659
0   1.7719072542235565
0   1.5429041433885038
0   1.5429041433885042
0   2.6645962182303142
0   2.664596218230308
0   2.9749953866887759
0   2.9749953866887902
0   2.9405009963755537
0   2.9405009963755391
0   1.5682842496245586
0   2.5421508178309007
0   2.5421508178308923
0   2.8523837102546472
0   2.026570515195766
0   2.02657051519577
0   2.1350282081773959
0   2.1350282081773773
0   2.5007697015290891
0   2.5007697015290833
0   1.3944240689329839
0   2.9854637327468709
0   2.9854637327468549
0   2.0271105133251592
0   2.7086121679882083
0   2.0653152262736514
0   2.1563845540969582
0   2.1563845540969551
0   2.5595839006890366
0   2.5595839006890451
0   2.6832451844128693
0   2.6832451844128702
0   2.0524680500241765
0   2.0524680500241783
0   1.7876807044832148
0   2.8011370039632895
0   2.26432811918409
0   2.2643281191840918
0   2.0774841758461067
0   2.0774841758461178
0   2.2622195931196907
0   2.2622195931196827
0   2.5542952667524093
0   2.5542952667524106
0   2.221103772419093
0   2.2211037724190845
0   1.924399334915269
0   1.8060020804593191
0   1.8060020804593271
0   2.431676962464199
0   2.4316769624642003
0   2.321373392564305
0   2.3213733925642996
0   2.1039525986607681
0   2.103952598660769
0   2.170990323480285
0   2.1709903234802832
0   3.0899526916498017
0   3.0899526916498008
0   1.9875412869417608
0   1.9875412869417635
0   2.2340072690596551
0   2.2340072690596617
0   2.5444954931167634
0   2.188000217191191
0   2.1247878173928725
0   2.1247878173928689
0   2.1836300288351835
0   2.1836300288351844
0   1.4806202356209746
0   1.9107789776958159
0   1.9107789776958293
0   2.4230937928476375
0   2.4230937928476313
0   1.948546451488645
0   2.4760595250251516
0   1.7399233018071047
0   1.7399233018070999
0   2.4010805259881605
0   2.4010805259881365
0   2.4161893398059302
0   2.4161893398059244
0   2.2492773622197606
0   2.2492773622197673
0   2.9855700978015585
0   2.9855700978015625
0   2.4396455787909535
0   2.4396455787909495
0   2.3958745543930138
0   2.3958745543930089
0   2.0897372421426237
0   1.8987515163040163
0   1.8987515163040118
0   2.1698331882834743
0   1.7314228984126974
0   1.7314228984126983
0   2.0529040937345648
0   2.0529040937345711
0   1.992738096932511
0   1.9927380969325061
0   2.4718729208256631
0   2.471872920825656
0   2.820849561981094
0   2.2881539626620864
0   2.2881539626620846
0   2.3329679496184363
0   2.3329679496184328
0   1.5285379376490105
0   1.5285379376490051
0   2.3363021115153546
0   2.3363021115153337
0   2.1254814598648766
0   2.1254814598648637
0   2.4833891470107634
0   2.4833891470107496
0   2.2780292870213823
0   2.278029287021385
0   2.9551333460049145
0   2.1789639178428608
0   2.1789639178428613
0   1.6961083735973701
0   1.6961083735973692
0   2.4466828386934409
0   2.0684556280197777
0   2.0684556280197968
0   2.255493663005351
0   2.2554936630053573
0   2.6706313029439381
0   2.6706313029439404
0   2.0152540522905582
0   1.9305075687725965
0   1.9305075687725997
0   1.2339287572044511
0   2.0930598096895237
0   2.0930598096895263
0   1.844239724674277
0   1.8442397246742783
0   2.1915062834958525
0   2.1793259610862199
0   2.0163884739442532
0   1.7730434409190523
0   1.7730434409190425
0   1.8011423760658793
0   1.8011423760658856
0   1.6624770476804791
0   1.6624770476804813
0   2.2203488438734649
0   2.2203488438734649
0   2.1177527958849347
0   2.1177527958849338
0   2.2729109880804268
0   2.2729109880804286
0   2.370146960969564
0   2.3701469609695685
0   2.0658455665136843
0   2.065845566513691
0   2.7908262521426148
0   1.8041588818526919
0   1.6657080125727592
0   2.3985434806807273
0   2.3985434806807264
0   1.8868326790421484
0   1.8868326790421532
0   2.2465452586950905
0   2.2465452586951034
0   2.4255178798701849
0   2.4255178798701911
0   1.8952702395499319
0   1.8952702395499319
0   2.1035538646331662
0   2.1260928534655386
0   2.1260928534655408
0   2.3056952506734318
0   2.3056952506734341
0   2.1077184946855065
0   2.2191967214710329
0   2.2191967214710302
0   2.1418765317005892
0   2.1418765317005986
0   1.7096563771278279
0   1.8813523675708548
0   2.2707260994778604
0   2.2707260994778622
0   1.9508820836221887
0   1.9508820836221954
0   1.5777557712438544
0   1.5777557712438539
0   2.5068282387787448
0   1.9876339515622461
0   1.9876339515622408
0   2.5447203971932262
0   2.5447203971932213
0   1.5399319228645094
0   2.1692449917220022
0   2.169244991722004
0   1.5578973261614277
0   1.5578973261614273
0   2.2937367632279266
0   2.2937367632279293
0   2.4581347380861893
0   2.4581347380861942
0   2.1744672730313956
0   2.1744672730313965
0   2.1581676868592066
0   2.1581676868592106
0   2.8495860318747344
0   1.9349096000426531
0   1.9349096000426504
0   1.9413087384617369
0   1.9413087384617409
0   2.6187431329750761
0   2.3619238005232743
0   1.4496257393191376
0   1.4496257393191374
0   2.1239947959338275
0   2.1239947959338341
0   1.7139885279152596
0   1.7139885279152582
0   2.3344134794166052
0   2.334413479416606
0   2.2457215140530011
0   2.598800659703659
0   2.5988006597036533
0   1.7585455560255525
0   1.7585455560255547
0   1.6478105367187768
0   1.6478105367187856
0   1.9410132803685438
0   1.9410132803685465
0   1.9542022977593159
0   1.9542022977593123
0   2.5269502941635142
0   2.5782360266030016
0   1.635494408922388
0   1.3169361356115223
0   2.0464259504989237
0   2.4904755356006256
0   2.4904755356006274
0   1.6432823350118393
0   1.6432823350118517
0   1.4784025465202935
0   1.807371480752245
0   1.8073714807522365
0   1.9383354612538697
0   1.6792529021266112
0   1.679252902126612
0   2.7098857080500336
0   2.7098857080500318
0   1.8674538562356928
0   1.8674538562356262
0   1.6745991081887759
0   2.1192895137254619
0   2.1192895137254588
0   1.752470287218213
0   1.7524702872182099
0   2.3471748325452646
0   2.3471748325452055
0   1.8300709896328025
0   1.8300709896327985
0   1.7918678141440769
0   2.3780655324577342
0   2.3780655324577369
0   1.6743459899742184
0   1.6792511530492846
0   1.6792511530492824
0   1.4091416807624404
0   1.4091416807624437
0   2.2477202086203825
0   2.2477202086203873
0   2.0247349846376013
0   2.0247349846376057
0   1.7922875541483054
0   1.7922875541483081
0   1.785143285718926
0   2.0055330724683351
0   2.0055330724683373
0   3.0689064271679865
0   1.8282465120544744
0   1.8282465120544762
0   2.4630956395468151
0   2.4630956395468249
0   2.2932624044222871
0   2.293262404422288
0   1.8589512232498082
0   1.8589512232498109
0   1.2576518388687055
0   2.5136803941162622
0   2.51368039411626
0   2.1384656684643182
0   2.13846566846432
0   2.704664007706886
0   2.7046640077069015
0   2.4797271839046058
0   2.1279882257078184
0   1.8054850671760314
0   1.8054850671760283
0   2.4259873301111798
0   2.4259873301111958
0   2.0153064631108624
0   2.0153064631108637
0   1.8941064884072158
0   1.8941064884071657
0   2.0543006301615958
0   2.0543006301616002
0   1.8266940754641738
0   1.8266940754641801
0   1.7092219063134091
0   1.7092219063134086
0   1.6329828387781835
0   1.6329828387782359
0   2.1246866681965075
0   1.8458251413793065
0   1.8458251413793012
0   1.5975304553581156
0   1.5975304553581231
0   1.9902211845967321
0   2.0669790486550834
0   1.6351480495987398
0   1.9901443061044004
0   1.9901443061044066
0   1.8420915716106898
0   1.8420915716106951
0   2.2150948444484331
0   1.9166771410060148
0   1.8219761469455253
0   1.8219761469455342
0   1.6742718987211922
0   1.67427189872119
0   1.7096904823016876
0   1.7096904823016854
0   2.4893019337703728
0   2.4893019337703794
0   1.8748344686484302
0   1.8748344686484351
0   1.6274958109382136
0   2.281712046363269
0   2.281712046363269
0   1.1345714179884827
0   1.9659889892964859
0   1.9659889892964877
0   1.7304639769781009
0   1.7304639769780898
0   2.4296656016269229
0   2.4296656016269171
0   1.7422187750674949
0   1.7422187750674984
0   2.052171494231112
0   2.0521714942311107
0   1.2298618669350074
0   1.2298618669350099
0   2.3644112226891214
0   2.3644112226891294
0   2.000020994851845
0   2.0000209948518557
0   1.6438946626832691
0   1.6438946626832673
0   1.9074660594201531
0   1.9074660594201673
0   1.4337231820807819
0   1.4337231820807823
0   1.7671751229341792
0   1.7671751229341872
0   2.2197845143646937
0   2.5805951910780212
0   2.5805951910780274
0   1.7285770208493134
0   1.7285770208493236
0   1.5977458335854711
0   1.5977458335854715
0   2.1730095761318977
0   2.1730095761318973
0   1.8777688925036125
0   1.4509731689464642
0   1.4509731689464704
0   2.2081033187930363
0   2.208103318793035
0   1.782867699174302
0   1.7828676991743082
0   1.4175991174704439
0   1.7678012070027767
0   2.1574738733090801
0   2.1574738733090832
0   1.943479690790352
0   1.7182461589176987
0   1.7182461589177032
0   1.8077358655934335
0   1.8077358655934339
0   1.5771813458276687
0   1.5771813458276687
0   2.2461386855671748
0   2.0725139279310811
0   1.5499700351735184
0   1.5499700351735219
0   1.5291435374706182
0   1.5291435374706217
0   1.7069221837844437
0   1.7069221837844473
0   1.3573397151466677
0   2.0253390990761932
0   1.9521252006502738
0   1.9521252006501975
0   2.1279691199651563
0   2.1279691199651607
0   1.7648102312953391
0   1.7648102312953404
0   1.4817610665116723
0   1.4817610665117791
0   1.8748724248820152
0   1.8748724248820143
0   1.9419912758567008
0   1.9419912758567035
0   1.7426656586976383
0   1.7426656586976446
0   1.4836094436408231
0   1.783749184578995
0   1.7837491845790012
0   1.37089200343592
0   1.3708920034359198
0   2.4442000277217422
0   1.8962393125950792
0   1.857284589257493
0   1.8572845892574898
0   2.2552989394405065
0   2.2552989394405185
0   2.0551129981052543
0   2.0551129981052587
0   1.7327284288599674
0   1.7327284288599718
0   1.4594731130896632
0   1.4594731130896696
0   2.1235147123974403
0   2.1235147123974425
0   1.874851574345775
0   1.8748515743457723
0   1.6275194308667511
0   1.6275194308667542
0   1.9084076097131879
0   1.908407609713191
0   1.9908532133362464
0   1.7824115762769264
0   1.782411576276925
0   1.424669955405274
0   1.4246699554052715
0   1.2840149719399283
0   1.3979562141867881
0   1.5234940446744747
0   1.5234940446744809
0   1.957265323159894
0   1.9572653231598935
0   1.4257734674715732
0   1.425773467471575
0   1.9182504629475075
0   1.9182504629475066
0   1.4693378884289361
0   2.3797211917025254
0   1.8130012825375839
0   1.813001282537591
0   1.3891932520161272
0   1.3891932520161332
0   1.272078425526121
0   1.2720784255261213
0   1.715723120590658
0   1.7157231205906602
0   1.8556367486543781
0   1.8556367486544016
0   1.7174338087842451
0   1.7174338087842886
0   1.476513895186732
0   1.7158845990409519
0   1.7158845990409395
0   1.1773510527478313
0   1.8787086711382059
0   1.8787086711382113
0   2.4935566920140007
0   2.4935566920139833
0   1.7223010292331002
0   1.7223010292330838
0   1.3594479465060219
0   1.3594479465060196
0   1.650497908872512
0   1.564928380002077
0   1.5649283800020344
0   1.7194493541902669
0   1.7194493541902665
0   1.3567498904061277
0   1.408375784460663
0   1.408375784460665
0   1.8097133440443045
0   1.8097133440443125
0   1.5413073782150204
0   1.5413073782150271
0   2.3334417223739088
0   2.3334417223738981
0   1.7412844466932929
0   1.5185817372217612
0   1.5185817372217811
0   1.8642826084789861
0   1.7853212290910943
0   1.7853212290910911
0   1.4273047836453017
0   2.3833729275374824
0   1.7711504803540223
0   1.7711504803540419
0   2.2465800481635756
0   2.24658004816358
0   1.5924043865777988
0   1.5924043865777975
0   1.5025787852812158
0   1.5025787852812136
0   1.5959716461690436
0   1.5959716461690463
0   1.73953623308915
0   1.7395362330891695
0   1.8238807999338951
0   1.8238807999338928
0   1.7633695657325856
0   1.7633695657325879
0   1.6958630598237079
0   1.6958630598237172
0   1.4914316725259704
0   1.491431672525978
0   1.1941116195271499
0   1.1941116195271513
0   2.1905352518855765
0   1.2622001427392322
0   0.98319115437428772
0   0.98319115437428795
0   1.8243189422282011
0   1.8243189422282042
0   1.6295675885862551
0   1.6295675885862559
0   0.84186420008615559
0   1.3010240480126385
0   1.301024048012634
0   1.4870203985593657
0   1.4870203985593715
0   1.4418562580727483
0   1.4418562580727514
0   1.1027056772319705
0   1.2584042551233552
0   1.2584042551233627
0   2.1848098598945391
0   2.1848098598945351
0   1.5600321016212026
0   1.5600321016212186
0   1.3808623810837837
0   1.380862381083789
0   1.4236312025361453
0   1.4864906517462264
0   1.4864906517462415
0   1.3563141227412667
0   1.3563141227412729
0   1.3386347727414452
0   1.9225982441288654
0   1.9225982441288698
0   2.0854398504234464
0   2.0854398504234699
0   1.9685446277576975
0   1.2208937665026107
0   1.2208937665026167
0   2.3966809384901664
0   0.65737117933250167
0   0.65737117933248768
0   1.2471895588117015
0   1.2121024704857655
0   1.2121024704857979
0   1.6279873766502373
0   1.6279873766502497
0   2.1031052616947647
0   2.1031052616947852
0   1.0014462856755035
0   1.5992054953356023
0   1.5992054953356063
0   1.8863042319172187
0   1.7615652668148183
0   2.2034264237457695
0   2.2034264237457815
0   1.6780593964145352
0   1.6780593964145356
0   1.0262976441733263
0   1.6097618676619478
0   1.6097618676619585
0   2.3025067360132638
0   2.3025067360132749
0   1.6686600938186267
0   1.6686600938186209
0   2.6757382341773153
0   1.9720846346581586
0   1.9720846346581595
0   1.1454549159293435
0   1.145454915929357
0   1.5334894402425765
0   1.6765141509733028
0   1.6765141509733117
0   1.6889696877569356
0   1.6889696877569516
0   2.1196332380543494
0   1.3584598509770522
0   1.3584598509770662
0   0.67703079577844494
0   0.67703079577845027
0   1.8516798417254368
0   1.8153571191204669
0   1.8153571191204798
0   1.6837825689013424
0   1.5939309560035348
0   1.0275600433072871
0   1.027560043307288
0   1.2590052736536761
0   1.1484246476489877
0   1.148424647648995
0   1.1896345054599025
0   1.1896345054599231
0   1.095890133424436
0   1.095890133424436
0   1.5290750749171909
0   1.5290750749171838
0   1.3531678230814426
0   1.3531678230814441
0   1.1434518550549779
0   1.143451855054981
0   0.7832375043239177
0   1.2225697706718204
0   1.4291359083178774
0   1.4291359083178823
0   1.3979070979636801
0   1.1344355103214645
0   1.1344355103214661
0   1.2711683835082854
0   1.2711683835082981
0   1.7804304761604857
0   1.1574757587734574
0   1.7707368897152809
0   1.770736889715288
0   1.658259508286708
0   1.6582595082867155
0   1.4441116791582351
0   1.4441116791582471
0   1.160431938135845
0   1.1180692311665461
0   1.1180692311665603
0   1.8839989159862451
0   1.8839989159862509
0   1.5773099176173995
0   1.5773099176174004
0   1.0799548658170657
0   1.0799548658170723
0   1.4831274719775611
0   1.0572059590653307
0   1.0289720036461467
0   1.0944612770028579
0   1.0753558513405128
0   1.0753558513405137
0   1.096125859943988
0   1.3196160203850071
0   1.3196160203849947
0   1.8085320945073105
0   1.8085320945073282
0   1.496156444508981
0   1.4961564445089706
0   1.0372702968007235
0   1.037270296800737
0   1.0689126416483217
0   1.0689126416483292
0   1.0798777572029572
0   1.0798777572029585
0   1.4408003631502722
0   1.0883165118442713
0   1.0883165118442724
0   1.3312662573962246
0   1.0452745472934133
0   1.0452745472934195
0   1.0498885520132315
0   1.0498885520132319
0   1.8346892554426351
0   1.8346892554426399
0   1.0489069825080508
0   1.0489069825080493
0   0.74968801437593324
0   0.74968801437593235
0   1.7834461561246426
0   1.7834461561246329
0   1.9335360868153675
0   1.9335360868153719
0   1.0340175947663155
0   1.0340175947663153
0   1.5173272652868852
0   1.517327265286911
0   1.0519961000524878
0   1.0519961000524949
0   0.78256426739376561
0   0.78256426739374874
0   1.0341188982398066
0   1.0341188982398142
0   1.888424022528425
0   1.8884240225284334
0   1.9373083087628129
0   0.33062548716114293
0   0.33062548716114637
0   1.0122448101973205
0   1.0122448101973285
0   0.36113761167642422
0   0.39075876431402257
0   0.39075876431402401
0   1.016732866871503
0   0.44424613160826132
0   0.44424613160827164
0   1.0185057124196977
0   1.0185057124197006
0   1.0000000000000038
0   1.0000000000000115
0   0.20670717499731528
0   0.20670717499731961
0   1.001287875315078
0   1.0012878753150867
0   1.0078272932081069
0   1.0020240926382467
0   1.0020240926382713
0   1.0064430564924236
0   1.0064430564924232
0   0.12630543867496935
0   0.12630543867496979
0   0.11808535753240734
0   1.0034378320482287
0   1.0034378320482444
0   1.005869103317439
0   0
0   0

1   3.568646149687094
1   3.4323232126061787
1   3.4323232126061782
1   3.0775711997762722
1   3.0775711997762736
1   2.5938545653873164
1   2.5938545653873128
1   2.0830388920237315
1   2.0830388920237328
1   1.6712695132874376
1   1.6712695132874389
1   1.5073964491244363
1   4.2840616310750637
1   3.6838811731799144
1   3.6838811731797279
1   2.5359788663209089
1   2.6085246831397839
1   2.608524683139763
1   2.9108827236040407
1   2.910882723603994
1   2.823314115346097
1   2.8233141153460557
1   2.8521916487523211
1   2.8521916487522838
1   2.7345666268999747
1   2.734566626899956
1   3.2826657864154671
1   3.2826657864154312
1   2.1049866248599738
1   2.1049866248599827
1   2.7830790107085366
1   2.7830790107085228
1   2.0604966593224825
1   2.0604966593224656
1   2.3020886198149402
1   2.1394269127104812
1   3.6727778876510175
1   2.5960201609420848
1   2.5960201609420839
1   2.2582763736591689
1   2.2582763736591525
1   2.5484449973546499
1   2.5484449973546526
1   2.1694337514461632
1   2.7574652552773489
1   2.7574652552773484
1   2.8971757126865327
1   2.8971757126865194
1   3.3933095187693763
1   2.9733945130520723
1   2.9733945130520376
1   3.0389778877678788
1   3.0389778877678637
1   3.024061958070495
1   2.5804636586621328
1   2.580463658662119
1   2.9545049234828022
1   2.9545049234828094
1   2.6707971570945661
1   2.6707971570945594
1   2.8065340512589083
1   2.8065340512588484
1   2.7020812145046134
1   2.4409304781532284
1   2.4409304781532137
1   2.3764951557337772
1   2.3764951557337759
1   2.2199857094980922
1   2.9884234867872732
1   2.9884234867872284
1   2.4207741753786371
1   2.420774175378638
1   2.5209569460316832
1   3.0746564347112595
1   3.074656434711236
1   2.5481467855666944
1   2.5481467855666811
1   2.9782427359566559
1   2.9782427359566572
1   2.330313392818804
1   2.3303133928188067
1   2.6912813739559986
1   2.6912813739559769
1   2.8033221900505918
1   2.6944881637708522
1   2.6944881637708487
1   2.2723385821923934
1   2.2723385821923858
1   2.7063668168165598
1   2.7063668168165429
1   1.7867670426288251
1   3.0748378502972966
1   3.0748378502972935
1   3.1860489524630431
1   2.2418530708372844
1   2.8781723200806524
1   3.3046981336561179
1   3.3046981336561188
1   1.9512764047036573
1   1.9512764047036373
1   2.9410419845286908
1   2.9410419845285891
1   3.0075309434320707
1   3.0075309434320876
1   1.8683789652105394
1   1.8683789652105518
1   3.2316938314278274
1   3.0329512369918459
1   3.0329512369917535
1   2.5376654597049919
1   2.5376654597049861
1   2.9500431702995664
1   2.9500431702995829
1   1.900097228491664
1   1.9000972284916418
1   1.6895846874219913
1   1.6895846874220073
1   1.5287047450543416
1   1.5287047450543532
1   2.1469098732816199
1   2.1469098732816128
1   1.5107660136719683
1   2.0913797184281631
1   2.09137971842816
1   3.0657448657286661
1   1.8283235051608551
1   1.8283235051608404
1   2.154408614289157
1   2.1544086142891099
1   2.5970640167465957
1   2.5970640167465571
1   2.3668296482665094
1   2.3668296482665054
1   2.1683056350995358
1   2.6461208701799039
1   2.6461208701798888
1   2.6812464172350881
1   2.6812464172350672
1   2.9284556208735442
1   2.3927785862708424
1   2.3927785862708202
1   3.2262401421825078
1   2.0464550578628864
1   2.0464550578628802
1   3.2085644820104835
1   3.2085644820104706
1   3.0048137270199944
1   3.0048137270200095
1   2.0099413449621593
1   1.3903011872722855
1   2.9412316027572869
1   2.0522122871691573
1   2.0522122871691444
1   3.1213969865935804
1   2.686633258210724
1   2.6866332582106991
1   2.287504513842225
1   2.2875045138422254
1   2.4082656100253881
1   2.4082656100253774
1   2.222502249491876
1   2.2225022494918849
1   2.4813462700372528
1   2.481346270037283
1   3.3486491904348776
1   3.3486491904348425
1   2.428516276325253
1   2.4285162763252384
1   2.5139104476097609
1   1.6325975797054935
1   1.6325975797054917
1   3.2964875470981969
1   3.2964875470981898
1   2.9993674070369609
1   2.5268211763263295
1   2.5268211763263335
1   2.3781387928806192
1   2.3781387928806139
1   2.3421595376593949
1   2.3421595376593856
1   3.2260497589613863
1   2.1240705402077982
1   2.1240705402077955
1   2.2976355487822966
1   2.2976355487823019
1   2.4007659876364413
1   2.4007659876364356
1   2.4941942443402625
1   2.4941942443402616
1   1.9907547005524528
1   1.9907547005524533
1   2.6038413889545513
1   2.6038413889545402
1   1.8748319697842954
1   1.8748319697842981
1   2.6682886891737589
1   2.6682886891737576
1   1.934737431445265
1   1.9347374314452641
1   2.3291805352731574
1   2.8363448709581087
1   2.8363448709581052
1   2.2213570949791288
1   2.3120982420260523
1   2.312098242026047
1   2.3461400062825697
1   2.0969556928076032
1   2.8373559838325915
1   2.8373559838325892
1   1.4896019858790095
1   2.80633606963803
1   2.80633606963803
1   2.494997943522709
1   2.4949979435226979
1   3.0098934435890072
1   3.0098934435889948
1   2.6262845300965836
1   2.3479515765862997
1   2.3479515765862997
1   2.5474340251071275
1   2.6246004710362043
1   2.6246004710362012
1   2.2210573303049173
1   2.221057330304919
1   2.1932192768368424
1   2.4373805577284728
1   2.4373805577284662
1   2.243574810756281
1   2.2435748107562774
1   2.4689842396398789
1   2.4689842396398731
1   2.3021359882111989
1   2.3021359882111936
1   2.4152340602986722
1   2.415234060298673
1   2.2607596850879781
1   2.6353181338378575
1   2.6353181338378548
1   2.3104928001719736
1   2.9686823321206655
1   2.9686823321206592
1   2.35062056776811
1   2.3506205677681167
1   2.1718059204903883
1   2.1718059204903915
1   2.1892755391939738
1   2.1892755391939822
1   2.8036092484612714
1   2.8036092484612616
1   2.165490943553531
1   2.1654909435535199
1   1.7091446098525038
1   2.27987954538778
1   2.5540185684988299
1   2.5540185684988161
1   2.6247044579450107
1   2.624704457945001
1   2.8861839657516049
1   2.8861839657515977
1   2.3287292408962386
1   2.3287292408962297
1   2.5827052527588297
1   2.5562436284250083
1   2.5562436284250096
1   2.1995373643722425
1   2.1995373643722318
1   1.9292742283640849
1   1.9292742283640978
1   2.2721909353165186
1   2.2721909353165164
1   2.6893966990891998
1   2.2852181756990184
1   2.2852181756990317
1   2.1275890546541132
1   2.1275890546541172
1   2.0158734103549958
1   2.6928832566624585
1   2.6928832566624488
1   2.1711228180540862
1   2.1711228180540876
1   2.825326125238488
1   2.8253261252384876
1   2.4401369402596624
1   2.4401369402596749
1   1.986679952706246
1   1.9866799527062402
1   1.8116826071207837
1   1.8116826071207797
1   1.8293139526551356
1   2.0553847289894338
1   2.0553847289894338
1   2.4072938179865919
1   2.4072938179865924
1   3.0785383710318786
1   2.0821294206803027
1   2.0821294206802947
1   2.1565184247030911
1   2.156518424703096
1   2.0276085428945159
1   2.0276085428945181
1   2.3682736639339605
1   2.3629028483644916
1   2.2996411607541658
1   2.2996411607541676
1   2.6195391934333401
1   2.6195391934333405
1   2.3023059392471552
1   2.0280044645900732
1   2.0280044645900692
1   2.3216627268960375
1   2.3216627268960308
1   1.8231860758023037
1   1.8231860758023073
1   2.1571556984104348
1   2.1571556984104245
1   1.7713845136950637
1   2.6413645407547506
1   2.0678671406487581
1   2.0678671406487634
1   2.459195445925642
1   2.4591954459256362
1   2.8065747824217939
1   2.1232210157973426
1   2.1232210157973461
1   2.038540123214915
1   2.0385401232149167
1   2.3777962434073494
1   2.6113454064518207
1   2.6113454064518185
1   1.9531736119349721
1   1.9531736119349734
1   2.2178563948217374
1   2.2178563948217453
1   2.0902762184098127
1   2.0902762184098131
1   2.3630002608653933
1   2.3630002608653951
1   2.4477726578335277
1   2.024288337097087
1   2.0242883370970817
1   2.281459469916097
1   2.2814594699161068
1   2.3102710039662715
1   2.1982335183063997
1   2.3375324296053446
1   2.3375324296053446
1   2.0437507888797475
1   2.6621722541395307
1   2.6621722541395338
1   2.4381415620592666
1   2.4381415620592732
1   2.2873737872078652
1   2.287373787207863
1   2.5215123074285799
1   2.5215123074285799
1   2.4199323982032657
1   2.419932398203283
1   2.7599627819414949
1   1.9580634315803072
1   1.9580634315803076
1   2.6131558380789284
1   2.0410414698187314
1   2.0410414698187265
1   2.462709360076321
1   2.4627093600763015
1   2.2857569101430633
1   2.2857569101430637
1   2.0808904143646836
1   2.4024025777850957
1   2.4024025777851006
1   2.4573780281958477
1   2.4573780281958459
1   1.9562623126167669
1   1.9562623126167695
1   2.2546104859686666
1   2.2546104859686711
1   2.3296782202375739
1   2.5178168659691531
1   2.5178168659691558
1   2.3304211360246496
1   2.3304211360246501
1   2.0547380217739089
1   2.0547380217739124
1   2.4368987151580006
1   1.9597096999442134
1   1.9597096999442152
1   2.2529669812684316
1   2.2529669812684361
1   2.0510939473683791
1   2.0510939473683814
1   2.2917607522210841
1   2.2917607522210846
1   1.7772703134124845
1   2.3448760709421324
1   2.3448760709421386
1   2.6008940247788042
1   1.4991134949584233
1   2.1683226261589805
1   2.0051204713842754
1   2.0051204713842812
1   1.8734374133456577
1   1.8734374133456639
1   2.6267914229653684
1   2.6267914229653755
1   2.1785797595516061
1   2.1785797595516052
1   2.9736168829851084
1   2.763892202682753
1   2.7638922026827597
1   2.9879881665437962
1   1.6358803727740225
1   2.1852685208900691
1   2.1852685208900753
1   2.1925929603828873
1   1.9418502806558022
1   1.941850280655808
1   1.8813773706260362
1   1.8813773706260366
1   2.0320131746606154
1   1.9447230728248073
1   1.9447230728248091
1   2.1403619657395039
1   2.1403619657395034
1   2.1317236758053113
1   2.1317236758053091
1   2.2683613042196704
1   2.268361304219678
1   2.2411252988272974
1   2.2411252988272925
1   2.6195620665901718
1   2.6195620665901713
1   2.6309672390675187
1   2.6309672390675187
1   2.3697659724062308
1   2.3683058888308044
1   2.3858044430179395
1   2.385804443017947
1   1.9858451647505304
1   1.9858451647505291
1   2.4263903391656982
1   2.4263903391657027
1   2.3339952080798008
1   2.2111745947131425
1   2.2111745947131474
1   2.0669918429081986
1   2.0927552857332579
1   2.0927552857332619
1   2.5441092635207903
1   2.5441092635207863
1   1.8622162414804393
1   1.8544044945437554
1   2.0465104978425361
1   2.046510497842537
1   1.9089480729243631
1   1.9089480729243595
1   1.9402132505208147
1   1.9402132505208054
1   1.9168862526696349
1   1.9168862526696406
1   2.4611868184911714
1   2.4611868184911794
1   2.3146068854555102
1   2.3146068854555235
1   2.0158025541834292
1   2.0158025541834346
1   1.8447581812519633
1   2.6133452783296383
1   2.6133452783296427
1   1.7982778103464687
1   2.0369370756665388
1   2.036937075666545
1   2.0281087433032172
1   2.0281087433032199
1   1.903872742929908
1   1.9038727429299045
1   1.9043917378457489
1   1.9043917378457551
1   1.8157459841303489
1   1.8157459841303516
1   2.0735396319301693
1   2.0735396319301702
1   2.0667867795703185
1   2.0667867795703252
1   1.7897189228766868
1   1.7897189228766872
1   2.5281890563989697
1   2.5281890563989764
1   1.6058065476731676
1   2.6712813176963008
1   2.2373095876814415
1   2.2373095876814442
1   1.9316446779592193
1   2.0877665958822234
1   2.0877665958822456
1   2.2615760022715299
1   2.2615760022715325
1   2.2869619232685805
1   2.2869619232685841
1   1.994481703683574
1   1.9944817036835847
1   2.5847736328256929
1   2.0437600262952271
1   1.461693673384397
1   1.4616936733843968
1   1.6830894176485929
1   1.6830894176486102
1   2.0231070332405783
1   2.0231070332405698
1   1.7773703235275335
1   1.6636373240346867
1   1.6636373240346876
1   2.0928380977899228
1   2.092838097789937
1   1.7049662548412967
1   1.7049662548412967
1   2.0294015360294999
1   2.0294015360295008
1   2.1890885893355105
1   2.0278047867676459
1   2.0278047867676476
1   1.7227684460912878
1   1.72276844609129
1   1.7873281916810315
1   1.7873281916810497
1   1.9505105373809526
1   1.9505105373809584
1   1.8014862185820304
1   1.80148621858203
1   1.8358666534482979
1   1.8358666534483055
1   1.7903417765641847
1   2.0334033679307826
1   2.0334033679307755
1   1.8902699427665648
1   1.8902699427665643
1   2.173588369204809
1   2.1735883692048112
1   1.9331874444076758
1   1.9331874444076864
1   2.0671173334217459
1   1.9557164123054753
1   1.9557164123054878
1   1.9146492050496846
1   1.9146492050496948
1   1.9397754395774376
1   1.8734213224740377
1   1.8734213224740293
1   2.0072816547699199
1   2.0072816547699284
1   1.4705569977588016
1   1.9554421386183849
1   1.9554421386183845
1   1.8503973806053247
1   1.8503973806053264
1   1.9820623712980132
1   1.9820623712980177
1   2.0685672018602119
1   2.4397226167741137
1   1.7907107886171216
1   1.7907107886171096
1   1.746397636092921
1   1.7463976360929059
1   2.0361799197609662
1   2.0361799197609538
1   1.743976654952883
1   1.7439766549528879
1   2.0368968618620875
1   2.0368968618620928
1   1.737948448270493
1   1.7379484482705223
1   1.9943434374669247
1   1.9943434374669424
1   2.2233168996626658
1   2.2233168996626791
1   1.8386785579609195
1   1.8386785579609204
1   1.9870970405406001
1   1.9870970405406183
1   1.6264653284330675
1   2.1571061289135298
1   1.8107770840760842
1   1.8107770840760811
1   2.073238579619352
1   2.0732385796193462
1   2.0513778095377231
1   2.0513778095377271
1   2.0723523138694921
1   2.0723523138694961
1   1.3085701940710202
1   1.6938790824643242
1   1.6938790824643277
1   2.1088792560218237
1   1.9741205548648315
1   1.9741205548648333
1   1.739490940082129
1   1.7394909400821281
1   1.9666130609104644
1   1.8455038907005812
1   1.8455038907005994
1   1.8083395585864177
1   1.8083395585864213
1   2.4408395644132939
1   2.4408395644132961
1   2.2054295157945312
1   2.2054295157945543
1   2.110662312904692
1   2.1106623129046906
1   2.5201434743355509
1   1.8916884142513384
1   1.8916884142513459
1   1.8301078249517024
1   1.8788024414391904
1   1.7399936944683954
1   1.7399936944684065
1   1.4262117889888888
1   1.4262117889889006
1   1.9131085061215778
1   1.913108506121584
1   1.963882607643864
1   2.0753834460740173
1   2.0753834460740084
1   1.9462207422417475
1   1.9462207422417501
1   1.5985349893673995
1   1.5985349893674021
1   1.8137659403126398
1   1.8137659403126394
1   1.419479875219577
1   1.4194798752195772
1   1.7028163758834163
1   1.7028163758834136
1   1.7996230225236056
1   1.8647995391815773
1   1.8647995391815773
1   1.6271280638652672
1   1.6271280638652694
1   1.722968442249913
1   1.7229684422499121
1   1.4379958937380688
1   1.6859343592609441
1   1.6859343592609464
1   1.4557929159759091
1   1.4557929159758867
1   2.0611548014134344
1   2.0611548014134176
1   1.7330447127576205
1   1.9906279855235676
1   1.9906279855235467
1   2.0552876456558939
1   2.0552876456559015
1   1.7184231664732352
1   1.694125755850556
1   1.6941257558505156
1   1.7460746718170528
1   1.7460746718170617
1   2.0691055961465317
1   2.0691055961466049
1   1.7714546507219024
1   1.7714546507218993
1   1.9970060543648351
1   1.9970060543648307
1   1.4532275195135798
1   1.8282295859943321
1   1.8282295859942974
1   1.5790490303214457
1   1.5790490303214066
1   2.0644294580854994
1   2.0644294580854825
1   1.7577457262764016
1   1.7577457262764025
1   1.2898020943268529
1   1.8797875466110217
1   1.8797875466110905
1   2.5119547022097728
1   1.7146458285150659
1   1.710193698220734
1   1.7101936982207513
1   2.307590943306173
1   2.3075909433061965
1   1.9387247430784753
1   1.9387247430784171
1   2.3092261825552298
1   1.1900139021451821
1   1.1900139021451586
1   2.0697505813278414
1   2.0697505813278627
1   2.4401752796455058
1   1.4664273986459433
1   1.4664273986459722
1   1.5517390564593949
1   1.5517390564593874
1   1.740331970036344
1   1.7403319700363444
1   1.3146208723470767
1   2.0170403820089686
1   1.9381451677253669
1   1.5880292713291912
1   1.5880292713291944
1   1.8684397471209158
1   1.7104570869531726
1   1.4200857347835427
1   1.4200857347835472
1   1.2599758532256944
1   1.2762344914072357
1   1.2762344914072357
1   1.497113946412431
1   1.4971139464124419
1   1.6521056047796283
1   1.6521056047796425
1   1.8224100352988071
1   1.822410035298816
1   1.7943349315247752
1   1.5870071820328331
1   1.427199682073901
1   1.4271996820739066
1   1.5387322174978793
1   1.5387322174978615
1   1.3652536783528215
1   1.3652536783526856
1   1.4096776054093665
1   1.6299010051633633
1   1.6299010051632981
1   1.8364440486541445
1   1.8364440486541422
1   1.3097366746976493
1   1.3097366746975854
1   1.4316706948244158
1   1.4316706948244213
1   1.7145268280965524
1   1.714526828096667
1   1.6970400969267576
1   1.6970400969267487
1   1.212882625394381
1   1.2251758459893938
1   1.2251758459894089
1   1.5652244350997937
1   1.4733806878885816
1   1.374184356762852
1   1.9032703743353361
1   1.9032703743353272
1   1.2171329802979387
1   1.2171329802979349
1   1.5066707603174714
1   1.5066707603174745
1   1.7442103945483924
1   2.0000667344076466
1   1.6912502606276925
1   1.6912502606276982
1   1.2685820245538479
1   1.2685820245538537
1   1.2903863804432669
1   1.290386380443256
1   1.2074962069444004
1   1.2074962069444273
1   1.4835403110212155
1   1.4835403110212202
1   1.1981156134689817
1   1.1981156134689832
1   1.4826455363147191
1   1.4826455363147142
1   1.2811385818990542
1   1.2811385818990597
1   1.9101012807218236
1   1.9101012807218201
1   1.6834278133158365
1   1.6834278133158485
1   1.4556865043255971
1   1.4556865043255991
1   1.6182654036723774
1   1.6182654036723885
1   1.0911258349222597
1   1.0911258349222699
1   1.0816308193800079
1   1.8588201105566355
1   1.8588201105566435
1   1.359138748623413
1   1.3591387486234252
1   1.963129509832831
1   1.1102617932655843
1   1.1102617932655858
1   1.2883729539954776
1   1.2883729539954927
1   1.1155957115081341
1   1.1155957115081414
1   1.0659320645942807
1   1.0659320645942876
1   1.0417394905273911
1   1.0417394905273936
1   1.025487087615814
1   1.0245668702055704
1   1.0245668702055788
1   1.013120868296002

2   3.9730340827179722
2   3.8102931531737569
2   3.8102931531737561
2   3.4324853475988251
2   3.4324853475988242
2   2.9782701245253023
2   2.9782701245252947
2   2.5687549918664736
2   2.5687549918664687
2   2.2917806206111484
2   2.291780620611148
2   2.1942523414433355
2   4.7562666351416141
2   3.8992261581189718
2   3.8992261581189416
2   3.1834322928911383
2   3.183432292891113
2   3.1047704025793381
2   3.104770402579323
2   3.0156666163232657
2   3.0156666163232586
2   3.1130774432929926
2   3.1130774432929771
2   3.1752039215295649
2   3.8492483502269419
2   3.8492483502269348
2   3.2492534633866437
2   3.2492534633866446
2   3.350758870232196
2   3.3507588702321778
2   3.7304625392580277
2   2.7686777889948821
2   2.7686777889948906
2   2.7850934365269633
2   2.7171230714798025
2   2.7171230714798025
2   2.7864360229393133
2   2.8420190667788541
2   2.8420190667788519
2   2.6794102371518349
2   2.6794102371518336
2   3.0546609845317705
2   3.0546609845317692
2   2.7946785552312297
2   2.7946785552312252
2   2.6421267947502778
2   3.4434467976730927
2   3.4434467976730856
2   2.9921392370217355
2   2.6950622411316054
2   2.6950622411315783
2   3.1860745838120499
2   3.1860745838120406
2   2.9180150553990818
2   3.1380205378376784
2   3.1380205378376886
2   2.7976343049660297
2   2.7976343049660435
2   3.392713796015745
2   3.3927137960157085
2   2.9580275284138993
2   2.9580275284138868
2   3.2213268185691915
2   3.221326818569219
2   3.4654439647162292
2   3.4654439647162221
2   3.9017566151193295
2   2.6318967457340698
2   2.6318967457340645
2   3.6262884195456238
2   3.6262884195456175
2   2.559017035927841
2   2.6520459242811896
2   3.1006623952789956
2   3.1006623952789898
2   3.7782415167495813
2   3.7782415167495849
2   3.1182303171563617
2   3.1182303171563555
2   3.4230132628586327
2   3.23865041822219
2   3.2386504182221909
2   2.6616231892559852
2   2.6616231892559896
2   3.7284734310130929
2   3.7284734310130867
2   2.4874788088696409
2   2.9061315406581589
2   2.906131540658154
2   3.0407048974779087
2   3.6782545320173412
2   3.6782545320173412
2   2.9865814282347971
2   2.9865814282347904
2   3.1395305349604552
2   2.4217482625592708
2   2.4217482625592712
2   2.7588200991728775
2   2.7588200991728735
2   3.740788509257067
2   2.4398851473951368
2   2.4398851473951311
2   3.5380214959721563
2   3.5380214959721581
2   2.9530002192480573
2   2.9530002192480538
2   2.425340266872551
2   2.4253402668725492
2   2.6609064884242928
2   2.6609064884242861
2   2.4424655584344199
2   2.4424655584344213
2   3.4888206561948514
2   2.6728923949376764
2   2.672892394937691
2   2.2333693453037555
2   2.2737839918960043
2   2.2737839918959968
2   2.2254447335085512
2   2.744445902309808
2   2.7444459023097045
2   3.1685145278271745
2   2.1546543822436304
2   2.154654382243649
2   3.3092671588897606
2   3.3092671588898366
2   2.7550773833374231
2   2.7736332691017092
2   2.7736332691017056
2   2.6701837991286967
2   2.6701837991286994
2   2.7625062772122546
2   2.7625062772122542
2   3.1628893531523534
2   3.1628893531523583
2   3.4330950425603692
2   3.433095042560363
2   3.4730164354473558
2   2.9697904664769279
2   2.7288643040122169
2   2.7288643040122147
2   3.2588195672458453
2   3.25881956724584
2   3.0705369878259092
2   3.0705369878259048
2   2.6639826486362685
2   2.663982648636257
2   3.0900649151301685
2   3.0900649151301605
2   2.5383943480961264
2   2.6550432232317336
2   2.6518745641814028
2   2.6518745641813966
2   2.6430757179485345
2   2.6430757179485282
2   2.9851404434384401
2   2.985140443438441
2   2.6724856186057617
2   3.1846800977546557
2   3.1846800977546588
2   2.856352944709299
2   2.856352944709299
2   2.6379014483494689
2   2.6379014483494645
2   2.5906948026428323
2   2.5906948026428327
2   2.5335031044281933
2   2.5335031044281893
2   2.9455365312817516
2   2.9455365312817405
2   2.9483455888629089
2   2.9483455888629089
2   2.9348309023400909
2   2.9348309023400834
2   2.6572135884808454
2   2.6572135884808392
2   2.8400377595017448
2   2.7814791603431588
2   2.7814791603431597
2   2.5388909129638724
2   2.5901460374523575
2   2.5901460374523535
2   2.9924621017558599
2   2.9924621017558635
2   3.0527999432423711
2   2.9843599477763934
2   2.9843599477763885
2   2.9159250159388561
2   2.9159250159388574
2   2.5036388836071333
2   2.5036388836071306
2   2.5798896239256313
2   2.579889623925629
2   2.6063205051667349
2   2.6063205051667357
2   2.2881920913466596
2   2.7519793382666116
2   2.4666696629139819
2   2.6032419800390043
2   2.6032419800390079
2   2.600807335844403
2   2.6008073358444022
2   2.7750728505175712
2   2.7750728505175704
2   2.5309439135291716
2   2.6108058153004943
2   2.6108058153004925
2   3.1336543218909148
2   3.1336543218909165
2   2.8684358514784738
2   2.8684358514784685
2   2.6134392746616943
2   2.4699933769700895
2   2.8503796877690957
2   2.8503796877690961
2   2.6822179551890821
2   2.6822179551890808
2   2.8164713330788018
2   2.5357343038660911
2   2.5357343038660818
2   2.7140591628132356
2   2.7140591628132307
2   2.4082522371527011
2   2.4082522371527046
2   2.5342719783665348
2   3.1814399385812373
2   3.1814399385812289
2   2.6971332492167899
2   2.6971332492167868
2   3.2315411084078889
2   3.2315411084078924
2   2.3051791032527413
2   3.0739991102274602
2   3.0739991102274571
2   3.5049152789125699
2   3.0583370206244287
2   3.0583370206244251
2   2.4393604953051922
2   2.4393604953051868
2   2.5669599229603417
2   2.5669599229603399
2   2.4367016920889206
2   2.4367016920889197
2   2.8965013954024896
2   2.8965013954024847
2   2.7688726928646017
2   2.7688726928646057
2   3.3807162725248503
2   2.8910322901146648
2   2.8910322901146674
2   2.5412175523361205
2   2.5412175523361196
2   2.7982663895101756
2   2.7982663895101703
2   2.915679688796641
2   2.5620741959261144
2   2.4275694376171413
2   2.4275694376171439
2   3.0000000000000013
2   2.5194787502187612
2   2.5194787502187594
2   3.5611251568213964
2   2.4776003436026914
2   2.4776003436026914
2   2.8755875762528644
2   2.8755875762528653
2   3.146454113711838
2   2.6787306883141135
2   2.6787306883141184
2   2.5658488283476739
2   2.5658488283476757
2   2.5515452929090316
2   2.551545292909037
2   2.2873962035507081
2   2.2873962035507098
2   3.1924432598306431
2   3.1924432598306423
2   3.0344248809399246
2   3.0344248809399255
2   2.3609312107787015
2   2.735323524427657
2   2.7353235244276584
2   2.3294332245311669
2   2.3294332245311669
2   3.5671137241689737
2   2.3879730523213047
2   2.3879730523213047
2   3.2278059288797136
2   3.2278059288797207
2   2.6541886372638221
2   2.6541886372638213
2   2.0771443748062359
2   2.3600285570585333
2   2.5154358646376878
2   2.5154358646376851
2   2.94229636548787
2   2.3813614202990045
2   2.3813614202990059
2   2.2484890770014139
2   2.8142968431615993
2   2.8142968431616029
2   2.8240850431972104
2   2.8240850431972162
2   2.3705839311943904
2   2.3705839311943873
2   2.2991490907330858
2   2.4502066108804925
2   2.450206610880489
2   2.7008490607689675
2   2.7008490607689759
2   2.4579445960437925
2   2.4579445960437956
2   2.8302009175798473
2   2.830200917579849
2   2.071824921383604
2   2.809778025062903
2   2.8097780250629008
2   2.321701243274116
2   2.7146749682350855
2   2.7146749682350855
2   2.242923822974507
2   2.2429238229745065
2   2.4955256504748666
2   2.4955256504748644
2   2.4784778407911481
2   2.4784778407911459
2   2.5714101462051602
2   2.5714101462051615
2   2.8526936954218076
2   2.8526936954218054
2   2.7918821540587744
2   2.7918821540587775
2   2.9345797687279047
2   2.934579768727902
2   2.076443848633942
2   2.2692435733357499
2   2.2921819767918485
2   2.2921819767918516
2   2.17116646716718
2   2.171166467167176
2   2.8480856350456385
2   2.3069444585160497
2   2.4495022417533927
2   2.4495022417533971
2   2.3196109888835399
2   2.319610988883539
2   2.3622409510870965
2   2.3622409510870979
2   2.3846006284665671
2   2.2503535798894405
2   2.250353579889445
2   2.616210196903749
2   2.6162101969037566
2   2.3204947150406019
2   2.2120917536753884
2   2.2120917536753915
2   2.547450375972788
2   2.5474503759727889
2   2.4965183581830934
2   2.4965183581830943
2   2.2112188900190821
2   2.2112188900190861
2   2.7724127267629313
2   2.3840214249530947
2   2.3840214249530964
2   2.7739611439326848
2   2.7739611439326879
2   2.4746873134109975
2   2.474687313410997
2   2.9157073980098676
2   2.551766944143496
2   2.5517669441434805
2   2.5316866195447894
2   2.5316866195447725
2   2.1479350287679422
2   2.1479350287679448
2   2.1634323919337648
2   2.1634323919337644
2   2.1108537006050114
2   2.1108537006050114
2   2.2737657905017596
2   2.3710342595110219
2   2.8255530856872273
2   2.1611112571891886
2   2.1611112571891935
2   2.118564100583523
2   2.1185641005835252
2   2.0185243734271148
2   2.018524373427117
2   2.5547026906885013
2   2.5547026906885
2   2.0725437966831111
2   2.2954281501059572
2   2.295428150105959
2   2.2521843218680293
2   2.2521843218680302
2   2.4706865420802573
2   2.47068654208026
2   2.4590599634567183
2   2.4590599634567161
2   2.1944246535979821
2   2.1944246535979777
2   2.7420898280942119
2   2.7420898280942057
2   2.3670593170055749
2   2.3670593170055692
2   2.0069351448792045
2   2.510478212839891
2   2.5104782128398901
2   2.3131450213023355
2   2.3131450213023372
2   2.7236483122994977
2   2.6753588555864898
2   2.675358855586496
2   2.561141656990074
2   2.5611416569900807
2   2.1092206038228971
2   2.1092206038228989
2   2.0744027461643606
2   2.0744027461643681
2   2.1329498233255109
2   2.1329498233255113
2   2.4467952809470144
2   2.4467952809470135
2   2.2401853248329493
2   2.2401853248329524
2   2.3704555386621267
2   2.3215743336701324
2   2.3215743336701284
2   2.0480967332469477
2   2.4554118913992826
2   2.4554118913992822
2   2.2391264363184709
2   2.2391264363184757
2   2.3193336794335826
2   2.3193336794335848
2   2.2753055362872563
2   2.2770688366726706
2   2.2770688366726684
2   2.0278931710323582
2   2.0278931710323609
2   2.6973532923443702
2   2.2112875942364818
2   2.2112875942364849
2   2.1999535272327924
2   2.1999535272327924
2   2.2582591654429387
2   2.2582591654429409
2   2.5798405567826004
2   2.5798405567825906
2   2.459098842734035
2   2.0750067060049679
2   2.6126793632395202
2   2.6126793632395229
2   2.0024788585921773
2   2.2856790232395148
2   2.2856790232395343
2   2.3455150172512487
2   2.3455150172512749
2   2.422147277993834
2   2.4221472779938185
2   2.0036945094209013
2   2.0817601325687849
2   2.0380730022624389
2   2.0380730022624376
2   2.4729353291004865
2   2.6006871446191568
2   2.0963649407057634
2   2.0963649407057652
2   2.1148258187481512
2   2.1148258187481552
2   2.1413095381108693
2   2.1828180676418651
2   2.18281806764187
2   2.0691762587666869
2   2.06917625876669
2   2.0898707575701039
2   2.0898707575701065
2   2.0753077529811028
2   2.0266164439256382
2   2.0266164439256364
2   2.2142009087224346
2   2.0270011837247965
2   2.0270011837247992
2   2.052418798135665
2   2.0524187981356676
2   2.0266450764325334
2   2.0266450764325361
2   2.0198055060415419
2   2.0198055060415543
2   2.0566050822564463
2   2.0566050822564517
2   2.0644090821907604
2   2.0644090821907737
2   2.0351510504100396

3   4.6477431482900444
3   4.3727684612488895
3   4.3727684612488806
3   3.9035634460324857
3   3.9035634460324777
3   3.4890584293085154
3   3.4890584293085101
3   3.2411978871496623
3   3.2411978871496552
3   3.1188116005542348
3   3.1188116005542339
3   3.0826873276336246
3   5.202950589205571
3   4.0005585657922751
3   4.0005585657922529
3   4.0710008587926128
3   4.0710008587926145
3   3.4670322580613586
3   3.4670322580613568
3   3.5777026618412116
3   3.5777026618412116
3   4.2143188236885409
3   4.2143188236885347
3   3.5953857367689643
3   3.5953857367689634
3   3.7191420134285078
3   3.7191420134285034
3   3.7792762504795014
3   3.62725185533683
3   3.4403482702189909
3   3.4403482702189887
3   2.9999999999999996
3   4.4491740100136763
3   4.2621114169887271
3   4.2621114169887253
3   4.0975151656727808
3   4.0975151656727853
3   3.9179177384167163
3   3.917917738416679
3   3.7043764177841609
3   3.7043764177841618
3   3.6175697290450559
3   3.6175697290450231
3   3.1087531786688443
3   3.1087531786688438
3   3.3789721706885745
3   3.3789721706885731
3   3.3628651129773361
3   3.3628651129773317
3   4.0037318300520308
3   4.0037318300520264
3   3.2924998256810758
3   3.2924998256810758
3   3.3172390690727203
3   4.1557837911559581
3   4.1557837911559572
3   3.3437867549950795
3   3.0226612083662832
3   3.0226612083662827
3   4.2408782439248602
3   4.2408782439248602
3   4.3854750561511322
3   4.3854750561511349
3   3.8267918579756861
3   3.9662177191042458
3   3
3   3.4132807943220418
3   3.4132807943220409
3   3.7709238395751612
3   3.7709238395751541
3   3.1635877318104493
3   3.2047992132289083
3   3.2047992132288963
3   3.9015062246812882
3   3.2434676048441702
3   3.243467604844164
3   3.3289190510376598
3   3.2290426804473862
3   3.229042680447388
3   3.7788702026244652
3   3.7788702026244598
3   3.3052693652233165
3   3.3052693652233156
3   3.4023129745200578
3   3.4023129745200555
3   3.2247918835428058
3   3.2247918835428044
3   3.0966175312841466
3   3.0966175312841466
3   3.3256449232602763
3   3.5901486337957165
3   3.5901486337957218
3   3.3556081913725304
3   3.0527317605012465
3   3.0527317605012456
3   3.2300870209526504
3   3.2300870209526495
3   3.0172358152365808
3   3.0172358152365795
3   3.2177638973917455
3   3.2177638973917548
3   3.2187205014869646
3   3.2187205014869655
3   3.6535816238328449
3   3.653581623832844
3   3.5068269678448383
3   3.5141687858027986
3   3.5141687858027995
3   3.0850785338254543
3   3.085078533825456
3   3.2605680790818337
3   3.2605680790818341
3   3.3014864903818868
3   3.3014864903818864
3   3.041326619265146
3   3.0413266192651469
3   3.073110614139257
3   3.0731106141392548
3   3.3353991918666441
3   3.1320859243182695
3   3
3   3.1291500875394651
3   3.1291500875394638
3   3.3527100309603317
3   3.3527100309603335
3   3.1358998309843149
3   3.1358998309843162
3   3.2985029638223877
3   3.2985029638223868
3   3.0934234233115014
3   3.093423423311497
3   3.0620814821220934
3   3.0620814821220961
3   3.2956595530022983
3   3
3   3.5472951308313769
3   3.5472951308313707
3   3.1518036010450876
3   3.1518036010450881
3   3.4240686418109272
3   3.4240686418109267
3   3.3415288174936828
3   3.3415288174936832
3   3.5826299006896987
3   3.5826299006896978
3   3.8651817183404598
3   3.3952965690111552
3   3.395296569011157
3   3.5797792238265176
3   3.3185659498332649
3   3.3185659498332636
3   3.5304512301030417
3   3.0000000000000004
3   3.9002329918382239
3   3.9002329918382213
3   3.7683037540701818
3   3.7683037540701791
3   3.4502756541201287
3   3.2604724521175008
3   3.2604724521175013
3   3.5329617652659593
3   3.1339962043726435
3   3.1339962043726439
3   3.0520723133154193
3   3.0851030856936625
3   3.0851030856936617
3   3.1075002444114221
3   3.107500244411423
3   3.0332663861594398
3   3.0332663861594398
3   3.0396710058675676
3   3.0396710058675658
3   3.4400999150271443
3   3.4400999150271421
3   3.2017152240034608
3   3.2017152240034621
3   3.0768615870569653
3   3.0768615870569627
3   3.0507675616112686
3   3.0507675616112668
3   3.2358586759869352
3   3.235858675986933
3   3.0000000000000013
3   3.0055043669671235
3   3.0055043669671213
3   3.0362646278076588
3   3.0362646278076593
3   3.0507299452612906
3   3.0105951948002039
3   3.0105951948002048
3   3.1288830925296636
3   3.1288830925296676
3   3.0556395829160561
3   3.2510955382246873
3   3.120037897104893
3   3.120037897104893
3   3.0467558417491722
3   3.046755841749174
3   3.0974565189357914
3   3.097456518935791
3   3.0080111758781878
3   3.0080111758781869
3   3.0043645516977016
3   3.0043645516977047
3   3.0084203855447083
3   3.0052313595440623
3   3.0052313595440627
3   3.0322456562292368
3   3.0322456562292368
3   3.001227695172906
3   3.0012276951729095
3   3.0017438936981606
3   3.0017438936981633
3   3.0213758855646016
3   3.0000000000000022
3   3.0068820854858926
3   3.0068820854858958
3   3.0006346719394505
3   3.0006346719394537
3   3.0006737265338468

4   5.507936026345253
4   4.8999042942726714
4   4.899904294272666
4   4.2823290518284329
4   4.2823290518284258
4   4.1081810956060387
4   4.1081810956060352
4   4.6316179845925465
4   4.0434091850481542
4   4.0434091850481515
4   4.010931922103862
4   4.0109319221038611
4   4
4   4.6661853462394216
4   4.6661853462394172
4   4.1177158646427632
4   4.1177158646427596
4   4.8440395470169113
4   4.7116316383203287
4   4.7116316383203314
4   4.5808742273908454
4   4.5808742273908454
4   4.484191667298675
4   4.4841916672986724
4   4.1028112091635176
4   4.1028112091635176
4   4.0042940541886205
4   4.3653529085660567
4   4.3653529085660567
4   4.3121601053645904
4   4.312160105364593
4   4.456021763100626
4   4.4560217631006163
4   4.1818689824370558
4   4.0614795301673396
4   4.0614795301673308
4   4.0002944126872757
4   4.0002944126872739
4   4
4   4.002085383650436
4   4.0020853836504351
4   4.0001372624682121
4   4.0001372624682121
4   4.0029281415483844
4   4.0029281415483835
4   4.0030926827961837
4   4.0155894035670441
4   4.0155894035670432
4   4.0071866146479325
4   4.0071866146479334
4   4.0023709477577611
4   3.9999999999999991
4   4.0016262042044186
4   4.0016262042044177
4   4.0002910974328163
4   4.0002910974328154
4   4.000151475527697
4   4.000151475527697
4   4.0001162195676372
4   4.0000146042484905
4   4.0000146042484888
4   4.0000495022697242
4   4.0000495022697242
4   4.0006079054702157
4   4.0006079054702166
4   4.0004051970330332

5   6
5   5
5   5
5   5
5   5
5   5.0000000000000009
5   5
5   5
5   5
5   5
5   5.0000000000000009
5   5

6   6

