-6   6

-5   6.0000000000000009
-5   5
-5   5
-5   5
-5   5
-5   5.0000000000000009
-5   5
-5   5
-5   5
-5   5
-5   5
-5   5

-4   5.7355167955973627
-4   4.9470022172325647
-4   4.9470022172325585
-4   4.2011255636745615
-4   4.2011255636745606
-4   4.3546880971467674
-4   4.0734383550998627
-4   4.0734383550998627
-4   4.7892447113122047
-4   4.7892447113122021
-4   4.0288766705980894
-4   4.0288766705980885
-4   4.006210219334486
-4   4.006210219334486
-4   3.9999999999999991
-4   4.0632037583480747
-4   4.0632037583480729
-4   4.9163210899604604
-4   4.7910770754427841
-4   4.7910770754427832
-4   4.8262222667644661
-4   4.8262222667644643
-4   4.6338757398676496
-4   4.6338757398676469
-4   4.0466480079364837
-4   4.0466480079364828
-4   4.0041670112932675
-4   4.1707732087383835
-4   4.1707732087383835
-4   4.3075775372485108
-4   4.3075775372485072
-4   4.1935554031807127
-4   4.193555403180711
-4   4.0750901371497408
-4   4.0750901371497381
-4   4.0990815453705824
-4   4.0000242532609356
-4   4.0000242532609356
-4   4
-4   4.0009981467717104
-4   4.0009981467717095
-4   4.0000075705071181
-4   4.0000075705071181
-4   4.0023329409982296
-4   4.0023329409982287
-4   4.0094432026408988
-4   4.0094432026408988
-4   4.001148132402113
-4   4.004106924154736
-4   4.0041069241547351
-4   4.0013236708196516
-4   3.9999999999999991
-4   4.000763696022366
-4   4.0007636960223634
-4   4.0001290508226592
-4   4.0001290508226575
-4   4.0001156334875798
-4   4.000115633487578
-4   4.0000629472216538
-4   4.0000079001785354
-4   4.0000079001785354
-4   4.0000273530159882
-4   4.0000273530159873
-4   4.000362924539008
-4   4.000362924539008
-4   4.000212469077205

-3   5.1084749168271921
-3   4.6050564918792158
-3   4.6050564918791714
-3   3.9683317722048779
-3   3.9683317722048379
-3   3.4539647028195919
-3   3.453964702819571
-3   3.2072822438191269
-3   3.2072822438191202
-3   3.0985126551313464
-3   3.0985126551313447
-3   3.0683991916762996
-3   4.911915722128736
-3   3.6859468218776428
-3   3.6859468218776312
-3   4.5388613477473463
-3   4.5388613477473374
-3   3.562920627914429
-3   3.5629206279144219
-3   3.673192540177876
-3   3.6731925401778769
-3   3.7568321184203421
-3   3.7568321184203457
-3   3.6951259432269232
-3   3.6951259432269179
-3   3.8032008136526274
-3   3.8032008136526247
-3   3.8512856479004993
-3   3.4517428689142635
-3   3.3621753698804611
-3   3.3621753698804611
-3   2.9999999999999996
-3   4.7063012413397605
-3   4.4509969201673689
-3   4.4509969201673645
-3   4.5254671584047532
-3   4.525467158404747
-3   3.7066662968619806
-3   3.7066662968619726
-3   3.809299620706593
-3   3.8092996207065921
-3   3.9231822639426319
-3   3.9231822639426221
-3   3.0793107033299894
-3   3.0793107033299871
-3   4.0557988576582078
-3   4.0557988576582025
-3   3.3191342383363391
-3   3.3191342383363631
-3   3.1885780347572523
-3   3.1885780347572803
-3   4.0327152662720387
-3   4.0327152662720396
-3   3.2634354366026272
-3   3.2398978654550343
-3   3.2398978654550334
-3   3.2330386069992407
-3   3.7909190376865576
-3   4.1638391028215249
-3   4.1638391028215205
-3   4.3959997042085783
-3   4.3959997042085641
-3   3.8955069418996455
-3   3.0119941009699804
-3   3.0119941009699795
-3   3.2785552607439992
-3   3.2785552607439987
-3   3.855104617360726
-3   3.8551046173607206
-3   3
-3   3.270079336256245
-3   3.2700793362562433
-3   3.9434104635464315
-3   3.1171770732183259
-3   3.1116684687097691
-3   3.1116684687097664
-3   3.1598704089982119
-3   3.1598704089982088
-3   3.190616469637261
-3   3.8611588336957015
-3   3.8611588336957023
-3   3.131759710682406
-3   3.1317597106824051
-3   3.2313990232324534
-3   3.2313990232324512
-3   3.131703091662509
-3   3.1317030916625099
-3   3.2289218984510422
-3   3.8477102482572443
-3   3.8477102482572407
-3   3.0426383309819598
-3   3.0426383309819598
-3   3.2657222116812248
-3   3.247057339199682
-3   3.2470573391996802
-3   3.0269318533030636
-3   3.026931853303068
-3   3.8082611961205357
-3   3.8082611961205295
-3   3.0508889548803211
-3   3.0508889548803197
-3   3.0181074644900381
-3   3.0181074644900376
-3   3.1558138698037679
-3   3.155813869803771
-3   3.585120979287761
-3   3.5851209792877574
-3   3.6830810238387572
-3   3.112607548906797
-3   3.1126075489067966
-3   3.0255022498782891
-3   3.0255022498782882
-3   3.4191528525511794
-3   3.4191528525511798
-3   3.2598344134984201
-3   3.0702348319619572
-3   3.0702348319619595
-3   3.0665013040356559
-3   3.0665013040356568
-3   3.2416817872505654
-3   3.0000000000000009
-3   3.1873898458279415
-3   3.187389845827941
-3   3.0935751235357514
-3   3.0935751235357496
-3   3.4082230624001739
-3   3.4082230624001664
-3   3.5177517751408587
-3   3.1272094690057162
-3   3.1272094690057139
-3   3.2408107392271037
-3   3.2408107392271024
-3   3.4334972023227812
-3   3.4334972023227777
-3   3.3055262322926118
-3   3.3055262322926198
-3   3.3348575797358642
-3   3.3348575797358646
-3   2.9999999999999996
-3   3.1464726191904262
-3   3.1464726191904262
-3   3.3587348879789594
-3   3.3587348879789634
-3   3.5671720595856993
-3   3.6738180659999928
-3   3.6738180659999902
-3   3.1492600835822757
-3   3.1492600835822757
-3   3.9254754178647904
-3   3.3321767362616246
-3   3.3834594390303625
-3   3.9278298979015265
-3   3.9278298979015203
-3   3.4988137244659216
-3   3.4988137244659208
-3   3.0000000000000009
-3   3.8582165199722169
-3   3.8582165199722098
-3   3.6397507563028082
-3   3.1729359278505949
-3   3.1729359278505931
-3   3.024917068779748
-3   3.1950115433676882
-3   3.1950115433676882
-3   3.1002069336414739
-3   3.1002069336414739
-3   3.0410033159094652
-3   3.041003315909466
-3   3.0678595262645847
-3   3.067859526264582
-3   3.2662044494010627
-3   3.2662044494010591
-3   3.0156391120432255
-3   3.015639112043226
-3   3.0904106628213337
-3   3.0904106628213364
-3   3.0438435654575904
-3   3.0438435654575864
-3   3.1080437428182055
-3   3.1080437428182051
-3   3.0257355279294265
-3   3.0257355279294282
-3   3.0000000000000013
-3   3.0015219300037033
-3   3.001521930003705
-3   3.0689374206768911
-3   3.0689374206768933
-3   3.0128264816063406
-3   3.012826481606341
-3   3.0185287784182182
-3   3.1570166034489007
-3   3.0029055239366853
-3   3.0029055239366862
-3   3.0219416565488939
-3   3.0630556691547954
-3   3.0630556691547914
-3   3.0201082968295498
-3   3.0201082968295525
-3   3.0463691598574778
-3   3.0463691598574791
-3   3.0035641406536064
-3   3.0035641406536073
-3   3.0022755535965371
-3   3.0022755535965411
-3   3.0037236125195426
-3   3.0019909010730665
-3   3.0019909010730661
-3   3.0161038264253568
-3   3.016103826425359
-3   3.0006901606692922
-3   3.0006901606692926
-3   3.0007510177449745
-3   3.0007510177449772
-3   3.0116991806000808
-3   3.0000000000000022
-3   3.0036068351679845
-3   3.003606835167989
-3   3.0003449974606053
-3   3.0003449974606085
-3   3.0003539694465839

-2   4.4725559618200101
-2   4.1628766173053258
-2   4.1628766173052547
-2   3.6211810375547753
-2   3.621181037554746
-2   3.0370345693508805
-2   3.0370345693508716
-2   2.5496449461192885
-2   2.5496449461192889
-2   2.2480564503789142
-2   2.2480564503789098
-2   2.1469201407515164
-2   4.9894052145049921
-2   3.8149330702842805
-2   3.8149330702842503
-2   3.2387489508619778
-2   3.2387489508619915
-2   3.4516009421344132
-2   3.4516009421344092
-2   3.0228018268650403
-2   3.0228018268650327
-2   3.1064509823792283
-2   3.1064509823792017
-2   3.1677235031184217
-2   4.1044101867560165
-2   4.104410186755973
-2   2.8824606124493979
-2   2.8824606124493846
-2   3.5413357133401968
-2   3.5413357133401711
-2   3.3034414656692088
-2   2.4609000735834377
-2   2.4609000735834332
-2   2.8795790150016067
-2   3.3699666759452147
-2   3.3699666759452152
-2   3.1514723998574774
-2   3.1514723998574761
-2   2.5676544219578172
-2   2.5676544219578363
-2   2.719194832502708
-2   3.0835474082887639
-2   3.1492579494018189
-2   3.149257949401794
-2   3.1991905649453529
-2   3.1991905649453583
-2   2.6847397839246292
-2   2.6847397839246212
-2   2.5888983703702784
-2   2.7136522209101153
-2   2.713652220910117
-2   2.8852952106971554
-2   2.7524752404022101
-2   2.7524752404022106
-2   3.1781743031861436
-2   3.178174303186136
-2   3.4449457475759941
-2   3.4449457475759639
-2   3.9510178519914225
-2   3.9510178519914225
-2   3.6137613825645021
-2   3.6137613825644834
-2   4.3525613155938245
-2   2.6595225268889786
-2   2.6595225268889675
-2   4.0521234087356124
-2   4.0521234087356044
-2   2.9871164481411547
-2   2.9871164481411547
-2   3.0715415129293921
-2   3.0715415129293873
-2   2.4123057022646663
-2   3.9420429292307064
-2   3.9420429292306975
-2   2.7582629203949489
-2   2.7582629203949427
-2   2.4629530475044539
-2   3.3848797589434882
-2   3.3848797589434843
-2   3.4636833105886735
-2   3.0389830564794469
-2   3.0389830564794487
-2   3.9254763125185113
-2   3.9254763125184988
-2   3.773866660722959
-2   3.9680930465453121
-2   3.9680930465453264
-2   2.9661350748517292
-2   2.6160110417600189
-2   2.6160110417599838
-2   2.7504812047785885
-2   2.7504812047785898
-2   3.2628756227823774
-2   2.9496676578902661
-2   2.9496676578902634
-2   2.6846184115617544
-2   2.6846184115617517
-2   2.428684787424523
-2   3.5888799330999825
-2   3.5888799330999754
-2   3.0709756986665906
-2   3.0709756986665746
-2   2.3801801302539629
-2   2.3801801302539616
-2   2.5539961915148819
-2   2.5539961915148859
-2   2.440518032720679
-2   2.4405180327206746
-2   3.4170993742225941
-2   3.4170993742225937
-2   3.5203805115372493
-2   3.1762672327340939
-2   2.3950600691908353
-2   2.3950600691908424
-2   2.4608304530854643
-2   2.4608304530854728
-2   2.5157304586550682
-2   2.5157304586550655
-2   2.3139579166353257
-2   2.3139579166353186
-2   2.7794937384599012
-2   2.7794937384598919
-2   2.7513632440965665
-2   2.9908825595099162
-2   2.9908825595099864
-2   3.0183964719713368
-2   3.0183964719713159
-2   2.975767510428061
-2   2.9757675104281454
-2   2.2067501531456721
-2   2.1831525636954572
-2   3.0204646767403358
-2   2.1479001268361024
-2   2.1479001268361007
-2   3.1569194252859374
-2   2.2226758909234476
-2   2.2226758909234512
-2   2.2933250447602829
-2   2.2933250447602624
-2   3.4920150683078948
-2   3.4920150683078939
-2   2.789868259966982
-2   2.7898682599669793
-2   3.0348241944571757
-2   3.0348241944571654
-2   2.6482578132171564
-2   2.9833828821163881
-2   2.9833828821163868
-2   2.6635183360090613
-2   2.6635183360090617
-2   2.7986418576571017
-2   2.5568723147886003
-2   2.556872314788595
-2   2.8354193783529125
-2   2.835419378352912
-2   3.3829535124882479
-2   3.382953512488247
-2   3.3634394689139695
-2   3.3634394689139677
-2   2.4062933006521625
-2   3.0565414472071901
-2   3.0565414472071879
-2   2.7782981003890685
-2   2.7782981003890677
-2   2.4702505251100906
-2   2.4702505251100857
-2   2.5163783064844885
-2   2.5163783064844853
-2   2.4657476860376746
-2   2.4657476860376741
-2   2.818170984685473
-2   2.8181709846854708
-2   2.7652523210576696
-2   2.7652523210576683
-2   2.7403233743743924
-2   2.7403233743743907
-2   2.4559475278755873
-2   2.4559475278755842
-2   2.7729933865481406
-2   2.7729933865481411
-2   2.5711843509484069
-2   2.829811097266453
-2   2.8298110972664481
-2   2.5607108609219518
-2   3.4115286516203609
-2   2.9094839789021494
-2   2.9094839789021432
-2   2.4904232581307642
-2   2.4904232581307486
-2   2.4467119493030305
-2   2.446711949303034
-2   2.5215208690169417
-2   2.5215208690169253
-2   2.5748554322869457
-2   2.574855432286943
-2   2.8460295929154316
-2   2.8460295929154249
-2   2.6853608299527938
-2   2.7395906617065116
-2   2.6665038695539427
-2   2.6665038695539427
-2   2.203372950446973
-2   2.4775453738297157
-2   2.4775453738297153
-2   2.5619384982238826
-2   2.5619384982238778
-2   2.9678641771246741
-2   2.967864177124671
-2   2.7585028349966909
-2   2.7585028349966869
-2   2.6429769903287355
-2   2.6803458392048505
-2   2.6803458392048451
-2   2.677966652398355
-2   2.8997488695309412
-2   2.899748869530939
-2   2.9684945838616468
-2   2.9684945838616419
-2   3.0146695393939908
-2   2.8940798621440136
-2   2.8940798621440105
-2   2.5009834448800508
-2   2.6070876604042077
-2   2.6070876604042046
-2   2.5264543123508205
-2   2.526454312350821
-2   2.4205417663247499
-2   2.587718998684168
-2   2.5877189986842164
-2   3.4180553864064955
-2   3.4558315885670972
-2   3.4558315885670967
-2   3.2245182138578761
-2   3.224518213857833
-2   2.2670140920284618
-2   3.2382173088339146
-2   3.2382173088339092
-2   3.3072505033376918
-2   2.3603121813797188
-2   2.360312181379721
-2   2.6330174227590746
-2   2.6330174227590719
-2   2.9168213858213612
-2   2.9168213858213567
-2   2.5818162813419252
-2   2.5818162813419243
-2   2.3866068832079717
-2   2.3866068832079717
-2   3.1170607705931461
-2   3.1170607705931417
-2   3.6383342692633072
-2   2.9026001195868263
-2   2.9026001195868298
-2   2.9395082028813038
-2   2.2971351105439517
-2   2.2971351105439495
-2   2.3775919205859748
-2   3.060705703703996
-2   2.3283647548391353
-2   2.3283647548391384
-2   3.3826227614536561
-2   3.3826227614536508
-2   2.9999999999999996
-2   2.3293015747530648
-2   2.3293015747530648
-2   3.126468938172736
-2   3.1264689381727391
-2   2.468547296260744
-2   2.4685472962607475
-2   2.7628755607369495
-2   2.7628755607369504
-2   2.5068379156507801
-2   2.5068379156507814
-2   2.7634254494376291
-2   2.7634254494376282
-2   2.2101335771753581
-2   2.2101335771753581
-2   3.0230870915963566
-2   3.023087091596357
-2   3.691710975782148
-2   2.78209625450038
-2   2.7820962545003849
-2   2.2752494846141329
-2   2.2919258681298662
-2   2.2919258681298658
-2   2.6617564802301512
-2   2.6617564802301548
-2   2.4418020503025106
-2   2.4418020503025142
-2   2.4508710531219604
-2   2.4508710531219613
-2   2.1795761890528791
-2   2.9547181850073847
-2   2.0471925942984464
-2   2.1276381138852209
-2   2.6587792618381227
-2   2.658779261838125
-2   2.8895550710890561
-2   2.8895550710890561
-2   2.7452205458461489
-2   2.7452205458461543
-2   2.2298672038402554
-2   2.2298672038402567
-2   3.0244351664630456
-2   3.024435166463046
-2   2.859637702438337
-2   2.8596377024383379
-2   2.8783573453907048
-2   2.8783573453907092
-2   2.223277379232393
-2   2.8868421262893382
-2   2.88684212628934
-2   2.5690614899399189
-2   2.5690614899399247
-2   2.1206811999747566
-2   2.1206811999747579
-2   2.3305000908675479
-2   2.3305000908675528
-2   2.5169484881331536
-2   2.5169484881331634
-2   2.1230673618418932
-2   2.1230673618418963
-2   2.5212796535745916
-2   2.5212796535745925
-2   2.515395491048201
-2   2.5153954910482006
-2   2.1793881646363986
-2   2.1806892816741397
-2   2.1806892816741406
-2   2.0349665596895194
-2   2.3306965712674992
-2   2.8132854096934032
-2   2.8132854096934006
-2   2.8389251767279058
-2   2.8389251767279049
-2   2.3269869017112637
-2   2.2353733953807544
-2   2.235373395380754
-2   2.0331611170186119
-2   2.8533604803064585
-2   2.1553547922452574
-2   2.3167560804359546
-2   2.3167560804359577
-2   2.0662355964694386
-2   2.0662355964694381
-2   2.2163766451660551
-2   2.2163766451660578
-2   2.5417265600066021
-2   2.5417265600066021
-2   2.5135427944451423
-2   2.5135427944451414
-2   2.19453927156199
-2   2.1945392715619882
-2   2.8217156703408119
-2   2.1405402754696854
-2   2.1405402754696863
-2   2.5823073096959672
-2   2.5823073096959734
-2   2.6344922486131663
-2   2.6344922486131419
-2   2.7915049999587431
-2   2.7915049999587405
-2   2.1342420914696949
-2   2.4658173656959703
-2   2.4658173656959756
-2   2.2425208222560884
-2   2.2425208222561226
-2   2.2064497115140278
-2   2.2064497115140282
-2   2.9485301597592
-2   2.7589367587295288
-2   2.7589367587295253
-2   2.1675253987953114
-2   2.1675253987953149
-2   2.2868420539986172
-2   2.2868420539986185
-2   2.8957869947774069
-2   2.1205979173723528
-2   2.2378707392608406
-2   2.1794613565252807
-2   2.1794613565252821
-2   2.0416789501493127
-2   2.0416789501493153
-2   2.408728855908167
-2   2.4087288559081714
-2   2.088703503280168
-2   2.0887035032801688
-2   2.111557794104451
-2   2.1115577941044497
-2   2.3609533288671383
-2   2.3609533288671432
-2   2.1341874783534638
-2   2.1341874783534673
-2   2.0131299829669018
-2   2.0131299829669063
-2   2.034935238885375
-2   2.7422079233424119
-2   2.742207923342376
-2   2.1045011128488653
-2   2.1045011128488635
-2   2.3326421931153893
-2   2.3326421931154351
-2   2.4380027704894296
-2   2.4380027704894296
-2   2.2342500294450764
-2   2.2342500294450884
-2   2.233469353878101
-2   2.2334693538781023
-2   2.7653575119810401
-2   2.7653575119810498
-2   2.5882544631980506
-2   2.5882544631980529
-2   2.7710799495797249
-2   2.0032611277765744
-2   2.6566525232616964
-2   2.6566525232617511
-2   2.6610024907922614
-2   2.6610024907922685
-2   2.1327517822313382
-2   2.132751782231276
-2   2.1007666042375499
-2   2.1007666042375508
-2   2.0330056437353425
-2   2.0330056437353425
-2   2.1166914824666576
-2   2.1166914824666603
-2   2.2507315950595483
-2   2.2507315950595439
-2   2.2962155649712424
-2   2.296215564971241
-2   2.0256001145786877
-2   2.4023329659148529
-2   2.3787121894772789
-2   2.3787121894772802
-2   2.1282526356637552
-2   2.1282526356637561
-2   2.3216176600984557
-2   2.8112448431122394
-2   2.2163586876957946
-2   2.2163586876957981
-2   2.0103759176831066
-2   2.0103759176831071
-2   2.3802451369393403
-2   2.3802451369393376
-2   2.0819717283393562
-2   2.0819717283393628
-2   2.2522554683868323
-2   2.2522554683868439
-2   2.5160216617133631
-2   2.5160216617133759
-2   2.5988809991162962
-2   2.6354411770411827
-2   2.6354411770411899
-2   2.0429402070643294
-2   2.1068343229278428
-2   2.1068343229278375
-2   2.7998538262699602
-2   2.799853826269961
-2   2.0014121237928979
-2   2.0129391418367701
-2   2.0129391418367732
-2   2.3872666683400614
-2   2.4722253243835475
-2   2.0635152577524387
-2   2.0136068897451831
-2   2.013606889745184
-2   2.0028425177353677
-2   2.0398020256547733
-2   2.0398020256547809
-2   2.0660724019589543
-2   2.0583149939536978
-2   2.0583149939537053
-2   2.0693971058335103
-2   2.0693971058335165
-2   2.0287231968367494
-2   2.0287231968367503
-2   2.044366627504794
-2   2.044366627504798
-2   2.0390225092180319
-2   2.1160899262489736
-2   2.0109579368006738
-2   2.010957936800676
-2   2.024928514486716
-2   2.0249285144867191
-2   2.0126305155430781
-2   2.0126305155430821
-2   2.0122847855237564
-2   2.0122847855237613
-2   2.0340696806292939
-2   2.0340696806292984
-2   2.0095806341705278
-2   2.0095806341705278
-2   2.0304768521643806
-2   2.0304768521643815
-2   2.0157495070853768

-1   4.0733468844840139
-1   3.8370280914042967
-1   3.837028091404302
-1   3.3398168720521348
-1   3.3398168720521344
-1   2.7241048901393281
-1   2.724104890139321
-1   2.1019155784228154
-1   2.1019155784228061
-1   1.6072680245900162
-1   1.6072680245900148
-1   1.410765903549468
-1   4.8033980712607747
-1   3.7554192754709419
-1   3.7554192754709383
-1   2.4017589930743313
-1   2.4973262756343972
-1   2.4973262756343857
-1   2.8125789190866439
-1   2.8125789190866097
-1   2.9085638849831259
-1   2.9085638849830748
-1   3.3069589753468582
-1   3.3069589753468107
-1   3.8426476090904824
-1   3.8426476090904584
-1   2.3784800145069851
-1   2.3784800145069438
-1   1.8766360243846281
-1   1.8766360243846232
-1   3.2092925663609368
-1   3.2092925663609266
-1   3.572911349675433
-1   2.159685830130726
-1   2.1596858301307291
-1   2.4944134188195841
-1   2.438739445771088
-1   2.3509654664654382
-1   2.3509654664654276
-1   2.8785189515715448
-1   2.8785189515715071
-1   3.648052136786994
-1   3.6480521367869922
-1   2.8399411775795116
-1   2.3418384116566546
-1   2.3418384116566595
-1   2.8839763583806488
-1   2.8839763583806151
-1   2.1839592085548416
-1   2.6399781258523518
-1   2.6399781258523638
-1   2.914483258964375
-1   2.2990537534141655
-1   2.2990537534141393
-1   2.6168596384044975
-1   2.6168596384044882
-1   2.9655054840844461
-1   2.9655054840844297
-1   2.82770679730588
-1   2.8277067973058645
-1   3.0887012506783402
-1   3.0887012506783207
-1   3.0866900161021924
-1   2.2704090218600772
-1   2.2704090218600705
-1   2.2189403081402341
-1   2.2189403081402297
-1   3.5850609443976982
-1   3.5850609443976316
-1   2.5668916429394311
-1   2.5668916429394324
-1   1.9854502625955077
-1   3.0396614264940185
-1   3.0396614264939674
-1   2.6780701571945933
-1   2.6780701571946035
-1   3.1026696860800347
-1   3.1026696860800551
-1   2.1329049282011101
-1   2.3145705494955302
-1   2.3145705494955209
-1   3.0472212928110349
-1   2.3433057442518743
-1   2.3433057442516985
-1   2.2852195788460916
-1   2.2852195788459504
-1   2.7316436093649936
-1   2.7316436093649692
-1   3.7901808858987174
-1   3.7334008077438643
-1   3.7334008077438465
-1   2.0521716547072875
-1   2.0521716547073598
-1   3.0511906881012645
-1   2.7296292863403382
-1   3.6992847487036968
-1   3.6992847487036382
-1   3.363919495515753
-1   3.3639194955157614
-1   2.0081165816953668
-1   2.0081165816953677
-1   1.8534836323995232
-1   3.2341274569151794
-1   3.2341274569151754
-1   3.5481347847106068
-1   3.0703878831677667
-1   3.0703878831677662
-1   2.1061744027801428
-1   2.1061744027801463
-1   3.3684409656406826
-1   3.3684409656406813
-1   2.9347462056479041
-1   2.6270944282209077
-1   2.6270944282209103
-1   2.0904390238092052
-1   2.0904390238092083
-1   1.9082352320074438
-1   1.9082352320074265
-1   2.2402950509713828
-1   2.2402950509713762
-1   2.1493890233793493
-1   2.1493890233793453
-1   2.0785642143857106
-1   2.0785642143856982
-1   2.330946418568216
-1   2.3309464185682147
-1   1.7783996781285909
-1   1.7783996781285816
-1   1.558484560942401
-1   1.5584845609423934
-1   1.9661413260505212
-1   1.4136625174063631
-1   3.0947943778074194
-1   3.0947943778074012
-1   2.596908725537213
-1   2.5969087255372063
-1   2.0075670943713235
-1   2.0075670943713231
-1   3.129527559332161
-1   3.1295275593321898
-1   3.1860328420697375
-1   2.9658689778208323
-1   3.2936632882400114
-1   3.2936632882400034
-1   2.785784938949754
-1   2.2297251290002884
-1   2.2297251290003071
-1   1.6451405130699546
-1   1.6451405130699479
-1   3.0201819452210472
-1   3.3866679187304927
-1   3.3866679187304842
-1   3.0555431026260376
-1   3.0555431026260722
-1   1.5160064787993552
-1   1.5350575281201126
-1   2.4570897186126377
-1   2.4570897186126412
-1   2.0080869683073286
-1   2.0080869683072859
-1   3.021950364654161
-1   3.0219503646541934
-1   2.4541072932492671
-1   2.4541072932492609
-1   1.8405718787956777
-1   1.840571878795668
-1   2.3540500331414713
-1   2.3540500331415037
-1   3.1085831081956017
-1   2.5390657001771024
-1   2.5390657001771011
-1   2.4357563300792604
-1   2.4357563300792444
-1   2.9746451468600315
-1   2.597782344052761
-1   2.577231551887659
-1   2.5772315518876527
-1   2.5821483768957365
-1   2.5821483768957427
-1   2.4078353695593768
-1   2.4078353695593737
-1   2.270944489664358
-1   2.2709444896643594
-1   2.3163660614969799
-1   2.3163660614969745
-1   2.0892540077724084
-1   2.0892540077723987
-1   2.4684524191744783
-1   2.4200674179969739
-1   2.4200674179969828
-1   2.4817913431653902
-1   2.4817913431653946
-1   2.5017482316600241
-1   2.5017482316600166
-1   2.4628268426240107
-1   2.4628268426240014
-1   2.4722533649214009
-1   2.4722533649213898
-1   2.639081667049703
-1   2.6390816670497026
-1   1.8114337419052262
-1   1.8114337419052244
-1   2.3803551414290323
-1   2.3803551414290292
-1   1.9328451565641482
-1   1.9328451565641633
-1   2.5133910346578734
-1   2.5133910346578605
-1   2.5317664479056936
-1   2.5317664479056883
-1   2.6736114218360028
-1   2.6736114218359908
-1   2.5301364330013114
-1   2.0463751234484411
-1   2.3412953172317144
-1   2.1785078740088504
-1   2.3555733957408318
-1   2.3555733957408305
-1   2.0933511957664441
-1   2.0933511957664299
-1   2.3653724652868351
-1   2.294232006736078
-1   2.2942320067360815
-1   3.0065970455415245
-1   3.0065970455415227
-1   1.8761504302569763
-1   1.8761504302569776
-1   2.4997002616300961
-1   2.4997002616300961
-1   2.0578796584318946
-1   2.057879658431891
-1   2.1060416820165613
-1   2.965758815959497
-1   2.9657588159595014
-1   1.4848360392984139
-1   2.4346047184769293
-1   2.4346047184769368
-1   2.0853840091504048
-1   2.5190078352970926
-1   2.519007835297097
-1   2.0146383229230569
-1   2.0146383229230533
-1   2.4230975759830145
-1   2.423097575982998
-1   2.5309224703423143
-1   2.5309224703423081
-1   2.235731667224826
-1   2.2357316672248451
-1   2.2585058045597699
-1   2.3636817758287649
-1   2.3636817758287618
-1   3.0130840759065909
-1   3.0130840759065851
-1   2.3883038845425091
-1   2.388303884542514
-1   2.4354984339536982
-1   1.8727782111155613
-1   1.8727782111155586
-1   2.2763165648826171
-1   2.2763165648826238
-1   2.5310195380184557
-1   1.6586527570257137
-1   2.4366683182010438
-1   2.436668318201038
-1   2.104036960090983
-1   2.1040369600909723
-1   2.7387046391826892
-1   2.3249013988774037
-1   2.3249013988773992
-1   2.3638125986680296
-1   2.3638125986680256
-1   2.4257631188217723
-1   2.4257631188217683
-1   2.6316877215009775
-1   2.6316877215009682
-1   1.8759833267953248
-1   2.0157550374964086
-1   2.0157550374964281
-1   2.2787403618968862
-1   2.2787403618968822
-1   2.6319264003214631
-1   2.6319264003214657
-1   2.7138756303653691
-1   2.7138756303653682
-1   2.5431710353845176
-1   2.5431710353845314
-1   3.2725613738753712
-1   2.2639029467005902
-1   2.2639029467005911
-1   1.952294577179746
-1   1.9522945771797451
-1   1.7963525768360835
-1   1.7963525768360786
-1   2.6072699829678556
-1   1.9538972662866527
-1   1.8209564427923066
-1   1.8209564427923195
-1   2.6384701658729561
-1   2.6384701658729504
-1   2.8125988336608385
-1   2.8125988336608363
-1   2.3842771851095335
-1   2.3842771851095312
-1   2.6661674072692763
-1   1.7996589175641362
-1   1.7996589175641384
-1   2.3552537894355159
-1   1.8987820741198784
-1   1.8987820741198731
-1   2.6446488141032423
-1   2.64464881410324
-1   1.8098532036389341
-1   1.8098532036389341
-1   2.1138772023178185
-1   2.1138772023178203
-1   3.05626283634935
-1   2.5690078280092674
-1   2.5690078280092665
-1   2.5651929414397641
-1   2.3413102772522421
-1   2.0610754007608993
-1   2.0610754007609011
-1   1.6086262674811267
-1   1.6086262674811298
-1   1.8404952010638413
-1   1.8404952010638351
-1   2.1120486610647129
-1   2.1120486610647133
-1   1.9710349160405007
-1   1.9710349160405145
-1   1.6960697700560363
-1   2.5960878444993627
-1   2.2911631706984021
-1   2.2911631706984035
-1   2.1900537377522769
-1   2.1900537377522653
-1   2.0763717174396024
-1   2.0763717174396072
-1   2.4250720306592894
-1   2.4250720306592948
-1   2.6703790013868014
-1   2.6703790013868063
-1   2.1278940988610504
-1   2.1278940988610584
-1   2.9167613417212039
-1   2.9167613417211986
-1   2.7125546060389758
-1   2.098783581402929
-1   2.0987835814029419
-1   1.9275644970196941
-1   1.927564497019691
-1   2.7604067719852394
-1   2.9802747464570105
-1   2.9802747464570163
-1   2.3656662111611708
-1   2.3656662111611846
-1   1.8934291463767816
-1   1.8701972649382204
-1   2.7794863875493734
-1   2.0280167735565597
-1   2.0280167735565642
-1   2.0412140269429475
-1   2.0412140269429524
-1   2.2924897103329109
-1   2.2924897103329109
-1   1.937574603659125
-1   1.9375746036591264
-1   2.994482724293928
-1   2.9944827242939343
-1   1.9777614622880169
-1   2.7738348705491176
-1   2.7738348705491203
-1   2.5545463893146496
-1   2.5545463893146496
-1   2.4264293650511779
-1   1.7316091788797632
-1   1.7316091788797654
-1   2.497457749309933
-1   2.4974577493099361
-1   2.2856326198171408
-1   2.2856326198171431
-1   2.2317512855923622
-1   2.2293413921232585
-1   1.9032584025225825
-1   1.9032584025225785
-1   1.7578469892193263
-1   1.7578469892193289
-1   2.1907333946000151
-1   2.1907333946000076
-1   2.7806743052315648
-1   2.5890674316412343
-1   2.5890674316412436
-1   2.1103170831729354
-1   2.3994352197289071
-1   2.3994352197289119
-1   2.225534399907434
-1   2.2255343999074348
-1   3.1880948981249833
-1   2.8037487504894281
-1   2.8037487504894298
-1   2.4515894743820632
-1   2.451589474382069
-1   1.7596178502485671
-1   1.7897080803880963
-1   1.7897080803881154
-1   1.5297083393497322
-1   1.9164108010382113
-1   1.9164108010382352
-1   1.949048664504125
-1   1.9490486645041298
-1   1.8242371235282899
-1   1.8242371235282913
-1   1.8792709505533804
-1   1.4901336073066502
-1   2.1852213234221343
-1   2.1852213234221325
-1   2.4761196557471847
-1   2.344250736810185
-1   2.3442507368101735
-1   2.0723654426973623
-1   2.0723654426973686
-1   2.3004033689136989
-1   2.3004033689136989
-1   2.1917540976579559
-1   2.1917540976579586
-1   2.4159573304278505
-1   2.4159573304278501
-1   2.0140474960957566
-1   2.0140474960957766
-1   2.3501588081000064
-1   2.3501588081000024
-1   2.0828966887321902
-1   2.1948857475458361
-1   2.1948857475458339
-1   1.7517108882214405
-1   2.4214588719397989
-1   2.4214588719397945
-1   2.367397980013032
-1   2.3673979800130396
-1   2.451334021143925
-1   2.4513340211439258
-1   2.3281698978970349
-1   2.1676552429577622
-1   2.1676552429577622
-1   1.9166132049355649
-1   1.9166132049355622
-1   1.8227603884546686
-1   1.7960159645417595
-1   2.3857499033802245
-1   2.385749903380225
-1   2.0050784601263594
-1   2.0050784601263598
-1   1.5947582297827201
-1   1.5947582297827223
-1   1.9379059022605607
-1   1.9379059022605638
-1   1.7060970918739438
-1   1.7060970918739486
-1   1.8444707061123329
-1   2.5454452486547838
-1   2.5454452486547914
-1   1.9854691019935227
-1   1.9854691019935253
-1   1.8809278509238179
-1   1.8809278509238174
-1   1.8014632021315697
-1   1.8014632021315689
-1   1.8898001058852927
-1   2.0371989090921669
-1   2.0371989090921954
-1   1.7361459723761667
-1   2.0397883927435028
-1   2.0397883927435259
-1   1.9853046575810271
-1   1.9853046575810249
-1   2.12560269311557
-1   2.1256026931155834
-1   1.8930442027783254
-1   1.8930442027784089
-1   2.4806831171734962
-1   2.4806831171735002
-1   1.6744172932123131
-1   1.6744172932124073
-1   1.8272902217999278
-1   1.8272902217999296
-1   2.5063233784335242
-1   1.9818572891973769
-1   1.9818572891973751
-1   1.8567058301223396
-1   1.8567058301223445
-1   1.4312846473704344
-1   2.5726328196441797
-1   1.9605478995751446
-1   1.9605478995751549
-1   2.0358558399466746
-1   2.0358558399466777
-1   2.4035180463507873
-1   2.4035180463507895
-1   1.8138841294012855
-1   1.8138841294012922
-1   1.8768585084261966
-1   2.0457200814601899
-1   1.7920125308679671
-1   1.9349322690520609
-1   1.9349322690520565
-1   1.4778625149896165
-1   1.4778625149896192
-1   1.3821924101360124
-1   1.3821924101360068
-1   1.5363080434959318
-1   1.5363080434959366
-1   2.055620523181132
-1   2.0556205231811333
-1   1.6936611877692132
-1   1.6936611877692092
-1   2.0625698405105761
-1   2.294798811794037
-1   2.2947988117940343
-1   2.3696348529097482
-1   2.3696348529097557
-1   1.7817939631773769
-1   1.7817939631773827
-1   2.0529204787592854
-1   2.0529204787592876
-1   1.9220757225844771
-1   1.9220757225844847
-1   1.6219238654828865
-1   1.7776646844165742
-1   1.7776646844165764
-1   1.6287673632503723
-1   1.6287673632503776
-1   2.1998117181450207
-1   2.1998117181450203
-1   1.9975002887109872
-1   1.9975002887109898
-1   1.7824101688081071
-1   1.7824101688081244
-1   2.4291101798852743
-1   1.7563371176356188
-1   1.7563371176356282
-1   1.8492995966105639
-1   1.8492995966105616
-1   2.5099521687402384
-1   1.8499965095209223
-1   1.8499965095209339
-1   1.9734081216806971
-1   1.973408121680702
-1   1.5433133649851296
-1   1.5433133649851385
-1   2.0560311623390235
-1   2.0560311623390359
-1   1.994963888737161
-1   1.5946759349365824
-1   1.5946759349365887
-1   1.9820629065174478
-1   1.90857621411699
-1   1.9085762141169993
-1   1.3391267316322724
-1   1.9766387890193418
-1   1.9766387890193426
-1   1.8207784323772778
-1   1.820778432377272
-1   1.8310418518498199
-1   1.8310418518498217
-1   2.555012975367593
-1   2.5550129753675606
-1   1.7666410351716735
-1   1.7666410351716912
-1   2.0312322902530959
-1   2.0312322902530937
-1   1.7874798783064243
-1   1.7874798783064287
-1   1.5737801897275268
-1   1.5737801897274797
-1   1.8540342555329481
-1   1.8540342555329499
-1   1.898731146525614
-1   1.8987311465256345
-1   1.4665184825059279
-1   1.9403953203075623
-1   1.9403953203075694
-1   1.7730806806647665
-1   1.7730806806647759
-1   1.8824302775455455
-1   2.0210595360585102
-1   2.021059536058508
-1   1.7477044639125485
-1   1.7477044639125761
-1   2.0516606339929777
-1   1.9035807233878446
-1   1.903580723387845
-1   1.7005025715590043
-1   1.7005025715589994
-1   1.172562228396131
-1   2.567343236347182
-1   2.567343236347182
-1   1.7432528155378653
-1   1.7432528155379137
-1   2.6239896547862935
-1   1.9007051136346833
-1   2.2518615779832007
-1   2.2518615779832083
-1   1.766923730952537
-1   1.7669237309525245
-1   1.907567177262592
-1   1.9075671772626022
-1   2.3124769449390583
-1   2.3124769449390232
-1   2.028613475730356
-1   2.0286134757303547
-1   1.6745250338874405
-1   1.6745250338874365
-1   1.754625393054857
-1   1.7546253930548525
-1   1.914445826623643
-1   2.1408003658879693
-1   2.1408003658879702
-1   1.5951684730451969
-1   1.5951684730451952
-1   1.7923609461911458
-1   1.7923609461911507
-1   1.9383161907849584
-1   1.24670805903074
-1   1.2467080590307484
-1   1.9182187446530024
-1   1.8967084883036263
-1   1.8967084883036294
-1   1.8119628660811693
-1   1.8119628660811724
-1   1.224956836616689
-1   1.2249568366166943
-1   1.5250627054542267
-1   1.5250627054542325
-1   1.9036661467924483
-1   1.6497184040245143
-1   1.6497184040245227
-1   1.6045893929482866
-1   1.6045893929482906
-1   1.4113750558311555
-1   1.9603885826517868
-1   1.9603885826517744
-1   1.5289348295405891
-1   1.5289348295405776
-1   1.4130406866043883
-1   1.4130406866043652
-1   1.9321412964628841
-1   1.9321412964629836
-1   1.757307996062845
-1   1.7573079960628433
-1   2.1863063572334966
-1   2.1863063572335717
-1   1.7444743797072779
-1   1.7444743797073246
-1   1.8046297814012058
-1   1.8949479169137855
-1   1.8949479169137882
-1   1.7171734624352193
-1   1.8352623721872066
-1   1.8352623721872425
-1   1.8398861789594898
-1   1.8398861789595102
-1   1.7275998135709241
-1   1.7275998135709258
-1   2.1940652773363527
-1   2.194065277336307
-1   2.0665062026302561
-1   1.8877002987002349
-1   1.8877002987002394
-1   2.4164122666320691
-1   2.4164122666320833
-1   1.7940454063375406
-1   1.6975203887231278
-1   1.697520388723099
-1   2.190472543301111
-1   2.1904725433010825
-1   2.3178994363982657
-1   1.4471185207446724
-1   1.4471185207446686
-1   2.4709005871280518
-1   1.2072118169919137
-1   1.6523329588791942
-1   1.6523329588792457
-1   1.8882853274173232
-1   1.6601802816178757
-1   1.6601802816178752
-1   1.1119266416309348
-1   1.1119266416309395
-1   1.709523698019181
-1   1.7095236980191513
-1   1.3900930633832473
-1   1.3900930633832493
-1   1.3820247558537344
-1   1.3820247558537291
-1   1.9701688638436381
-1   1.1972531957855841
-1   1.9495991921244609
-1   1.5240520806142315
-1   1.5240520806142288
-1   1.7972332472655328
-1   1.9005244184020391
-1   1.2559620915366121
-1   1.2559620915366101
-1   1.1506433149000204
-1   1.4567038251015911
-1   1.4567038251015996
-1   1.6858581359286275
-1   1.6858581359286369
-1   1.1805281986503691
-1   1.1805281986503713
-1   1.4099723137642475
-1   1.409972313764241
-1   1.8364725399482649
-1   1.3123935651024614
-1   1.4253125516523453
-1   1.4253125516523191
-1   1.5492196733194179
-1   1.5492196733193486
-1   1.5504183065017161
-1   1.5504183065017205
-1   1.7418566157716135
-1   1.7418566157716397
-1   1.1989186550848714
-1   1.8020711877454283
-1   1.8020711877454345
-1   1.1751693062611912
-1   1.1751693062611877
-1   1.6474395947187896
-1   1.6474395947188682
-1   1.3864448749940617
-1   1.3864448749940681
-1   1.2694557944687099
-1   1.2694557944687122
-1   1.177831280357307
-1   1.4971338633941029
-1   1.2919107075766081
-1   1.3755599105316123
-1   1.3755599105314844
-1   1.1313331081102611
-1   1.8008041971917574
-1   1.8008041971916504
-1   1.7264295488294668
-1   1.9814005090139699
-1   1.5290292858650454
-1   1.5290292858650507
-1   1.1538146288920341
-1   1.1538146288920348
-1   1.7142349079875725
-1   1.7142349079875876
-1   1.2184568619620153
-1   1.2184568619620266
-1   1.4085870842368005
-1   1.4085870842368153
-1   1.415450973821597
-1   1.4154509738216363
-1   1.1077256822646857
-1   1.1077256822646515
-1   1.2956734561938152
-1   1.2956734561938075
-1   1.0452072580114062
-1   1.0452072580113996
-1   1.5619258744019966
-1   1.5619258744019864
-1   1.9143239900536928
-1   1.9143239900536901
-1   1.5384675025760468
-1   1.5384675025760437
-1   1.5609582464936289
-1   1.5609582464936218
-1   1.540526995282629
-1   1.5405269952826188
-1   1.9093948452530771
-1   1.909394845253086
-1   1.0386375818584159
-1   1.038637581858415
-1   1.0375687994910734
-1   1.9779381218184371
-1   1.1856171818578445
-1   1.1856171818578412
-1   1.061166136992961
-1   1.0611661369929637
-1   1.1700299198859476
-1   1.1700299198859589
-1   1.0576392459778881
-1   1.0576392459778965
-1   1.0349999176724978
-1   1.0349999176725031
-1   1.020811672070927
-1   1.0208116720709264
-1   1.0124492917397374
-1   1.0125587503599383
-1   1.0125587503599418
-1   1.0067713993379048

0   3.9372344880871921
0   3.7187799049831796
0   3.7187799049831485
0   3.2338037927898275
0   3.2338037927898138
0   2.6068339483435201
0   2.6068339483435112
0   1.9343250649334243
0   1.9343250649334292
0   1.3478737770210669
0   1.347873777021066
0   1.0893783023278014
0   4.6888698421520454
0   3.7035770857129924
0   3.7035770857129062
0   2.0831421579503182
0   2.3551262578865764
0   2.355126257886536
0   2.7327975587522784
0   2.7327975587522779
0   2.8922059691885864
0   2.8922059691884812
0   3.4309922247971065
0   3.4309922247970133
0   1.9101909813107838
0   1.9101909813107478
0   3.6928201276911192
0   3.6928201276911237
0   1.5093295299107119
0   1.5093295299106995
0   3.0613821811741975
0   3.0613821811741628
0   1.7929460155743282
0   1.7929460155743087
0   1.9900511595434982
0   2.386213392598278
0   3.6760172847054626
0   3.6191656802849304
0   3.6191656802849126
0   2.8159395489121386
0   2.5462688222948833
0   2.5462688222948389
0   2.4324346942140327
0   2.4324346942139812
0   2.7052825620938048
0   2.7052825620938026
0   3.0212182224578013
0   3.0212182224577129
0   2.0831481007182204
0   2.4360232141239346
0   2.4360232141239524
0   2.3188474056879573
0   2.3242103698525458
0   2.3242103698525374
0   2.748728717179501
0   2.8144093320128878
0   2.8144093320128776
0   2.6800348942010621
0   2.6800348942010541
0   2.1788423352833246
0   2.1788423352832877
0   2.9410030025506182
0   2.9410030025506124
0   2.2862731546600079
0   2.2862731546600221
0   2.4793249329049507
0   2.4793249329049454
0   1.8867559382590722
0   3.5595594103779975
0   3.5595594103779602
0   1.9765494444771163
0   1.459974592081527
0   1.4599745920815181
0   2.6914999755869169
0   2.6914999755869111
0   2.1548186137583012
0   2.1548186137582777
0   3.4330770405178552
0   3.4330770405178619
0   2.9206981075003187
0   2.8239010775079567
0   2.8239010775079354
0   2.1774934634060594
0   2.1774934634060417
0   2.8968029799435699
0   2.8968029799435637
0   1.8726579751298007
0   1.8726579751297985
0   2.9477148577848489
0   2.9477148577848338
0   3.1147122035718189
0   1.7163148821582963
0   1.7163148821582901
0   2.8183849496028412
0   2.1291934695028867
0   2.1291934695028591
0   2.1952739066380271
0   2.1952739066380254
0   2.3740115556535426
0   2.2006497169979977
0   2.2006497169979991
0   3.5334189154444244
0   2.0586026860342392
0   2.0586026860342206
0   1.3594499229140931
0   1.3594499229141004
0   1.4564960115224543
0   3.3614255915586009
0   3.3614255915585862
0   3.6253574759805778
0   3.6253574759805796
0   3.568017869598143
0   3.5680178695981244
0   1.8962015286053058
0   3.5022996888453042
0   3.0684975569561779
0   3.0684975569561388
0   1.9890615981353288
0   1.9890615981353323
0   3.0779370386588045
0   3.077937038658797
0   2.178104067942312
0   2.1781040679423112
0   2.8419615128150535
0   2.5027446379889389
0   2.5027446379889313
0   2.0664254604481056
0   2.0664254604481056
0   1.6186622279723459
0   1.6186622279723455
0   2.1564681381639788
0   2.1564681381639601
0   1.6084324131760357
0   1.9391431594604494
0   1.9391431594604467
0   2.4349962105189253
0   2.4349962105188907
0   2.5871181847756954
0   2.5871181847756901
0   1.8971018543375178
0   1.8971018543375076
0   1.4882700069539871
0   1.2447846059401526
0   1.2447846059401479
0   3.2137406408742621
0   3.463238121006964
0   3.4632381210069565
0   2.8745137940337275
0   1.5092285449365876
0   1.509228544936577
0   3.1807037280716783
0   3.1807037280716832
0   2.1151709887598997
0   2.1151709887598891
0   1.1263269925845996
0   2.5534949480612172
0   2.344812762643163
0   2.852236578997164
0   2.8522365789971693
0   1.3110924670258282
0   3.4702018087330826
0   3.4702018087330613
0   1.4501219278840252
0   1.4501219278840225
0   2.5676170898493367
0   2.5676170898493162
0   3.2324470452292395
0   2.1825956847572754
0   2.1825956847572621
0   1.9757623645156532
0   1.9757623645156484
0   2.3178138572550724
0   1.915340161227046
0   1.9153401612270442
0   3.4588696673469466
0   3.4588696673469554
0   2.6388815512694039
0   2.6388815512694022
0   2.3779908284904949
0   2.3779908284904989
0   2.5513983506522151
0   2.5513983506521556
0   2.2365908450120786
0   2.2365908450120635
0   2.2455181888806872
0   2.2455181888806783
0   2.4294031667837181
0   1.0915970733020854
0   1.0915970733020921
0   2.7047446873582373
0   2.7047446873582257
0   2.5809878558834844
0   2.3857081407538216
0   2.3857081407538288
0   2.2880298865067203
0   2.2880298865067066
0   2.2544195907548028
0   2.2544195907547953
0   1.5747437706063634
0   1.5747437706063763
0   3.1403225270971942
0   3.140322527097184
0   2.3863910292031809
0   2.3863910292031818
0   2.2251225628237199
0   2.2251225628237079
0   1.9901708038472243
0   2.1618769216379099
0   2.1618769216378997
0   1.6300004098910894
0   1.6300004098911072
0   2.1497936604666243
0   2.1497936604666235
0   1.9760104139948536
0   2.8094254192227024
0   1.7184307836635253
0   1.7184307836635275
0   2.1152461629451356
0   2.1152461629451307
0   2.3079435398560681
0   2.307943539856077
0   1.7628850498846473
0   2.0430232618822837
0   2.0430232618822823
0   2.1994802294999349
0   2.1994802294999443
0   1.8625630435261957
0   2.4018103179744892
0   2.4018103179744816
0   2.0736409309299595
0   2.0736409309299608
0   2.5538393491438915
0   1.63476249250827
0   1.6347624925082727
0   1.9349989183802179
0   1.9349989183802085
0   1.7702101368927696
0   1.8237370039584135
0   1.8237370039584082
0   1.9738488253343212
0   3.1005106412822685
0   3.1005106412822356
0   2.7759633957142458
0   2.7759633957142476
0   1.5852997114103022
0   2.6344557613042836
0   2.6344557613042814
0   2.3533669016334091
0   2.3533669016334087
0   1.7008503591871871
0   2.1016003028419927
0   2.101600302841983
0   2.5002723423660069
0   2.5002723423660087
0   2.0827775880879802
0   2.0827775880879744
0   1.9396806094878927
0   1.9396806094878838
0   2.1931566273465708
0   2.193156627346569
0   2.7318413541967641
0   2.1705614879140485
0   2.1705614879140573
0   2.5680068858404352
0   2.5680068858404232
0   2.4973886835225589
0   2.4973886835225465
0   2.1453928880832445
0   2.1453928880832316
0   2.1891444709756147
0   2.666568224529843
0   2.6665682245298306
0   2.2949797564230283
0   2.2949797564230274
0   1.3163724941635737
0   2.8275358111711411
0   2.8275358111711251
0   2.6247034917915215
0   2.6247034917915242
0   2.1621704432479394
0   2.1621704432479394
0   1.5076052951280063
0   1.5076052951279988
0   2.1518836392207965
0   2.1518836392208045
0   2.1422080631827245
0   2.6577903206012912
0   1.8677679615653426
0   1.8677679615653444
0   1.7511114138515249
0   1.7511114138515227
0   2.0922108163359936
0   2.2749256217990323
0   2.2749256217990266
0   1.9980735811745398
0   1.998073581174534
0   2.563197251624509
0   2.560386439241729
0   2.5603864392417202
0   1.5482167936528772
0   1.5482167936528732
0   2.0489996042033582
0   2.0489996042033551
0   2.3507139955070429
0   2.3507139955070366
0   2.3629993605544781
0   2.362999360554479
0   2.4658001807770868
0   2.4658001807770864
0   2.23304533818358
0   2.2330453381835937
0   3.1727241794248182
0   2.1610482105253368
0   2.1610482105253301
0   1.3320255558602554
0   1.3320255558602629
0   1.7646239264013879
0   1.7646239264013923
0   2.5280939567764897
0   2.5280939567764902
0   2.9537375306704523
0   2.9537375306704554
0   2.7472284000961191
0   1.8664440837516016
0   1.8664440837516052
0   2.2172369801949823
0   2.2172369801949769
0   1.9488966178165956
0   2.2636624932557794
0   1.9634734708259729
0   1.9634734708259747
0   2.1211608140609028
0   2.1211608140609042
0   2.2205298224591523
0   2.2205298224591563
0   1.9575000321631477
0   2.2319388849770796
0   2.2319388849770934
0   3.2054150704805768
0   2.3893360708846672
0   2.1855989309913721
0   2.1855989309913744
0   1.1618658214576401
0   2.1258332640844855
0   2.1258332640844948
0   1.7846082117302124
0   1.7846082117302111
0   2.1090129268623876
0   2.1090129268623965
0   1.901244188266924
0   1.9012441882669227
0   2.124992592004177
0   2.1249925920041748
0   1.4756436256869527
0   1.475643625686955
0   1.9059103001741882
0   1.9059103001741926
0   1.6072287683203239
0   1.8125623640971051
0   1.6281943606379592
0   1.3256552556283878
0   1.3256552556283878
0   2.3960116241058427
0   2.3960116241058445
0   2.7007851510770391
0   2.7007851510770435
0   2.2567730287576442
0   2.5632913927683241
0   2.5632913927683236
0   1.7734558530686857
0   1.7734558530686919
0   2.3755835735216566
0   1.925787737579634
0   1.8765880413916309
0   1.8765880413916278
0   2.1498938448177376
0   2.1498938448177367
0   2.5908108189787611
0   2.11324764143454
0   2.11324764143454
0   3.18267300872632
0   3.1826730087263169
0   1.880589651377067
0   1.8805896513770635
0   2.0955047947955716
0   2.0955047947955734
0   1.6955710602712593
0   1.6955710602712655
0   2.3088068325450881
0   2.2456990137276085
0   2.2456990137276103
0   2.40984181897073
0   2.4098418189707203
0   1.9213156890680243
0   1.921315689068027
0   2.6263437401784895
0   2.4289642004726844
0   2.4289642004726777
0   1.6065010134097224
0   2.10658888827464
0   1.6244037408588987
0   1.6244037408588983
0   2.3174935110031654
0   2.3174935110031649
0   2.2180918452035083
0   2.2180918452035105
0   2.4543566690907199
0   1.9043001968861502
0   1.9043001968861497
0   2.2874305828354111
0   2.2874305828354231
0   2.6045718485958087
0   2.60457184859581
0   1.3094642563803476
0   1.3094642563803471
0   2.0851192027471877
0   2.0190434537654647
0   2.0190434537654651
0   1.7265834932314297
0   1.7265834932314337
0   1.5806085213276546
0   1.5806085213276502
0   1.6969082153990729
0   1.6969082153990738
0   2.2609124640380305
0   2.2609124640380438
0   2.1381555099190077
0   1.8063726355538017
0   1.4573254807351672
0   1.4573254807351677
0   2.8273612970756981
0   2.8273612970757007
0   1.802442568928317
0   1.8383517911487615
0   1.8383517911487579
0   1.9839547129687483
0   1.9839547129687474
0   1.2607503845155232
0   2.3163824460933453
0   2.3163824460933427
0   1.427201618138713
0   1.4272016181387166
0   1.7977262059755468
0   1.797726205975553
0   1.8482908046462589
0   1.8482908046462598
0   1.9455585406859393
0   3.2003569953515001
0   2.1357040713789481
0   2.135704071378957
0   1.1116877354747374
0   1.4164891147564427
0   1.7630464074038716
0   1.7630464074038756
0   1.9469063691221242
0   1.9469063691221322
0   2.7816207448651453
0   2.78162074486516
0   2.4699474462690199
0   2.4699474462690243
0   1.8945793842969554
0   2.722343214621497
0   2.7223432146214983
0   1.8270697866461818
0   1.6108453271791729
0   1.6108453271792
0   1.8345958227143635
0   1.8345958227143591
0   2.2187963860271953
0   2.2187963860271918
0   1.785496624378593
0   1.7854966243785801
0   2.4045978772585705
0   2.4045978772585719
0   1.4619338221817657
0   1.1431853465232691
0   1.1431853465232686
0   2.6988972445394146
0   2.3133631522338729
0   2.3133631522338818
0   1.9338600188916688
0   1.9338600188916639
0   2.0592728399740614
0   2.0592728399740614
0   1.7728290804303009
0   1.7728290804303111
0   1.1120407850377065
0   2.1113599933992382
0   2.4678083257011689
0   2.3155537168986191
0   2.3155537168986209
0   2.4807019594938113
0   2.4807019594938251
0   1.752673371276412
0   1.7526733712764093
0   2.0586050307526658
0   2.0586050307526715
0   1.7441289121426808
0   1.7441289121426755
0   1.8204886500227033
0   1.8204886500227069
0   1.9059037512542618
0   1.9059037512542605
0   1.2355641970317002
0   1.4644222137153724
0   1.4644222137153702
0   1.5381758790626869
0   1.5692056029181316
0   1.5692056029181329
0   1.8521385016404048
0   1.8521385016404044
0   1.0408653770283629
0   1.040865377028366
0   1.4745579849462573
0   1.6576681495015708
0   1.7020512172427842
0   1.7020512172427846
0   2.467391647430401
0   2.3645947930580213
0   2.364594793058028
0   1.9193590417643009
0   1.9193590417643014
0   1.6511367845039877
0   1.6511367845039935
0   1.7659522171854865
0   1.7659522171854953
0   2.0325623586366888
0   2.0325623586366981
0   2.6374856141466108
0   2.6374856141466192
0   1.7011064368249533
0   1.6084872531015431
0   1.6084872531015488
0   1.9790540268437038
0   1.979054026843706
0   2.1678549589231841
0   2.1678549589231908
0   1.7260338799172263
0   1.7260338799172263
0   2.291867582370517
0   2.2918675823705197
0   2.1297368755100283
0   2.1297368755100297
0   1.8713881065099196
0   1.8713881065099254
0   1.5780466565510829
0   1.5780466565510767
0   1.5116551037753401
0   1.1829996627823749
0   1.1829996627823745
0   1.9190300432615341
0   1.9190300432615319
0   1.9346625107950453
0   1.9346625107950453
0   1.6005024695747228
0   1.6005024695747294
0   2.0277814105953391
0   2.0277814105953453
0   1.6253261879565866
0   2.0056613733048314
0   1.4297948618962035
0   1.4297948618962009
0   2.5320666432541041
0   1.0868454091352728
0   1.0868454091352739
0   1.2891623920759481
0   2.0092846475871782
0   2.2241914676296166
0   2.2241914676296233
0   1.3594592637789196
0   1.545083647981937
0   1.5450836479819383
0   1.6858220463201836
0   1.6858220463201827
0   1.1384180366441692
0   1.1384180366441718
0   2.0291557200175356
0   1.5352815976573262
0   1.5352815976573257
0   2.4789457812312303
0   2.4789457812312374
0   1.2797601737192237
0   1.2797601737192372
0   1.5352899249721905
0   1.5352899249721914
0   1.7020246301234372
0   1.7020246301234354
0   2.4271427889062061
0   2.4271427889062056
0   1.7260698476642022
0   1.7260698476642165
0   2.4451718092347967
0   2.4451718092347932
0   1.9033615032688922
0   1.9033615032688957
0   2.228554885491195
0   1.8958386714951025
0   1.8958386714951039
0   1.6994775296376528
0   1.6994775296376488
0   1.4742676716521443
0   1.4742676716521368
0   1.1645496369661656
0   1.164549636966171
0   1.7907478985606251
0   1.7907478985606331
0   1.0291865415356571
0   1.3677119729536555
0   2.6630015500826127
0   1.7822506854107254
0   1.7822506854107214
0   1.7787543094144533
0   1.7787543094144485
0   1.4171842245159574
0   1.4171842245159603
0   1.8603089112672642
0   1.905146907149009
0   1.9051469071490161
0   2.0625184422689373
0   2.062518442268944
0   1.9474745481561837
0   1.947474548156181
0   1.8547740336228409
0   1.8547740336228378
0   1.7998204742008013
0   1.7998204742008013
0   1.4182346143316069
0   1.41823461433161
0   1.9191644156878294
0   1.919164415687836
0   1.5772074824467839
0   1.5772074824467843
0   1.9895906766050304
0   2.233925666269112
0   1.8599670218434889
0   1.8599670218434836
0   1.1856140391560226
0   1.1856140391560246
0   1.9675353205789685
0   1.9675353205789734
0   1.0773847775523135
0   2.2761037458100151
0   2.2761037458100306
0   1.5881441072391715
0   1.588144107239172
0   1.3337191531136516
0   1.3337191531136472
0   1.2330735830583543
0   1.2330735830583539
0   1.8647127979054119
0   1.8647127979054141
0   1.9145068177891678
0   1.9145068177891771
0   1.382085937171861
0   1.3820859371718546
0   1.4718524654388638
0   1.471852465438878
0   1.7451630169425605
0   1.7451630169425494
0   1.3051155201050133
0   1.5830055395441169
0   1.1979288982143079
0   1.1979288982143166
0   1.8387853282205442
0   1.8387853282205473
0   2.4652418935916613
0   2.4652418935916725
0   1.713744269211297
0   1.7137442692112859
0   1.6758789958073916
0   1.6758789958073916
0   1.9105966736171394
0   1.776198279385734
0   1.7761982793857403
0   1.1736466996716262
0   1.1736466996716244
0   1.1724434783617361
0   1.286960098837709
0   1.2869600988377181
0   1.4851646120102935
0   2.5510610378488607
0   2.5510610378488625
0   1.4718690884977483
0   1.5362649912466
0   1.750152698076644
0   1.7501526980766573
0   1.3598242071656907
0   1.3598242071656921
0   2.4733066638954209
0   1.3735452505179295
0   1.3735452505179309
0   2.0386666200824135
0   2.0386666200824131
0   1.6444314093510233
0   1.6444314093510313
0   1.1771753828592695
0   1.3769505757576876
0   2.4539524736058218
0   2.4539524736058227
0   1.1108587448651372
0   1.1108587448651359
0   1.5013013390308818
0   1.5013013390308676
0   1.6176329675355334
0   1.6176329675355277
0   1.6133773663549911
0   1.6133773663550115
0   1.661547165748853
0   1.6615471657488445
0   1.8626798298781249
0   1.8626798298781284
0   1.2754553041675929
0   1.2754553041675853
0   1.8980131748427795
0   1.8980131748427831
0   0.9045229251259177
0   0.90452292512591614
0   1.2637095727439553
0   1.2637095727439585
0   1.7097696755489058
0   1.70976967554892
0   2.4084401244234255
0   1.3664353403604619
0   1.3664353403604677
0   0.72196317638136498
0   0.72196317638137031
0   1.1416003042346916
0   1.7124527887898799
0   1.7124527887898902
0   1.1490824795887482
0   1.1490824795887531
0   0.89625571744451493
0   1.2380072789778183
0   1.2380072789778145
0   1.6992816327417248
0   1.6992816327420193
0   1.4948943651695412
0   1.4948943651695366
0   1.1166222586429471
0   1.1166222586429513
0   1.000065760175302
0   2.1813313503385658
0   2.1813313503383243
0   1.0510104461134477
0   1.9393215818803173
0   1.9393215818803187
0   1.5898149785404372
0   1.5898149785404345
0   1.2980667968131192
0   1.2980667968131412
0   1.5332726941232111
0   1.5332726941232142
0   2.5691206489137848
0   2.5518397552848362
0   2.5518397552848433
0   1.6384376344447027
0   1.6384376344446903
0   1.9683343426385522
0   1.4251973046185349
0   1.4251973046186379
0   1.6051177211618177
0   1.605117721161812
0   1.0469145698564977
0   1.7735503988164694
0   0.5650937869446695
0   0.56509378694466239
0   1.4315300976142713
0   1.4315300976141738
0   2.2148660992189075
0   2.2148660992189106
0   2.4206214187328841
0   1.1879723188648279
0   1.187972318864837
0   1.7272402906438868
0   1.7272402906438864
0   1.4371891814549635
0   1.4371891814549529
0   1.8136667970678619
0   1.0012973189552654
0   1.8450870900698968
0   1.0107731476251594
0   1.9796461896020223
0   1.9796461896020263
0   1.2888515417133526
0   1.2888515417133481
0   1.9128565736573266
0   1.1555258303281795
0   1.1555258303281937
0   1.6791105715202637
0   1.6791105715202583
0   1.7103927733505055
0   1.1199843682386044
0   1.1199843682386041
0   1.7416418071717952
0   1.7416418071717876
0   1.930662077884377
0   1.4253396533086928
0   1.4253396533087028
0   1.3258890297353867
0   1.6893424842454903
0   0.50558158454153213
0   0.50558158454153035
0   1.1033645806966328
0   1.1033645806966295
0   1.0141618220287272
0   1.0141618220287372
0   0.85125537706426213
0   0.85125537706420906
0   1.1126904107223705
0   1.6461930386126076
0   1.6461930386125996
0   1.1083748809907679
0   1.0285823072454205
0   1.0285823072454177
0   1.8179578008231361
0   1.0560430021343539
0   1.0560430021343576
0   1.1460271968039863
0   1.1460271968039935
0   0.60042422625428804
0   1.667409204503902
0   1.6674092045039148
0   1.4065788866983506
0   1.1180338603246684
0   1.1180338603246716
0   1.0543173766378033
0   1.0543173766378018
0   1.1635188056223902
0   1.1635188056223993
0   1.8089770896689457
0   1.8089770896689834
0   1.0741086775696862
0   1.934835347557434
0   1.9348353475574522
0   1.8584505091531831
0   1.8584505091531796
0   1.0633119648455893
0   1.06331196484559
0   1.0837469004744864
0   1.527989406041812
0   1.5279894060418271
0   1.031602893884469
0   1.0316028938844684
0   1.5083691758629092
0   1.0279957401174502
0   0.70373591046191186
0   1.0490385570197904
0   1.0381666989533342
0   1.0381666989533342
0   1.0486928428168463
0   1.8499965175514266
0   1.8499965175514492
0   1.3973934171005422
0   1.3973934171005538
0   1.3638285633317042
0   1.2464115705213248
0   1.2464115705213183
0   1.0347626286851817
0   1.0347626286851921
0   1.1246897860494804
0   1.0181971055834547
0   1.018197105583454
0   1.0437607249221077
0   1.043760724922115
0   1.0371878739909817
0   1.0371878739909921
0   1.8622279028606252
0   1.8622279028606079
0   1.022135304480601
0   1.0221353044806065
0   1.0237659284795322
0   1.0237659284795306
0   0.79587063647849376
0   0.79587063647849532
0   1.9572618960079953
0   1.9572618960080077
0   1.9190409896900507
0   1.9190409896900555
0   0.43763258296024732
0   0.43763258296024599
0   1.4586482813787252
0   1.4586482813787136
0   1.0168353564211992
0   1.0168353564212116
0   1.0146937595187231
0   1.01469375951873
0   0.39948457796437375
0   0.39948457796436299
0   1.0247701628127179
0   1.0247701628127326
0   1.9288458701169344
0   1.9288458701169491
0   1.9612365594882295
0   1.0071992585194427
0   1.0071992585194434
0   0.18741854295719496
0   0.18741854295719718
0   1.009105742993498
0   0.20931539233297192
0   0.21604081100665873
0   0.21604081100666805
0   1.0109079001024812
0   1.0109079001024797
0   0.25928311683816307
0   0.25928311683817229
0   1.0000000000000051
0   1.0000000000000144
0   0.11479376410568543
0   0.1147937641056872
0   1.0007517783064617
0   1.0007517783064757
0   1.0012511000376321
0   1.0012511000376418
0   1.0048057790275666
0   1.0038320495532231
0   1.0038320495532347
0   0.068209347259741149
0   0.068209347259743036
0   0.06551955515055552
0   1.0018551710784254
0   1.0018551710784456
0   1.0031420338378556
0   0
0   0

1   4.0733468844840122
1   3.8370280914042922
1   3.8370280914042896
1   3.3398168720521517
1   3.3398168720521317
1   2.7241048901393188
1   2.7241048901393046
1   2.1019155784228198
1   2.1019155784228003
1   1.6072680245900144
1   1.6072680245900113
1   1.4107659035494664
1   4.8033980712607613
1   3.7554192754709295
1   3.755419275470917
1   2.4017589930743242
1   2.4973262756344043
1   2.4973262756343515
1   2.8125789190866564
1   2.8125789190866146
1   2.9085638849831299
1   2.9085638849831104
1   3.3069589753468609
1   3.3069589753468311
1   3.8426476090905037
1   3.842647609090502
1   2.3784800145069687
1   2.3784800145069589
1   1.8766360243846387
1   1.8766360243846316
1   3.2092925663609306
1   3.2092925663609209
1   3.5729113496754135
1   2.1596858301307189
1   2.1596858301307171
1   2.4944134188195859
1   2.4387394457710787
1   2.3509654664654405
1   2.3509654664654174
1   2.8785189515715288
1   2.8785189515714995
1   3.6480521367869869
1   3.6480521367869967
1   2.8399411775795147
1   2.3418384116566617
1   2.3418384116566622
1   2.8839763583806688
1   2.8839763583806368
1   2.1839592085548545
1   2.6399781258523709
1   2.6399781258523585
1   2.9144832589643932
1   2.2990537534141526
1   2.299053753414138
1   2.6168596384044851
1   2.6168596384044833
1   2.9655054840844342
1   2.9655054840844195
1   2.8277067973058938
1   2.8277067973058667
1   3.0887012506783322
1   3.0887012506783376
1   3.0866900161021822
1   2.2704090218600772
1   2.2704090218600754
1   2.2189403081402279
1   2.218940308140227
1   3.5850609443976991
1   3.585060944397668
1   2.566891642939412
1   2.5668916429394053
1   1.9854502625955108
1   3.039661426493971
1   3.0396614264939923
1   2.6780701571946146
1   2.678070157194584
1   3.1026696860800276
1   3.1026696860799676
1   2.1329049282011194
1   2.3145705494955275
1   2.3145705494955249
1   3.0472212928110269
1   2.3433057442518934
1   2.3433057442517851
1   2.2852195788460401
1   2.285219578846021
1   2.7316436093649692
1   2.7316436093649838
1   3.7901808858987076
1   3.7334008077438412
1   3.7334008077438305
1   2.0521716547073661
1   2.0521716547073359
1   3.0511906881012663
1   2.7296292863403284
1   3.6992847487036711
1   3.6992847487036364
1   3.3639194955158036
1   3.3639194955157872
1   2.0081165816953783
1   2.0081165816953654
1   1.8534836323995316
1   3.234127456915187
1   3.2341274569151794
1   3.5481347847106068
1   3.0703878831677303
1   3.0703878831677396
1   2.1061744027801579
1   2.1061744027801383
1   3.3684409656406902
1   3.3684409656406884
1   2.9347462056479103
1   2.6270944282209179
1   2.6270944282209072
1   2.0904390238092057
1   2.0904390238092043
1   1.9082352320074225
1   1.9082352320074256
1   2.2402950509713855
1   2.2402950509713628
1   2.1493890233793609
1   2.1493890233793636
1   2.0785642143857044
1   2.0785642143856999
1   2.3309464185682174
1   2.3309464185682121
1   1.7783996781285958
1   1.7783996781285785
1   1.558484560942397
1   1.5584845609423987
1   1.9661413260505372
1   1.4136625174063615
1   3.0947943778074305
1   3.0947943778074403
1   2.5969087255372054
1   2.5969087255372054
1   2.0075670943713289
1   2.007567094371328
1   3.1295275593321721
1   3.1295275593321472
1   3.1860328420697455
1   2.9658689778208327
1   3.2936632882400141
1   3.2936632882400079
1   2.7857849389497615
1   2.2297251290002973
1   2.2297251290002729
1   1.645140513069947
1   1.6451405130699479
1   3.0201819452210503
1   3.3866679187304811
1   3.3866679187304878
1   3.0555431026260673
1   3.0555431026260562
1   1.516006478799357
1   1.5350575281201215
1   2.4570897186126346
1   2.4570897186126364
1   2.0080869683072993
1   2.0080869683073024
1   3.0219503646541561
1   3.0219503646541415
1   2.4541072932492547
1   2.4541072932492614
1   1.8405718787956711
1   1.8405718787956777
1   2.3540500331414904
1   2.3540500331414975
1   3.1085831081955964
1   2.5390657001771011
1   2.5390657001770927
1   2.4357563300792808
1   2.4357563300792542
1   2.9746451468600461
1   2.5977823440527708
1   2.5772315518876674
1   2.5772315518876545
1   2.5821483768957374
1   2.5821483768957343
1   2.4078353695593835
1   2.4078353695593795
1   2.2709444896643713
1   2.2709444896643558
1   2.3163660614969741
1   2.3163660614969661
1   2.0892540077723991
1   2.0892540077724022
1   2.4684524191744681
1   2.4200674179969863
1   2.420067417996981
1   2.4817913431654035
1   2.4817913431653893
1   2.5017482316600286
1   2.5017482316600193
1   2.4628268426240081
1   2.4628268426239988
1   2.4722533649213996
1   2.4722533649214022
1   2.6390816670497141
1   2.6390816670497124
1   1.8114337419052275
1   1.811433741905192
1   2.3803551414290358
1   2.3803551414290243
1   1.9328451565641482
1   1.9328451565641847
1   2.5133910346578725
1   2.5133910346578459
1   2.5317664479056901
1   2.5317664479056892
1   2.6736114218359734
1   2.6736114218359934
1   2.5301364330013136
1   2.0463751234484389
1   2.3412953172316673
1   2.1785078740089086
1   2.3555733957408296
1   2.3555733957408331
1   2.093351195766445
1   2.0933511957664277
1   2.36537246528684
1   2.2942320067360846
1   2.2942320067360753
1   3.0065970455415125
1   3.0065970455415179
1   1.8761504302569798
1   1.8761504302569771
1   2.4997002616300987
1   2.4997002616300961
1   2.0578796584318866
1   2.0578796584318853
1   2.1060416820165697
1   2.9657588159595054
1   2.9657588159595063
1   1.4848360392984195
1   2.4346047184769328
1   2.4346047184769315
1   2.0853840091503946
1   2.5190078352971019
1   2.5190078352970859
1   2.0146383229230516
1   2.0146383229230507
1   2.4230975759829829
1   2.4230975759830171
1   2.5309224703423157
1   2.5309224703423023
1   2.2357316672248557
1   2.2357316672248255
1   2.258505804559769
1   2.3636817758287618
1   2.3636817758287552
1   3.013084075906594
1   3.0130840759065864
1   2.3883038845425126
1   2.3883038845425082
1   2.4354984339537076
1   1.87277821111556
1   1.8727782111155613
1   2.2763165648826269
1   2.276316564882626
1   2.5310195380184508
1   1.6586527570257146
1   2.4366683182010416
1   2.4366683182010322
1   2.1040369600909763
1   2.1040369600909727
1   2.7387046391826892
1   2.3249013988773974
1   2.3249013988773988
1   2.3638125986680212
1   2.363812598668019
1   2.4257631188217688
1   2.4257631188217696
1   2.6316877215009749
1   2.6316877215009811
1   1.875983326795319
1   2.0157550374964353
1   2.0157550374963904
1   2.2787403618968889
1   2.2787403618968907
1   2.6319264003214666
1   2.6319264003214671
1   2.7138756303653695
1   2.7138756303653659
1   2.5431710353845092
1   2.5431710353845447
1   3.2725613738753685
1   2.2639029467005902
1   2.2639029467005938
1   1.9522945771797553
1   1.9522945771797495
1   1.7963525768360857
1   1.7963525768360857
1   2.6072699829678578
1   1.9538972662866518
1   1.8209564427923133
1   1.8209564427923119
1   2.6384701658729561
1   2.638470165872957
1   2.8125988336608412
1   2.8125988336608412
1   2.3842771851095272
1   2.3842771851095348
1   2.6661674072692811
1   1.7996589175641313
1   1.7996589175641353
1   2.3552537894355141
1   1.898782074119878
1   1.8987820741198829
1   2.6446488141032449
1   2.6446488141032547
1   1.8098532036389314
1   1.8098532036389328
1   2.1138772023178172
1   2.1138772023178207
1   3.0562628363493505
1   2.5690078280092621
1   2.5690078280092643
1   2.5651929414397672
1   2.3413102772522398
1   2.0610754007608905
1   2.0610754007608905
1   1.6086262674811267
1   1.6086262674811298
1   1.8404952010638382
1   1.84049520106384
1   2.1120486610647085
1   2.1120486610647102
1   1.9710349160405136
1   1.9710349160405087
1   1.6960697700560328
1   2.5960878444993662
1   2.2911631706984057
1   2.2911631706983977
1   2.1900537377522671
1   2.1900537377522689
1   2.0763717174396108
1   2.0763717174396121
1   2.4250720306592921
1   2.425072030659293
1   2.6703790013868045
1   2.6703790013868032
1   2.127894098861058
1   2.1278940988610557
1   2.9167613417211973
1   2.9167613417212066
1   2.7125546060389731
1   2.0987835814029498
1   2.0987835814029463
1   1.9275644970196826
1   1.9275644970196821
1   2.7604067719852488
1   2.9802747464570092
1   2.9802747464570087
1   2.3656662111611841
1   2.3656662111611784
1   1.8934291463767896
1   1.8701972649382168
1   2.7794863875493743
1   2.0280167735565566
1   2.0280167735565562
1   2.0412140269429488
1   2.0412140269429475
1   2.29248971033291
1   2.2924897103329149
1   1.9375746036591237
1   1.9375746036591281
1   2.9944827242939254
1   2.9944827242939311
1   1.9777614622880169
1   2.7738348705491109
1   2.7738348705491114
1   2.5545463893146554
1   2.5545463893146554
1   2.4264293650511757
1   1.7316091788797632
1   1.7316091788797676
1   2.4974577493099304
1   2.4974577493099401
1   2.2856326198171391
1   2.2856326198171435
1   2.2317512855923551
1   2.2293413921232554
1   1.9032584025225789
1   1.9032584025225772
1   1.7578469892193245
1   1.7578469892193258
1   2.1907333946000218
1   2.1907333946000254
1   2.7806743052315639
1   2.5890674316412374
1   2.5890674316412428
1   2.110317083172935
1   2.3994352197288973
1   2.3994352197288995
1   2.2255343999074282
1   2.2255343999074322
1   3.1880948981249775
1   2.8037487504894245
1   2.8037487504894258
1   2.4515894743820672
1   2.4515894743820712
1   1.7596178502485702
1   1.7897080803880878
1   1.789708080388114
1   1.5297083393497299
1   1.9164108010382161
1   1.9164108010382432
1   1.9490486645041196
1   1.9490486645041289
1   1.8242371235282913
1   1.8242371235282899
1   1.8792709505533818
1   1.4901336073066489
1   2.1852213234221329
1   2.185221323422136
1   2.4761196557471958
1   2.3442507368101881
1   2.3442507368101668
1   2.0723654426973619
1   2.0723654426973654
1   2.3004033689136967
1   2.3004033689137042
1   2.1917540976579541
1   2.1917540976579617
1   2.4159573304278528
1   2.4159573304278599
1   2.0140474960957508
1   2.014047496095789
1   2.350158808100002
1   2.3501588081000042
1   2.0828966887321911
1   2.1948857475458361
1   2.1948857475458428
1   1.7517108882214467
1   2.4214588719397989
1   2.4214588719397994
1   2.3673979800130351
1   2.3673979800130338
1   2.4513340211439267
1   2.4513340211439263
1   2.3281698978970295
1   2.167655242957764
1   2.1676552429577609
1   1.9166132049355626
1   1.9166132049355689
1   1.8227603884546673
1   1.7960159645417613
1   2.3857499033802259
1   2.3857499033802267
1   2.0050784601263563
1   2.0050784601263594
1   1.5947582297827156
1   1.5947582297827223
1   1.9379059022605607
1   1.9379059022605651
1   1.706097091873942
1   1.7060970918739424
1   1.8444707061123329
1   2.5454452486547807
1   2.5454452486547856
1   1.9854691019935218
1   1.9854691019935236
1   1.8809278509238125
1   1.8809278509238183
1   1.8014632021315671
1   1.8014632021315689
1   1.8898001058852962
1   2.0371989090922167
1   2.0371989090921847
1   1.7361459723761623
1   2.0397883927434806
1   2.0397883927435072
1   1.9853046575810294
1   1.9853046575810271
1   2.1256026931155785
1   2.1256026931155763
1   1.8930442027783818
1   1.8930442027784413
1   2.4806831171735007
1   2.4806831171735024
1   1.6744172932123433
1   1.6744172932122789
1   1.8272902217999318
1   1.8272902217999341
1   2.5063233784335175
1   1.9818572891973725
1   1.9818572891973849
1   1.85670583012234
1   1.8567058301223431
1   1.4312846473704275
1   2.5726328196441872
1   1.9605478995751784
1   1.9605478995751349
1   2.035855839946676
1   2.035855839946676
1   2.4035180463507579
1   2.4035180463508135
1   1.8138841294012855
1   1.8138841294012877
1   1.8768585084261944
1   2.045720081460193
1   1.7920125308679626
1   1.9349322690520649
1   1.9349322690520663
1   1.4778625149896158
1   1.4778625149896207
1   1.3821924101359997
1   1.3821924101359992
1   1.5363080434959335
1   1.5363080434959335
1   2.0556205231811351
1   2.0556205231811342
1   1.6936611877692176
1   1.6936611877692207
1   2.0625698405105903
1   2.2947988117940175
1   2.2947988117940294
1   2.3696348529097455
1   2.36963485290975
1   1.7817939631773854
1   1.7817939631773885
1   2.0529204787592925
1   2.0529204787592907
1   1.9220757225844944
1   1.9220757225844909
1   1.6219238654828878
1   1.7776646844165573
1   1.7776646844165693
1   1.6287673632503563
1   1.6287673632503714
1   2.1998117181450163
1   2.1998117181450261
1   1.9975002887109938
1   1.9975002887110045
1   1.7824101688081257
1   1.7824101688081262
1   2.4291101798852694
1   1.7563371176356282
1   1.7563371176356197
1   1.8492995966105581
1   1.8492995966105528
1   2.5099521687402362
1   1.8499965095209276
1   1.8499965095209223
1   1.973408121680698
1   1.9734081216806918
1   1.5433133649851443
1   1.5433133649851323
1   2.0560311623390195
1   2.0560311623390111
1   1.9949638887371584
1   1.5946759349365949
1   1.594675934936614
1   1.9820629065174353
1   1.9085762141170033
1   1.9085762141169984
1   1.3391267316322728
1   1.9766387890193369
1   1.9766387890193413
1   1.8207784323772849
1   1.8207784323772902
1   1.8310418518498208
1   1.831041851849819
1   2.5550129753675961
1   2.5550129753675717
1   1.7666410351716664
1   1.766641035171669
1   2.0312322902531146
1   2.0312322902531093
1   1.7874798783064221
1   1.7874798783064199
1   1.5737801897275059
1   1.5737801897274668
1   1.8540342555329494
1   1.8540342555329539
1   1.8987311465256371
1   1.8987311465256371
1   1.4665184825059341
1   1.9403953203075663
1   1.9403953203075672
1   1.773080680664771
1   1.7730806806647794
1   1.8824302775455402
1   2.0210595360585075
1   2.021059536058508
1   1.7477044639125467
1   1.7477044639125414
1   2.0516606339929755
1   1.9035807233878437
1   1.9035807233878499
1   1.700502571559007
1   1.700502571559007
1   1.1725622283961283
1   2.5673432363471678
1   2.5673432363471744
1   1.7432528155377778
1   1.7432528155378701
1   2.6239896547862873
1   1.9007051136346793
1   2.2518615779831945
1   2.2518615779831976
1   1.7669237309525276
1   1.7669237309525228
1   1.9075671772626008
1   1.9075671772625959
1   2.3124769449390432
1   2.3124769449391285
1   2.0286134757303529
1   2.0286134757303604
1   1.674525033887408
1   1.6745250338874325
1   1.7546253930548548
1   1.7546253930548561
1   1.9144458266236386
1   2.1408003658879795
1   2.1408003658879688
1   1.5951684730452222
1   1.5951684730452178
1   1.7923609461911472
1   1.7923609461911481
1   1.9383161907849518
1   1.2467080590307484
1   1.2467080590307469
1   1.9182187446529997
1   1.8967084883036263
1   1.896708488303628
1   1.8119628660811715
1   1.8119628660811724
1   1.224956836616691
1   1.224956836616693
1   1.5250627054542187
1   1.5250627054542285
1   1.9036661467924478
1   1.6497184040245179
1   1.6497184040245143
1   1.6045893929482937
1   1.604589392948288
1   1.4113750558311742
1   1.9603885826518104
1   1.9603885826517975
1   1.5289348295405847
1   1.528934829540586
1   1.4130406866043357
1   1.413040686604349
1   1.9321412964629272
1   1.9321412964628335
1   1.7573079960628455
1   1.7573079960628486
1   2.1863063572336472
1   2.1863063572335086
1   1.7444743797072713
1   1.744474379707357
1   1.8046297814012
1   1.8949479169137891
1   1.8949479169137873
1   1.7171734624352184
1   1.8352623721872527
1   1.8352623721872465
1   1.8398861789594947
1   1.8398861789595347
1   1.7275998135709218
1   1.7275998135709245
1   2.1940652773363092
1   2.194065277336271
1   2.066506202630118
1   1.8877002987002314
1   1.8877002987002474
1   2.4164122666320775
1   2.4164122666320655
1   1.7940454063376712
1   1.6975203887231132
1   1.6975203887230941
1   2.1904725433011216
1   2.1904725433010936
1   2.3178994363982719
1   1.4471185207446815
1   1.4471185207446668
1   2.4709005871280652
1   1.2072118169919133
1   1.652332958879323
1   1.6523329588792128
1   1.8882853274173006
1   1.6601802816178717
1   1.6601802816178894
1   1.1119266416309297
1   1.1119266416309375
1   1.7095236980190571
1   1.7095236980191615
1   1.3900930633832456
1   1.3900930633832091
1   1.3820247558537408
1   1.3820247558537329
1   1.9701688638436279
1   1.1972531957855841
1   1.9495991921244675
1   1.5240520806142266
1   1.5240520806142297
1   1.7972332472655328
1   1.9005244184020378
1   1.2559620915366148
1   1.2559620915366145
1   1.1506433149000244
1   1.4567038251015831
1   1.4567038251015998
1   1.6858581359286293
1   1.6858581359286449
1   1.1805281986503722
1   1.1805281986503704
1   1.4099723137642441
1   1.4099723137642499
1   1.8364725399482755
1   1.3123935651024394
1   1.4253125516523031
1   1.4253125516523497
1   1.5492196733193335
1   1.5492196733193846
1   1.5504183065017152
1   1.5504183065017205
1   1.7418566157716153
1   1.7418566157716517
1   1.1989186550848761
1   1.8020711877454341
1   1.8020711877454332
1   1.1751693062611934
1   1.1751693062611899
1   1.6474395947188696
1   1.6474395947188278
1   1.3864448749940621
1   1.3864448749940643
1   1.2694557944687075
1   1.2694557944687122
1   1.1778312803573068
1   1.4971338633941063
1   1.2919107075766016
1   1.3755599105316088
1   1.3755599105315812
1   1.1313331081102596
1   1.8008041971916606
1   1.8008041971916917
1   1.7264295488294672
1   1.9814005090139664
1   1.5290292858650485
1   1.5290292858650476
1   1.1538146288920323
1   1.1538146288920323
1   1.7142349079875765
1   1.7142349079875618
1   1.218456861962014
1   1.218456861962022
1   1.408587084236802
1   1.4085870842368129
1   1.4154509738216416
1   1.4154509738216465
1   1.1077256822646546
1   1.1077256822646444
1   1.2956734561938119
1   1.2956734561938141
1   1.0452072580114027
1   1.0452072580113976
1   1.5619258744019842
1   1.5619258744019917
1   1.9143239900536777
1   1.9143239900536964
1   1.5384675025760504
1   1.5384675025760632
1   1.5609582464936387
1   1.5609582464936334
1   1.5405269952826317
1   1.5405269952826308
1   1.909394845253078
1   1.9093948452530816
1   1.0386375818584199
1   1.0386375818584113
1   1.0375687994910781
1   1.9779381218184273
1   1.1856171818578407
1   1.1856171818578449
1   1.0611661369929615
1   1.0611661369929668
1   1.1700299198859518
1   1.1700299198859563
1   1.0576392459778956
1   1.0576392459779038
1   1.034999917672494
1   1.034999917672502
1   1.0208116720709253
1   1.0208116720709364
1   1.0124492917397336
1   1.0125587503599403
1   1.0125587503599438
1   1.0067713993378991

2   4.4725559618200057
2   4.1628766173053329
2   4.1628766173052494
2   3.6211810375547877
2   3.6211810375547593
2   3.0370345693508689
2   3.0370345693508733
2   2.5496449461192832
2   2.5496449461192783
2   2.2480564503789138
2   2.248056450378912
2   2.1469201407515186
2   4.9894052145049788
2   3.8149330702842876
2   3.8149330702842548
2   3.2387489508620138
2   3.2387489508619884
2   3.4516009421344114
2   3.451600942134414
2   3.0228018268650438
2   3.0228018268650292
2   3.1064509823792195
2   3.1064509823792057
2   3.1677235031184199
2   4.1044101867559952
2   4.1044101867559695
2   2.882460612449389
2   2.8824606124493917
2   3.5413357133401853
2   3.5413357133401746
2   3.3034414656692221
2   2.4609000735834421
2   2.4609000735834314
2   2.8795790150016027
2   3.3699666759452214
2   3.3699666759452098
2   3.1514723998574827
2   3.1514723998574721
2   2.5676544219578448
2   2.5676544219578119
2   2.7191948325027089
2   3.0835474082887644
2   3.1492579494018327
2   3.149257949401786
2   3.1991905649453583
2   3.1991905649453516
2   2.6847397839246305
2   2.6847397839246261
2   2.5888983703702801
2   2.7136522209101126
2   2.7136522209101113
2   2.885295210697131
2   2.7524752404022061
2   2.7524752404022053
2   3.1781743031861289
2   3.1781743031861338
2   3.4449457475759688
2   3.4449457475759671
2   3.9510178519914243
2   3.9510178519914225
2   3.6137613825644994
2   3.6137613825645172
2   4.3525613155938263
2   2.6595225268889697
2   2.6595225268889697
2   4.0521234087356044
2   4.0521234087356044
2   2.9871164481411361
2   2.9871164481411623
2   3.0715415129293802
2   3.0715415129293779
2   2.4123057022646694
2   3.942042929230702
2   3.9420429292306949
2   2.7582629203949436
2   2.7582629203949418
2   2.4629530475044534
2   3.3848797589434771
2   3.3848797589434838
2   3.4636833105886682
2   3.0389830564794473
2   3.0389830564794411
2   3.925476312518513
2   3.925476312518513
2   3.773866660722943
2   3.9680930465453175
2   3.9680930465453228
2   2.9661350748517394
2   2.6160110417599838
2   2.6160110417600042
2   2.750481204778584
2   2.7504812047785849
2   3.2628756227823699
2   2.949667657890263
2   2.9496676578902585
2   2.684618411561754
2   2.6846184115617575
2   2.4286847874245421
2   3.5888799330999976
2   3.5888799330999746
2   3.0709756986665813
2   3.070975698666591
2   2.3801801302539443
2   2.3801801302539998
2   2.5539961915148641
2   2.5539961915148819
2   2.4405180327206422
2   2.4405180327206937
2   3.4170993742225946
2   3.4170993742226066
2   3.5203805115372502
2   3.1762672327340904
2   2.395060069190845
2   2.3950600691908401
2   2.460830453085483
2   2.4608304530854803
2   2.5157304586550708
2   2.5157304586550708
2   2.3139579166353172
2   2.3139579166353208
2   2.7794937384598875
2   2.7794937384598897
2   2.7513632440965625
2   2.9908825595099735
2   2.9908825595099691
2   3.0183964719713239
2   3.0183964719713106
2   2.9757675104280903
2   2.9757675104280898
2   2.2067501531456726
2   2.1831525636954554
2   3.0204646767403314
2   2.147900126836098
2   2.1479001268361007
2   3.1569194252859374
2   2.2226758909234516
2   2.222675890923457
2   2.2933250447603029
2   2.2933250447602851
2   3.4920150683078903
2   3.4920150683078712
2   2.7898682599669762
2   2.7898682599669784
2   3.034824194457173
2   3.0348241944571703
2   2.648257813217163
2   2.9833828821163837
2   2.983382882116385
2   2.6635183360090493
2   2.6635183360090275
2   2.7986418576570964
2   2.5568723147886359
2   2.5568723147886039
2   2.8354193783529142
2   2.8354193783529165
2   3.3829535124882488
2   3.3829535124882448
2   3.3634394689139717
2   3.3634394689139548
2   2.4062933006521563
2   3.056541447207191
2   3.0565414472071883
2   2.7782981003890699
2   2.7782981003890685
2   2.4702505251100906
2   2.4702505251100888
2   2.5163783064844876
2   2.5163783064844822
2   2.4657476860376746
2   2.4657476860376728
2   2.8181709846854779
2   2.8181709846854717
2   2.7652523210576692
2   2.7652523210576687
2   2.7403233743743907
2   2.740323374374388
2   2.4559475278755709
2   2.4559475278755807
2   2.7729933865481411
2   2.7729933865481389
2   2.5711843509484109
2   2.829811097266465
2   2.8298110972664574
2   2.5607108609219558
2   3.4115286516203631
2   2.909483978902148
2   2.9094839789021405
2   2.4904232581307664
2   2.4904232581307699
2   2.446711949303034
2   2.4467119493030274
2   2.5215208690169302
2   2.5215208690169209
2   2.5748554322869417
2   2.5748554322869386
2   2.8460295929154338
2   2.8460295929154311
2   2.6853608299527929
2   2.7395906617065102
2   2.6665038695539449
2   2.6665038695539467
2   2.2033729504469717
2   2.4775453738297202
2   2.4775453738297202
2   2.5619384982238742
2   2.5619384982238742
2   2.9678641771246728
2   2.9678641771246723
2   2.7585028349966945
2   2.7585028349966887
2   2.6429769903287355
2   2.6803458392048505
2   2.6803458392048443
2   2.6779666523983536
2   2.8997488695309417
2   2.8997488695309372
2   2.9684945838616472
2   2.9684945838616419
2   3.0146695393939917
2   2.8940798621440105
2   2.8940798621440109
2   2.5009834448800503
2   2.6070876604042041
2   2.6070876604042099
2   2.526454312350821
2   2.5264543123508232
2   2.4205417663247535
2   2.5877189986842408
2   2.5877189986841747
2   3.4180553864064964
2   3.4558315885671038
2   3.4558315885670976
2   3.2245182138578161
2   3.224518213857865
2   2.2670140920284609
2   3.2382173088339132
2   3.238217308833907
2   3.307250503337686
2   2.3603121813797201
2   2.3603121813797174
2   2.6330174227590768
2   2.6330174227590755
2   2.9168213858213607
2   2.9168213858213625
2   2.5818162813419279
2   2.5818162813419279
2   2.3866068832079725
2   2.3866068832079712
2   3.1170607705931443
2   3.1170607705931452
2   3.6383342692633081
2   2.9026001195868325
2   2.902600119586829
2   2.9395082028813055
2   2.2971351105439517
2   2.297135110543949
2   2.3775919205859757
2   3.0607057037039924
2   2.3283647548391353
2   2.3283647548391344
2   3.3826227614536539
2   3.3826227614536508
2   3.0000000000000004
2   2.3293015747530665
2   2.3293015747530648
2   3.1264689381727355
2   3.126468938172732
2   2.4685472962607458
2   2.4685472962607489
2   2.7628755607369575
2   2.7628755607369553
2   2.5068379156507756
2   2.5068379156507739
2   2.7634254494376358
2   2.7634254494376376
2   2.2101335771753572
2   2.2101335771753576
2   3.023087091596353
2   3.0230870915963566
2   3.6917109757821471
2   2.7820962545003796
2   2.7820962545003827
2   2.2752494846141356
2   2.2919258681298671
2   2.2919258681298662
2   2.6617564802301512
2   2.6617564802301517
2   2.4418020503025142
2   2.4418020503025137
2   2.4508710531219631
2   2.4508710531219648
2   2.1795761890528769
2   2.954718185007382
2   2.0471925942984464
2   2.1276381138852205
2   2.6587792618381205
2   2.6587792618381205
2   2.8895550710890556
2   2.8895550710890556
2   2.7452205458461516
2   2.7452205458461498
2   2.2298672038402558
2   2.2298672038402549
2   3.0244351664630482
2   3.0244351664630464
2   2.859637702438337
2   2.8596377024383379
2   2.8783573453907061
2   2.8783573453907065
2   2.2232773792323899
2   2.8868421262893387
2   2.8868421262893409
2   2.5690614899399247
2   2.5690614899399238
2   2.1206811999747606
2   2.1206811999747561
2   2.3305000908675519
2   2.3305000908675493
2   2.5169484881331661
2   2.5169484881331643
2   2.1230673618418949
2   2.1230673618418949
2   2.5212796535745912
2   2.5212796535745934
2   2.5153954910481873
2   2.5153954910481975
2   2.1793881646363982
2   2.180689281674141
2   2.1806892816741423
2   2.0349665596895186
2   2.330696571267501
2   2.8132854096933992
2   2.8132854096934001
2   2.8389251767279049
2   2.8389251767279045
2   2.3269869017112614
2   2.2353733953807535
2   2.2353733953807557
2   2.0331611170186124
2   2.8533604803064607
2   2.1553547922452578
2   2.3167560804359479
2   2.3167560804359555
2   2.0662355964694381
2   2.0662355964694403
2   2.2163766451660591
2   2.2163766451660583
2   2.5417265600066132
2   2.5417265600066039
2   2.5135427944451423
2   2.5135427944451458
2   2.1945392715619887
2   2.1945392715619869
2   2.8217156703408142
2   2.140540275469681
2   2.1405402754696849
2   2.5823073096959668
2   2.5823073096959694
2   2.634492248613113
2   2.6344922486131428
2   2.7915049999587427
2   2.7915049999587453
2   2.1342420914696936
2   2.4658173656959734
2   2.465817365695977
2   2.2425208222561137
2   2.2425208222561483
2   2.20644971151403
2   2.2064497115140309
2   2.9485301597592013
2   2.758936758729523
2   2.7589367587295279
2   2.1675253987953083
2   2.1675253987953131
2   2.2868420539986114
2   2.2868420539986185
2   2.8957869947774131
2   2.1205979173723519
2   2.2378707392608383
2   2.1794613565252789
2   2.1794613565252789
2   2.0416789501493127
2   2.0416789501493149
2   2.408728855908167
2   2.4087288559081741
2   2.0887035032801684
2   2.088703503280172
2   2.1115577941044523
2   2.1115577941044528
2   2.3609533288671414
2   2.3609533288671356
2   2.1341874783534633
2   2.1341874783534647
2   2.0131299829669027
2   2.0131299829669067
2   2.0349352388853723
2   2.742207923342431
2   2.7422079233424381
2   2.1045011128488618
2   2.1045011128488613
2   2.3326421931153689
2   2.3326421931153636
2   2.4380027704894314
2   2.4380027704894376
2   2.2342500294450778
2   2.2342500294450898
2   2.2334693538781001
2   2.2334693538781085
2   2.765357511981041
2   2.7653575119810543
2   2.5882544631980511
2   2.5882544631980586
2   2.7710799495797307
2   2.0032611277765753
2   2.6566525232617155
2   2.6566525232617026
2   2.6610024907922631
2   2.6610024907922671
2   2.1327517822313173
2   2.1327517822313391
2   2.100766604237549
2   2.1007666042375504
2   2.0330056437353421
2   2.0330056437353425
2   2.1166914824666545
2   2.1166914824666594
2   2.2507315950595452
2   2.2507315950595492
2   2.296215564971237
2   2.2962155649712384
2   2.0256001145786886
2   2.40233296591486
2   2.3787121894772802
2   2.3787121894772847
2   2.1282526356637539
2   2.1282526356637561
2   2.3216176600984513
2   2.8112448431122412
2   2.2163586876958004
2   2.2163586876958021
2   2.0103759176831044
2   2.0103759176831026
2   2.3802451369393376
2   2.3802451369393354
2   2.081971728339354
2   2.0819717283393548
2   2.252255468386835
2   2.252255468386831
2   2.5160216617133608
2   2.5160216617133724
2   2.5988809991162904
2   2.6354411770411894
2   2.6354411770411983
2   2.0429402070643268
2   2.1068343229278361
2   2.1068343229278419
2   2.7998538262699593
2   2.7998538262699597
2   2.001412123792897
2   2.0129391418367679
2   2.0129391418367719
2   2.3872666683400596
2   2.4722253243835484
2   2.0635152577524365
2   2.0136068897451858
2   2.0136068897451853
2   2.0028425177353686
2   2.0398020256547702
2   2.0398020256547751
2   2.0660724019589525
2   2.0583149939537013
2   2.0583149939537031
2   2.0693971058335152
2   2.0693971058335165
2   2.0287231968367507
2   2.0287231968367543
2   2.044366627504794
2   2.0443666275047958
2   2.0390225092180345
2   2.1160899262489723
2   2.0109579368006698
2   2.0109579368006751
2   2.0249285144867151
2   2.0249285144867146
2   2.0126305155430817
2   2.0126305155430804
2   2.0122847855237569
2   2.0122847855237596
2   2.0340696806292984
2   2.0340696806292984
2   2.0095806341705296
2   2.0095806341705296
2   2.0304768521643779
2   2.0304768521643806
2   2.0157495070853741

3   5.1084749168271886
3   4.6050564918791945
3   4.6050564918791839
3   3.9683317722048663
3   3.9683317722048361
3   3.4539647028195923
3   3.4539647028195675
3   3.2072822438191282
3   3.2072822438191202
3   3.0985126551313495
3   3.09851265513135
3   3.0683991916763023
3   4.9119157221287155
3   3.6859468218776463
3   3.6859468218776321
3   4.5388613477473374
3   4.538861347747333
3   3.5629206279144316
3   3.5629206279144237
3   3.6731925401778724
3   3.6731925401778751
3   3.7568321184203421
3   3.7568321184203404
3   3.6951259432269143
3   3.6951259432269108
3   3.8032008136526265
3   3.803200813652623
3   3.8512856479005011
3   3.4517428689142662
3   3.3621753698804633
3   3.3621753698804633
3   2.9999999999999991
3   4.7063012413397551
3   4.4509969201673618
3   4.450996920167352
3   4.5254671584047577
3   4.5254671584047461
3   3.7066662968619672
3   3.7066662968619744
3   3.809299620706593
3   3.8092996207065886
3   3.9231822639426346
3   3.9231822639426408
3   3.0793107033299894
3   3.0793107033299898
3   4.055798857658206
3   4.055798857658206
3   3.3191342383363565
3   3.3191342383363525
3   3.188578034757259
3   3.1885780347572621
3   4.0327152662720387
3   4.0327152662720396
3   3.2634354366026121
3   3.2398978654550299
3   3.2398978654550286
3   3.2330386069992416
3   3.7909190376865549
3   4.1638391028215187
3   4.163839102821516
3   4.3959997042085694
3   4.3959997042085659
3   3.8955069418996482
3   3.0119941009699787
3   3.0119941009699795
3   3.2785552607439992
3   3.2785552607439969
3   3.8551046173607251
3   3.8551046173607189
3   3.0000000000000009
3   3.2700793362562446
3   3.2700793362562424
3   3.9434104635464315
3   3.1171770732183277
3   3.1116684687097709
3   3.1116684687097691
3   3.1598704089982106
3   3.1598704089982101
3   3.1906164696372628
3   3.8611588336957006
3   3.8611588336956979
3   3.1317597106824038
3   3.1317597106824051
3   3.231399023232453
3   3.2313990232324552
3   3.131703091662509
3   3.1317030916625095
3   3.228921898451043
3   3.8477102482572425
3   3.8477102482572398
3   3.0426383309819593
3   3.0426383309819593
3   3.2657222116812257
3   3.2470573391996815
3   3.2470573391996829
3   3.0269318533030671
3   3.0269318533030667
3   3.8082611961205339
3   3.8082611961205304
3   3.0508889548803202
3   3.0508889548803189
3   3.018107464490039
3   3.0181074644900381
3   3.1558138698037679
3   3.1558138698037674
3   3.5851209792877592
3   3.5851209792877565
3   3.6830810238387599
3   3.1126075489067988
3   3.1126075489067966
3   3.0255022498782909
3   3.0255022498782895
3   3.4191528525511785
3   3.4191528525511816
3   3.2598344134984201
3   3.0702348319619572
3   3.070234831961959
3   3.0665013040356568
3   3.0665013040356568
3   3.2416817872505606
3   3.0000000000000004
3   3.1873898458279415
3   3.187389845827941
3   3.0935751235357496
3   3.0935751235357491
3   3.4082230624001708
3   3.4082230624001717
3   3.5177517751408578
3   3.1272094690057148
3   3.1272094690057162
3   3.2408107392271015
3   3.2408107392271024
3   3.4334972023227777
3   3.4334972023227803
3   3.3055262322926193
3   3.3055262322926176
3   3.3348575797358646
3   3.3348575797358659
3   3.0000000000000004
3   3.1464726191904235
3   3.1464726191904235
3   3.3587348879789602
3   3.3587348879789616
3   3.5671720595856993
3   3.6738180659999919
3   3.6738180659999893
3   3.1492600835822739
3   3.1492600835822744
3   3.9254754178647921
3   3.3321767362616264
3   3.3834594390303581
3   3.9278298979015229
3   3.927829897901522
3   3.4988137244659212
3   3.4988137244659185
3   3.0000000000000009
3   3.858216519972216
3   3.8582165199722125
3   3.6397507563028073
3   3.1729359278505922
3   3.1729359278505962
3   3.024917068779748
3   3.1950115433676909
3   3.1950115433676896
3   3.1002069336414744
3   3.1002069336414748
3   3.0410033159094669
3   3.0410033159094665
3   3.0678595262645816
3   3.0678595262645838
3   3.2662044494010587
3   3.2662044494010556
3   3.0156391120432251
3   3.0156391120432229
3   3.0904106628213319
3   3.0904106628213328
3   3.0438435654575886
3   3.0438435654575859
3   3.1080437428182051
3   3.1080437428182042
3   3.0257355279294282
3   3.0257355279294265
3   2.9999999999999996
3   3.0015219300037042
3   3.0015219300037033
3   3.068937420676892
3   3.068937420676892
3   3.0128264816063379
3   3.0128264816063415
3   3.0185287784182155
3   3.1570166034489002
3   3.0029055239366875
3   3.0029055239366875
3   3.0219416565488899
3   3.0630556691547945
3   3.0630556691547959
3   3.0201082968295507
3   3.0201082968295552
3   3.0463691598574765
3   3.0463691598574787
3   3.0035641406536073
3   3.0035641406536047
3   3.0022755535965384
3   3.0022755535965375
3   3.0037236125195421
3   3.0019909010730648
3   3.0019909010730661
3   3.0161038264253572
3   3.0161038264253577
3   3.0006901606692939
3   3.0006901606692948
3   3.0007510177449745
3   3.0007510177449777
3   3.011699180600083
3   3.0000000000000013
3   3.0036068351679837
3   3.0036068351679881
3   3.0003449974606022
3   3.0003449974606076
3   3.0003539694465853

4   5.7355167955973601
4   4.9470022172325612
4   4.9470022172325612
4   4.2011255636745624
4   4.2011255636745588
4   4.3546880971467683
4   4.0734383550998654
4   4.0734383550998627
4   4.7892447113122083
4   4.7892447113122065
4   4.0288766705980894
4   4.0288766705980894
4   4.006210219334486
4   4.006210219334486
4   4.0000000000000009
4   4.0632037583480738
4   4.0632037583480738
4   4.9163210899604586
4   4.7910770754427823
4   4.7910770754427805
4   4.8262222667644661
4   4.8262222667644634
4   4.6338757398676504
4   4.6338757398676504
4   4.0466480079364837
4   4.0466480079364828
4   4.0041670112932666
4   4.1707732087383844
4   4.1707732087383835
4   4.307577537248509
4   4.3075775372485028
4   4.1935554031807118
4   4.1935554031807136
4   4.0750901371497417
4   4.0750901371497434
4   4.0990815453705833
4   4.0000242532609347
4   4.0000242532609347
4   4
4   4.0009981467717095
4   4.0009981467717104
4   4.000007570507119
4   4.0000075705071163
4   4.0023329409982287
4   4.0023329409982296
4   4.0094432026408988
4   4.0094432026408979
4   4.0011481324021112
4   4.0041069241547369
4   4.0041069241547369
4   4.0013236708196516
4   4
4   4.000763696022366
4   4.0007636960223651
4   4.0001290508226592
4   4.0001290508226601
4   4.0001156334875789
4   4.0001156334875789
4   4.0000629472216556
4   4.0000079001785362
4   4.0000079001785354
4   4.0000273530159891
4   4.0000273530159891
4   4.0003629245390098
4   4.0003629245390089
4   4.0002124690772067

5   6
5   5
5   5
5   5
5   5
5   5.0000000000000009
5   5
5   5
5   5
5   5
5   5
5   5

6   6

