-6   6

-5   6
-5   5
-5   5
-5   5
-5   5
-5   5
-5   5
-5   5
-5   5
-5   5
-5   5.0000000000000009
-5   5

-4   5.9627813024405816
-4   4.9912166860731304
-4   4.991216686073118
-4   4.0477110512660595
-4   4.047711051266055
-4   4.0520470752520472
-4   4.0191704995585136
-4   4.0191704995585136
-4   4.9548445875719702
-4   4.954844587571972
-4   4.0075881213221116
-4   4.0075881213221116
-4   4.0105024409040659
-4   4.0105024409040659
-4   4.0003998653083821
-4   4.0003998653083812
-4   4
-4   4.9870719450298369
-4   4.9674678332460305
-4   4.9674678332460269
-4   4.9735009063215072
-4   4.9735009063215063
-4   4.9254177788178088
-4   4.9254177788178088
-4   4.0069106998804855
-4   4.0069106998804846
-4   4.0011099965779859
-4   4.0318418745008469
-4   4.0318418745008451
-4   4.0486455211062182
-4   4.0486455211062182
-4   4.0196499014727527
-4   4.0196499014727527
-4   4.0309076503595955
-4   4.0309076503595955
-4   4.0155009616895638
-4   4.0000845670910703
-4   4.0000845670910694
-4   3.9999999999999991
-4   4.0001008266079161
-4   4.0001008266079161
-4   4.0000669921208534
-4   4.0000669921208534
-4   4.0007041033452095
-4   4.0007041033452087
-4   4.0020010278796132
-4   4.0020010278796132
-4   4.0000994940279968
-4   4.0008114417037737
-4   4.0008114417037737
-4   4.0002547189072635
-4   4.0000000000000027
-4   4.0001058386038073
-4   4.0001058386038064
-4   4.0000149747953078
-4   4.000014974795306
-4   4.0000117614220461
-4   4.0000356477020231
-4   4.0000356477020231
-4   4.0000014395524977
-4   4.0000014395524985
-4   4.0000052254322238
-4   4.0000052254322229
-4   4.000079015596878
-4   4.0000790155968762
-4   4.0000369721960922

-3   5.8815108306446326
-3   4.9284243838740691
-3   4.9284243838740487
-3   4.0102037498786327
-3   4.0102037498785998
-3   4.1344649972333185
-3   3.2150729308644195
-3   3.2150729308644048
-3   3.0924332778149908
-3   3.0924332778149899
-3   3.1426123118961016
-3   3.1426123118961016
-3   3.0454924361505582
-3   3.0454924361505591
-3   4.9293147982891057
-3   4.9293147982891021
-3   3.8202516613138009
-3   3.8202516613137991
-3   3.0357127331260916
-3   3.9536854548655205
-3   3.9536854548655169
-3   3.9027825429607415
-3   3.9027825429607343
-3   3.1021107186578791
-3   3.1021107186578769
-3   3.9434716416408984
-3   3.9434716416408984
-3   3.9654666424172982
-3   4.6345933473812648
-3   4.6345933473812515
-3   4.9463645514889141
-3   3.1459335868244191
-3   3.0000000000000004
-3   3.4747620315525722
-3   3.4747620315525714
-3   4.9216847008501441
-3   4.9216847008501405
-3   4.5003152867121567
-3   4.5003152867121372
-3   3.9609983492897465
-3   3.9609983492897438
-3   3.570467938148072
-3   3.5704679381480817
-3   4.0091697000236719
-3   4.0091697000236666
-3   3.0447141755666065
-3   3.0447141755666083
-3   3.9106908756192151
-3   3.0820237153909193
-3   3.0820237153909091
-3   3.0127751055697534
-3   3.0127751055697538
-3   3.0787218412611401
-3   4.0781072803874912
-3   4.0781072803874885
-3   3.971067715094768
-3   3.971067715094768
-3   4.0074804649534368
-3   4.0074804649534324
-3   3.0558499849618559
-3   3.943967295903315
-3   3.0798761393993379
-3   3.0798761393993361
-3   3.971624223544211
-3   3.9716242235442083
-3   3.025291324554829
-3   3.0252913245548316
-3   3.0628027348016547
-3   3.0628027348016538
-3   3.98798315180301
-3   3.0396635752458119
-3   3.0396635752458065
-3   3.0353518665715273
-3   3.0353518665715278
-3   3.9465312273529465
-3   3.9465312273529456
-3   3.0351129046163638
-3   3.0351129046163638
-3   3.0363490672915785
-3   3
-3   3.0392437439734277
-3   3.0392437439734263
-3   3.0301779107391225
-3   3.1001254776107898
-3   3.1001254776107916
-3   3.054792076878595
-3   3.0185524173848717
-3   3.0185524173848703
-3   3.975279842866601
-3   3.9752798428665956
-3   3.9017817475751588
-3   3.9017817475751571
-3   3.0740774278140717
-3   3.0080859376422988
-3   3.0080859376422975
-3   3.8083496474647509
-3   3.8083496474647562
-3   3.0130370468784053
-3   3.0130370468784053
-3   3.0093271689536363
-3   3.0093271689536354
-3   3.1964117726789092
-3   3.1964117726789141
-3   3.0541624662136702
-3   3.054162466213671
-3   3.0129060357993285
-3   3.0129060357993285
-3   3.9629518934438295
-3   3.0124769515206529
-3   3.0124769515206524
-3   3.0015104372942436
-3   3.0015104372942427
-3   3.843795575767885
-3   3.8437955757678841
-3   3.0466911924081104
-3   3.8621513810892916
-3   3.0529700919780827
-3   3.0529700919780822
-3   3.9174460209382032
-3   3.0328947264176973
-3   3.0328947264176969
-3   3.1571002190702364
-3   3.1571002190702351
-3   3.8274680349107495
-3   3.8274680349107468
-3   3.0316177070125292
-3   3.0316177070125288
-3   3.0000000000000004
-3   3.123373017880402
-3   3.1233730178804011
-3   3.0306467208861774
-3   3.0306467208861783
-3   3.8113935570861894
-3   3.8113935570861885
-3   3.1202902006135731
-3   3.1202902006135691
-3   3.09560708518082
-3   3.722743700740974
-3   3.7227437007409723
-3   3.9694426424060918
-3   3.2785675021426943
-3   3.2785675021426948
-3   3.007062480975883
-3   3.0070624809758835
-3   3.050272846025655
-3   3.0398210888598061
-3   3.0398210888598065
-3   3.9099583539540221
-3   3.9099583539540186
-3   3.1347957110717459
-3   3.1347957110717464
-3   3.0000000000000018
-3   3.9424294221397318
-3   3.94242942213973
-3   3.2980777745557166
-3   3.9058641634708628
-3   3.9058641634708628
-3   3.7381091810193015
-3   3.0000000000000004
-3   3.0241599981587548
-3   3.0241599981587539
-3   3.0036615566471063
-3   3.0759433763105917
-3   3.0759433763105881
-3   3.0200193146575351
-3   3.0200193146575351
-3   3.0243649762941347
-3   3.0243649762941351
-3   3.0064128429949082
-3   3.00641284299491
-3   3.008017955514704
-3   3.0080179555147004
-3   3.002047665146145
-3   3.0020476651461436
-3   3.0082242164611448
-3   3.0082242164611452
-3   3.0135525079759806
-3   3.0135525079759811
-3   3.0072117883229192
-3   3.0072117883229197
-3   3.0031713259924495
-3   3.0031713259924477
-3   3.0000000000000004
-3   3.0112450171187866
-3   3.0112450171187852
-3   3.0304014044834089
-3   3.000271278340672
-3   3.0002712783406746
-3   3.0012035339500986
-3   3.0012035339501004
-3   3.0019070096933782
-3   3.000227290041154
-3   3.0002272900411557
-3   3.0089445377047768
-3   3.0089445377047777
-3   3.0026750406037883
-3   3.0024104892738128
-3   3.0024104892738142
-3   3.0063901345959039
-3   3.0063901345959043
-3   3.0005475519124891
-3   3.0005475519124878
-3   3.0003560000476193
-3   3.0003560000476219
-3   3.0005381311544665
-3   3.0024884741107845
-3   3.0024884741107849
-3   3.0001715970456631
-3   3.0001715970456648
-3   3.0002124226956579
-3   3.0002124226956566
-3   3.0000909895120129
-3   3.0000909895120143
-3   3.002184756214346
-3   2.9999999999999991
-3   3.0006378474961726
-3   3.0006378474961748
-3   3.0000649619852675
-3   3.0000649619852666
-3   3.0000628441355852

-2   5.7684666312923936
-2   4.8345063744591101
-2   4.8345063744590941
-2   3.924464723538903
-2   3.9244647235388062
-2   3.0615799647222146
-2   3.061579964722156
-2   4.1885894542183655
-2   2.3817288739103182
-2   2.381728873910304
-2   2.1265592396973738
-2   2.1265592396973587
-2   2.0534728495163428
-2   3.2101024914511007
-2   3.2101024914510976
-2   3.8779289169635982
-2   3.8779289169635929
-2   4.8651842574765745
-2   4.8651842574765434
-2   2.8466259160824516
-2   2.8466259160824499
-2   2.3879004302717628
-2   2.3879004302718041
-2   3.0273434718203598
-2   3.027343471820358
-2   3.1010529847759156
-2   3.9054177348197774
-2   3.9054177348197507
-2   2.2768014437456849
-2   2.219489372235667
-2   2.2194893722356661
-2   3.7702781997343813
-2   3.7702781997343529
-2   2.958992633042846
-2   2.9589926330428211
-2   2.9782207242189696
-2   3.8266933852467195
-2   3.8266933852467195
-2   2.9721405531987002
-2   2.2259027121142561
-2   2.2259027121142645
-2   4.3410834529201745
-2   4.3410834529201701
-2   3.898973675453929
-2   4.8140465413998461
-2   2.724222965552519
-2   2.7242229655524577
-2   2.213629385519726
-2   2.213629385519722
-2   3.6950084960899252
-2   3.6950084960899234
-2   2.4116715673381139
-2   4.5565615673787878
-2   4.5565615673787976
-2   2.1802660071071305
-2   3.8360846894965412
-2   3.8360846894965261
-2   2.2726943441184995
-2   2.2726943441184972
-2   3.0215156367810985
-2   3.0215156367811145
-2   3.6212021500007054
-2   3.621202150000733
-2   3.9305673906163348
-2   3.9305673906163605
-2   4.2375183654142345
-2   4.2375183654141946
-2   2.5343273248795888
-2   2.5343273248795519
-2   3.8520543687863329
-2   3.066814381328844
-2   3.0668143813288298
-2   2.997859926024022
-2   3.724705097313767
-2   3.7247050973137714
-2   4.0059601284912176
-2   4.0059601284912008
-2   2.8965029827286206
-2   3.9599393421378046
-2   3.9599393421378073
-2   2.8512937371425857
-2   2.8512937371425813
-2   2.1854415820992377
-2   2.1854415820992363
-2   2.2330312550595282
-2   3.8231432913725492
-2   2.9196830664696178
-2   2.9196830664696103
-2   2.4366461023636568
-2   2.4366461023636559
-2   2.2492127742109282
-2   3.891133129564726
-2   3.8911331295647251
-2   2.813336402313714
-2   2.8133364023136651
-2   2.962611264471084
-2   2.9626112644710774
-2   2.5050626665440539
-2   2.5050626665440023
-2   2.1219192495869192
-2   2.9261303334230706
-2   2.9261303334230764
-2   2.2642826565447254
-2   2.2642826565447276
-2   3.8711676271934685
-2   2.1325132006956675
-2   2.1325132006956662
-2   2.9250322423405337
-2   2.9250322423405253
-2   2.1876468185866749
-2   2.187646818586658
-2   3.0304023687082657
-2   2.7656076186577967
-2   2.7656076186578025
-2   2.4492737688211639
-2   2.4492737688211852
-2   3.8367086825522252
-2   3.8367086825522039
-2   2.5694790402083285
-2   2.5694790402082979
-2   2.3400978024256212
-2   2.4882841531161235
-2   2.488284153116112
-2   2.2445250335649676
-2   2.2445250335649711
-2   2.1621879634862746
-2   2.1621879634862755
-2   2.9502214535487341
-2   2.1157343734068119
-2   2.1157343734068115
-2   2.8215441759279165
-2   2.1184280814205025
-2   2.1184280814205003
-2   3.0252324350002455
-2   2.9691607963809479
-2   2.9691607963809474
-2   3.0368206902930504
-2   3.0368206902930415
-2   2.8855150136637273
-2   3.9210795911632834
-2   3.9210795911632781
-2   2.149335694145889
-2   2.1701853534239466
-2   2.1701853534239532
-2   3.8424541925965636
-2   3.8424541925965645
-2   2.9762637954792672
-2   2.9762637954792655
-2   2.0381671474414977
-2   2.2977049200910589
-2   2.2977049200910566
-2   2.1587644110299062
-2   2.1587644110298996
-2   3.6270016644920009
-2   3.6270016644919894
-2   2.222954303700214
-2   2.2229543037002051
-2   2.7666916444786374
-2   2.7666916444786307
-2   3.1360235458849974
-2   3.1360235458849854
-2   2.4994551405598142
-2   2.49945514055982
-2   2.7714949091664303
-2   2.7714949091664307
-2   2.9039811209388806
-2   2.9039811209388766
-2   2.263466039058085
-2   2.2634660390580743
-2   2.075142610390031
-2   2.0751426103900288
-2   3.6615686527282989
-2   2.3811455226802827
-2   2.3811455226802787
-2   2.2574655403176846
-2   2.2574655403176851
-2   2.0806125927927481
-2   2.0806125927927432
-2   2.9521810937222024
-2   2.9521810937222059
-2   2.116822901336505
-2   2.5494766171925338
-2   2.8666651112751085
-2   2.8666651112751094
-2   3.6744532608047455
-2   3.6744532608047455
-2   2.2277046962983333
-2   2.2277046962983342
-2   3.7317158856999013
-2   2.3977248789677383
-2   2.3977248789677374
-2   3.3630126717496256
-2   2.1186598576980229
-2   2.1186598576980162
-2   2.1331191587610805
-2   2.1331191587610845
-2   2.9701756413623683
-2   2.9701756413623666
-2   2.8629587351286587
-2   2.1758673930278252
-2   2.1758673930278243
-2   2.7945067468596516
-2   2.7945067468596494
-2   2.0457367098043924
-2   3.4171836951233803
-2   3.4171836951233709
-2   3.0091484242461477
-2   3.0091484242461455
-2   2.8285681949471537
-2   2.4476502811466503
-2   2.4476502811466485
-2   3.0044477704279058
-2   3.0044477704279049
-2   2.3191526023746261
-2   2.9037549532000608
-2   2.9302682046720605
-2   2.9302682046720547
-2   2.9604904872861124
-2   2.960490487286116
-2   3.0582877289662358
-2   3.0582877289662367
-2   2.9878556102405391
-2   2.738451672382852
-2   2.7384516723828534
-2   2.6773989602163657
-2   2.6773989602163653
-2   3.0847503017395943
-2   3.0847503017395899
-2   3.5703918606297878
-2   3.5703918606297824
-2   3.8117555297501911
-2   2.3225645914214215
-2   2.3225645914214228
-2   3.2255962122899571
-2   3.2255962122899566
-2   2.2112784210132728
-2   2.8714575017722024
-2   2.8714575017721979
-2   2.0959678867684812
-2   2.957494772411331
-2   2.15314715838961
-2   2.1531471583896087
-2   2.5462110140587249
-2   2.272750692491154
-2   2.2727506924911531
-2   2.1753523927171079
-2   2.1753523927171083
-2   2.9815704442585629
-2   2.9815704442585536
-2   3.8804053335061051
-2   3.8804053335060953
-2   2.9101417534174394
-2   2.9101417534174363
-2   2.9756988267548428
-2   3.8942317667620365
-2   3.8942317667620259
-2   2.750252841195842
-2   2.8953836307323684
-2   2.8953836307324194
-2   2.9728463654652604
-2   2.9728463654652271
-2   3.0000000000000018
-2   3.8692962362290046
-2   2.0677630171585988
-2   2.0677630171585979
-2   2.0766232955361574
-2   2.1264614073360262
-2   2.1264614073360257
-2   2.0789539281898723
-2   2.0789539281898746
-2   2.9888684555944649
-2   2.9888684555944689
-2   2.3424583980900109
-2   2.3424583980900109
-2   2.0417895240278137
-2   2.0417895240278154
-2   2.1897723867799157
-2   2.1897723867799224
-2   2.0991449181616533
-2   2.6718866863079609
-2   2.6718866863079671
-2   2.0920636337219265
-2   2.0920636337219278
-2   2.0692565277107846
-2   2.0692565277107864
-2   2.2352606102040768
-2   2.2352606102040782
-2   2.8926782954671078
-2   2.8926782954671082
-2   2.9859720062800483
-2   2.2234234157596169
-2   2.2234234157596182
-2   2.8777046434717208
-2   2.8777046434717222
-2   2.3770519426418701
-2   2.3770519426418715
-2   2.0263288732838052
-2   2.7927422188968647
-2   2.7927422188968647
-2   2.0108686718097313
-2   2.3267153536537895
-2   2.3267153536538032
-2   2.9718323548834742
-2   2.9718323548834729
-2   2.9215538377202721
-2   2.9215538377202721
-2   2.0122921968701917
-2   2.8445707692093154
-2   2.8445707692093105
-2   2.0336494212463312
-2   2.0458521027706751
-2   2.0458521027706786
-2   2.921152156831206
-2   2.9211521568312122
-2   2.9776484698652075
-2   2.9776484698652079
-2   2.0412710453673957
-2   2.0412710453673957
-2   2.8111224876766032
-2   2.8111224876766157
-2   2.0871887803825184
-2   2.0871887803825193
-2   2.0533240882393411
-2   2.781973170709243
-2   2.7819731707092257
-2   2.7994328683759941
-2   2.0253438710201577
-2   2.0253438710201608
-2   2.0259553824548759
-2   2.0259553824548791
-2   2.0809191762237256
-2   2.0809191762237265
-2   2.0313453104057615
-2   2.0313453104057628
-2   2.4352262228763548
-2   2.4352262228763566
-2   2.9871004638199099
-2   2.0368807059538163
-2   2.0101830956368665
-2   2.087866838049321
-2   2.0878668380493233
-2   2.0707640177051374
-2   2.070764017705137
-2   2.2906000587803135
-2   2.0246641573016344
-2   2.0406376745123986
-2   2.0406376745124022
-2   2.0147992593587047
-2   2.0345416902467743
-2   2.0345416902467726
-2   2.9361146502535576
-2   2.9361146502535656
-2   2.9505254679756936
-2   2.9505254679756932
-2   2.0322429314492565
-2   2.0322429314492587
-2   2.9067775841635641
-2   2.9067775841635717
-2   2.9388936284772575
-2   2.9388936284772553
-2   2.487349481305162
-2   2.4873494813051624
-2   2.9842311854300814
-2   2.0230611796116857
-2   2.0230611796116866
-2   2.1542163379460253
-2   2.1542163379460306
-2   2.0225251697353364
-2   2.022525169735335
-2   2.5604945303313236
-2   2.5604945303313222
-2   2.0250563991832222
-2   2.9751713979695489
-2   2.3081721577109753
-2   2.3081721577109824
-2   2.0314763397391715
-2   2.0314763397391724
-2   2.9171436289661234
-2   2.9171436289661217
-2   2.0125080747781805
-2   2.0461677745991786
-2   2.04616777459918
-2   2.0441278017356028
-2   2.044127801735605
-2   2.1937701723689584
-2   2.1302749392673066
-2   2.1302749392673666
-2   2.603182210965139
-2   2.6031822109650888
-2   2.0966288229291821
-2   2.096628822929187
-2   2.0550327711323493
-2   2.0550327711323488
-2   2.0455071384925185
-2   2.0455071384925207
-2   2.0271956219888034
-2   2.0271956219888039
-2   2.0351342961951162
-2   2.0351342961951193
-2   2.0671321630632424
-2   2.0671321630632411
-2   2.0098239562280291
-2   2.0098239562280296
-2   2.0069843812929911
-2   2.9267505426899199
-2   2.9267505426899194
-2   2.8430200090548916
-2   2.0230751649430543
-2   2.0230751649430547
-2   2.1775533831665537
-2   2.1775533831665745
-2   2.8862715545487507
-2   2.8862715545487516
-2   2.8364236221847059
-2   2.8364236221847241
-2   2.9243981516269466
-2   2.9243981516269444
-2   2.000787073493731
-2   2.0567586873415684
-2   2.0567586873415724
-2   2.0262847860536786
-2   2.0262847860536786
-2   2.0195253199414673
-2   2.0195253199414633
-2   2.0450559614903221
-2   2.0450559614903212
-2   2.0196272226142686
-2   2.0196272226142717
-2   2.2094316021753477
-2   2.2094316021753491
-2   2.0970153742481927
-2   2.0970153742481972
-2   2.0033221671674766
-2   2.7561119496206374
-2   2.7930069534666284
-2   2.7930069534666337
-2   2.9655078322322512
-2   2.2062652080105565
-2   2.0192632203946475
-2   2.0192632203946475
-2   2.0488157109404441
-2   2.0488157109404792
-2   2.372883748147526
-2   2.3728837481475287
-2   2.8595094096417495
-2   2.8595094096417237
-2   2.0251665648141044
-2   2.0251665648141071
-2   2.9353279824927827
-2   2.0079986462055452
-2   2.0079986462055461
-2   2.6891611070118024
-2   2.689161107011802
-2   2.0639816049227475
-2   2.0639816049227555
-2   2.1084191982659752
-2   2.014003487329421
-2   2.014003487329425
-2   2.0068580043914248
-2   2.08144364063843
-2   2.0002485918579604
-2   2.0030913561342154
-2   2.0030913561342234
-2   2.0141962996086984
-2   2.0024656783956818
-2   2.0024656783956858
-2   2.0008766552041299
-2   2.0036154143581508
-2   2.0036154143581606
-2   2.0087077764376975
-2   2.0084646201660274
-2   2.0084646201660261
-2   2.0069759298213565
-2   2.0069759298213579
-2   2.003452555962677
-2   2.0034525559626828
-2   2.0062835981360685
-2   2.0062835981360747
-2   2.0061355342160048
-2   2.0161880145908557
-2   2.0014664978178596
-2   2.0014664978178618
-2   2.0035761399654639
-2   2.0035761399654701
-2   2.0017865638712076
-2   2.0017865638712111
-2   2.0016626491842677
-2   2.0016626491842704
-2   2.0063532444311742
-2   2.0063532444311747
-2   2.0014560885921724
-2   2.0014560885921808
-2   2.0043576146123354
-2   2.0043576146123372
-2   2.0021885579330188

-1   5.6652576000762789
-1   4.750964206918165
-1   4.7509642069181135
-1   3.8453093796405708
-1   3.8453093796404207
-1   2.9437612318529403
-1   2.9437612318528394
-1   2.0899817955792939
-1   2.0899817955792748
-1   1.4186277963670499
-1   1.4186277963670431
-1   1.1822288242758994
-1   4.2267346926877956
-1   3.2280118849920338
-1   3.2280118849920214
-1   2.1104441261313389
-1   2.1104441261313029
-1   2.9612386400836543
-1   2.9612386400836432
-1   2.1313546980673577
-1   3.8901919912108989
-1   3.8901919912108394
-1   4.6866147331206198
-1   4.6866147331206776
-1   2.5360842824212497
-1   2.5360842824210668
-1   2.3330919616324364
-1   1.5104536645789945
-1   1.5104536645789675
-1   3.8515830187184701
-1   3.8515830187184363
-1   2.9033295471900411
-1   2.9033295471900074
-1   3.1229996942801401
-1   3.1128888184022561
-1   3.1128888184022583
-1   2.1262410574529591
-1   2.1262410574531381
-1   3.3568352115747526
-1   3.356835211574853
-1   2.8679340421503978
-1   2.2366755804299738
-1   2.2366755804299592
-1   1.9093041905872736
-1   1.9093041905872616
-1   2.9550471559559512
-1   1.490435853014757
-1   1.4904358530147579
-1   3.4839439300689552
-1   3.4839439300689365
-1   4.1586051613833801
-1   4.158605161383365
-1   2.8397501664065063
-1   2.1035895679884589
-1   2.1171424346449501
-1   2.1171424346449292
-1   3.2747265894266495
-1   4.7399903335690086
-1   2.3708896427239829
-1   2.3708896427239887
-1   3.1677809667963261
-1   3.1677809667963337
-1   3.6989059478423121
-1   3.6989059478422925
-1   2.0316619760241967
-1   2.0316619760241941
-1   4.4412974026987921
-1   4.4412974026988197
-1   2.9963272656562201
-1   2.9963272656562259
-1   3.6643920451368768
-1   3.6643920451368963
-1   3.8116252455531452
-1   3.8116252455531257
-1   2.6342811289850876
-1   2.6342811289850365
-1   1.4161408412940715
-1   1.4161408412940442
-1   1.3211814736172256
-1   2.7205601976445526
-1   2.7205601976445557
-1   4.3469504396453527
-1   4.346950439645294
-1   2.9916352821092778
-1   3.485435813177399
-1   2.1394547209832409
-1   1.9832705845205076
-1   1.9832705845204965
-1   2.6813085768630276
-1   2.6813085768629952
-1   2.9270988247188625
-1   2.9270988247188554
-1   2.8922519153258173
-1   2.8922519153258333
-1   2.9821844601503806
-1   3.8681954108018806
-1   3.8681954108018823
-1   3.877729408961498
-1   3.8777294089614669
-1   1.5087178492936806
-1   1.5087178492938222
-1   3.9104246586084557
-1   3.0012642822222362
-1   3.0012642822221234
-1   2.7854877070967636
-1   2.7854877070968009
-1   1.8007160977884613
-1   1.8007160977883419
-1   2.0846176948745185
-1   1.6413247274686964
-1   1.6413247274687266
-1   2.3786147756226126
-1   2.3786147756226139
-1   1.5455847777958982
-1   1.5455847777958951
-1   2.9503071202766504
-1   2.9503071202766633
-1   1.9809161219196789
-1   3.6893558192715652
-1   3.6893558192715821
-1   2.6554176926087334
-1   2.655417692608729
-1   1.2320284900905383
-1   1.2320284900905352
-1   2.0954710851774729
-1   2.0954710851774641
-1   2.0674649696226823
-1   1.949352188516241
-1   1.9493521885162224
-1   1.8134722940257864
-1   1.8134722940258081
-1   1.4057679068867861
-1   2.8934436491139883
-1   2.8934436491139719
-1   2.0170391826188183
-1   2.0170391826188228
-1   3.7171277181371973
-1   2.9569925579656129
-1   1.2372813792859139
-1   1.2372813792859181
-1   1.155931219378344
-1   1.7085797419195852
-1   1.708579741919622
-1   3.0241529264458502
-1   3.0241529264458458
-1   2.9231621622140422
-1   2.9231621622140302
-1   2.9426401018087507
-1   2.1658225898553036
-1   2.1658225898553041
-1   1.9778644031633537
-1   1.9778644031632751
-1   2.7957291757120486
-1   2.7957291757120486
-1   3.286477270499494
-1   3.2864772704994065
-1   2.1664671287116346
-1   2.1664671287116288
-1   2.4727962802845949
-1   2.6453989190041063
-1   2.6453989190041245
-1   2.8934395516096152
-1   1.9997878219004122
-1   1.9997878219004059
-1   2.4361501855351224
-1   2.436150185535118
-1   2.9191377438151598
-1   1.1560877683415283
-1   1.156087768341532
-1   2.5984630391647454
-1   2.5984630391647459
-1   2.0679982505551715
-1   2.0679982505551733
-1   1.6770744563180386
-1   2.8519737513805605
-1   2.8519737513805352
-1   1.7114907070515941
-1   1.7114907070516598
-1   2.9078554861112815
-1   2.9078554861112815
-1   2.6146079469022991
-1   3.8367234133007884
-1   3.8367234133007742
-1   1.4619390545468285
-1   1.9844042185439492
-1   1.9844042185439466
-1   3.1885171460201382
-1   3.1885171460200317
-1   2.1913932415369581
-1   2.191393241536796
-1   2.1834010091765905
-1   2.1834010091765927
-1   2.1393369440821637
-1   2.0541466946314992
-1   2.054146694631485
-1   2.2377661917634053
-1   2.2377661917633973
-1   2.7206410753484311
-1   2.7206410753484294
-1   3.3897380570188997
-1   3.3897380570189943
-1   1.5732054142041942
-1   1.5732054142043865
-1   2.477593626425306
-1   2.4775936264252936
-1   2.9382993459852065
-1   2.9382993459851945
-1   2.934389048831378
-1   2.9343890488313993
-1   2.0920057891372781
-1   2.0920057891372648
-1   1.9186694754344624
-1   1.9186694754344709
-1   2.1521177427514377
-1   2.152117742751444
-1   2.8391844729474296
-1   2.8391844729474176
-1   1.76224108989096
-1   2.0749958813327161
-1   1.8170625299293754
-1   1.8170625299293843
-1   3.604291623288649
-1   1.9094200637112317
-1   1.9094200637112415
-1   1.2988742457056326
-1   1.2988742457056306
-1   1.7091636481751338
-1   1.7091636481751058
-1   2.145676732522789
-1   2.1456767325227859
-1   2.0086590626652359
-1   2.0086590626652279
-1   1.7256806033765897
-1   2.6952333914133537
-1   2.6952333914133626
-1   2.6039920879176406
-1   2.6039920879176637
-1   1.9918495598458423
-1   1.8734423475191835
-1   1.8734423475191893
-1   1.6802093797343285
-1   1.6802093797342765
-1   2.8508964702648787
-1   2.8508964702648782
-1   3.2015762448645928
-1   3.1205069849540381
-1   3.1205069849539755
-1   2.4893018603375392
-1   1.4318099041483301
-1   1.4318099041483321
-1   3.0092896723049889
-1   2.1997822016481581
-1   2.1997822016481527
-1   1.8373336191745597
-1   1.8373336191745628
-1   2.7476589649656598
-1   2.7476589649656504
-1   2.2231519769984467
-1   1.2748971556322171
-1   1.2748971556322191
-1   2.7726165587931675
-1   2.772616558793159
-1   2.0568031497017465
-1   2.0568031497017438
-1   2.0239421083731335
-1   2.0239421083731304
-1   2.8549939365331189
-1   2.4363374955388419
-1   2.436337495538853
-1   2.2411105576549617
-1   2.5528560123592245
-1   2.5528560123592081
-1   3.416033683044529
-1   3.4160336830445273
-1   2.5447786336592437
-1   1.6144351997688791
-1   1.6144351997688715
-1   2.9664919881510112
-1   2.9664919881509997
-1   2.7823716148663689
-1   2.7823716148663631
-1   2.7576306505669343
-1   2.6200927924173469
-1   2.6200927924173376
-1   1.6651575079114731
-1   2.8177660247327196
-1   2.8177660247327179
-1   2.8615332124815076
-1   2.8615332124815085
-1   2.5458775804147127
-1   3.2328032388651358
-1   3.2328032388651278
-1   1.6308532023877538
-1   1.3405830576882569
-1   1.3405830576882554
-1   1.8324475387101562
-1   1.2797286055804333
-1   1.2797286055804327
-1   3.4041032025176774
-1   3.4041032025176796
-1   3.7866908032998783
-1   2.6194825918837337
-1   2.619482591883723
-1   2.4884632606551023
-1   2.4884632606550956
-1   1.9576663616143746
-1   1.957666361614371
-1   1.531572419746059
-1   2.0156312944055714
-1   1.3936935618188842
-1   1.3936935618188846
-1   2.9214506584303157
-1   2.7751104673810802
-1   2.7751104673810811
-1   2.4354611961342028
-1   2.4354611961342094
-1   2.1269179199474286
-1   1.844950573485753
-1   1.844950573485757
-1   1.7522347277080081
-1   1.7522347277080064
-1   1.576717941467463
-1   1.5767179414674484
-1   2.1318559644746644
-1   2.1318559644746586
-1   1.5850894204690098
-1   1.5850894204690098
-1   2.0892400783666738
-1   2.0892400783666747
-1   1.4630368171200929
-1   1.4630368171200916
-1   3.7344415583849013
-1   3.734441558384912
-1   2.6667482562536415
-1   2.66674825625363
-1   1.8552162133181782
-1   1.8552162133181715
-1   2.4888938253298365
-1   1.4404648144663914
-1   1.4404648144663881
-1   2.7703356487941231
-1   2.7703356487941262
-1   2.7744970026523865
-1   3.7422001030414931
-1   3.7422001030415073
-1   1.4121399866653619
-1   1.4121399866653621
-1   2.8804342592995167
-1   1.5195424454705675
-1   1.6041777498405358
-1   1.6041777498405367
-1   1.2534613695589902
-1   1.2534613695589896
-1   3.521391815741965
-1   3.5213918157419606
-1   2.8831881250270013
-1   1.5628764532315316
-1   1.4202551887471278
-1   1.4202551887471371
-1   3.6943290855700566
-1   2.0262597869024273
-1   2.0262597869024281
-1   1.9214942401940514
-1   1.9214942401940487
-1   2.0510257686214848
-1   2.0510257686214808
-1   1.5829934305081408
-1   1.2330357575635882
-1   1.8244563884516825
-1   1.8244563884516882
-1   1.9257943619237019
-1   1.9257943619237041
-1   2.8096638224570789
-1   2.8096638224570807
-1   2.1453119161005265
-1   2.1453119161005305
-1   2.5627366614358822
-1   2.5627366614358822
-1   2.0199045998553817
-1   2.0199045998553817
-1   2.0189085721453752
-1   1.9524698178505719
-1   1.9524698178505746
-1   2.2813607090285504
-1   2.2813607090285504
-1   2.0440213778592438
-1   2.0440213778592455
-1   1.8168269879129868
-1   1.8168269879129939
-1   1.9988155398193701
-1   2.5028437568172164
-1   2.5028437568172222
-1   2.0935467625749729
-1   2.0935467625749724
-1   2.817436954457909
-1   2.817436954457909
-1   2.8716627797421914
-1   1.4814133153983386
-1   1.4814133153983406
-1   1.6043030266401641
-1   1.9988988364733102
-1   1.9988988364733227
-1   1.9311572373147983
-1   2.0303498501950292
-1   2.0303498501950332
-1   1.4774020897793012
-1   1.4774020897793181
-1   2.1856177745984708
-1   2.1856177745984815
-1   1.7381077403031813
-1   1.7381077403031546
-1   1.9531481369175361
-1   2.4534684896021846
-1   2.4534684896021703
-1   1.9201446507793398
-1   1.9201446507793478
-1   1.9296377457302545
-1   1.9296377457302638
-1   2.7910674761448799
-1   2.7910674761448862
-1   1.7520419135671834
-1   2.7772553683181598
-1   2.7772553683181642
-1   1.0912344904540983
-1   1.5867656779300585
-1   1.550749918937997
-1   1.550749918937997
-1   1.1145764670356504
-1   2.7665927939722281
-1   2.7665927939722303
-1   1.6583221284062537
-1   1.6583221284062533
-1   1.6575046110198794
-1   1.6575046110198755
-1   1.3803625837100109
-1   1.3803625837100122
-1   2.2085203712974417
-1   2.2085203712974435
-1   1.7398823645155677
-1   1.9271805414949332
-1   1.9271805414949328
-1   1.6565780798185159
-1   1.6565780798185146
-1   2.8136186236939804
-1   2.8136186236939844
-1   1.1591358977687027
-1   1.1591358977687025
-1   2.6669128412916168
-1   2.6669128412916181
-1   2.7864476284304391
-1   1.2182643323055564
-1   2.8799576109044618
-1   2.8799576109044671
-1   1.8190143721425556
-1   1.8190143721425622
-1   1.4304854181882156
-1   1.9739763628835925
-1   1.9739763628835925
-1   1.8970212128057287
-1   1.89702121280577
-1   1.1469765408404762
-1   1.1469765408404782
-1   1.8013075772555625
-1   1.8013075772555713
-1   1.3229299310583229
-1   1.3229299310582727
-1   2.7882313602754856
-1   1.9709264698672304
-1   1.552598829384515
-1   1.552598829384511
-1   1.9113682616445455
-1   1.9113682616445495
-1   1.9369690651476099
-1   2.0669752089487963
-1   1.6527894473435047
-1   1.6527894473435114
-1   1.6578412344018165
-1   1.6578412344018276
-1   1.3269257623326449
-1   1.4523708596407119
-1   1.4523708596407181
-1   1.9659499013031523
-1   1.9659499013031527
-1   1.9173473880939285
-1   1.9173473880939285
-1   1.6691775835791054
-1   1.6691775835791174
-1   1.8059073535428869
-1   2.4336617021392106
-1   2.4336617021434792
-1   1.8402482554627242
-1   1.8402482554680577
-1   1.9044496943751299
-1   1.9044496943751401
-1   2.6492111104839968
-1   2.6492111104839924
-1   1.3313469354946241
-1   1.7468525909711361
-1   1.7468525909711161
-1   1.8479493900995858
-1   2.8721066287906081
-1   2.8721066287906072
-1   1.5250765889592532
-1   1.429960722119753
-1   1.4299607221197252
-1   1.7228018745362612
-1   1.7228018745362852
-1   1.2891781825549533
-1   1.2891781825549395
-1   2.9205467399818987
-1   2.920546739981932
-1   1.2350146752633102
-1   1.235014675263358
-1   2.0070245038480232
-1   2.0070245038480405
-1   1.805065498580495
-1   1.8050654985804719
-1   2.7339555134100095
-1   2.4748495081703887
-1   2.4748495081703785
-1   1.9940414907241051
-1   1.9353441230407156
-1   1.9353441230407098
-1   1.2564216579568852
-1   1.2564216579569223
-1   1.9303229771315982
-1   1.9303229771315906
-1   2.9319247069239469
-1   1.4766726878307748
-1   1.4766726878307894
-1   2.1920853533901354
-1   2.1920853533901137
-1   1.2798837857970615
-1   1.2798837857970606
-1   1.3640691885170895
-1   1.3640691885171075
-1   1.3017539164908989
-1   1.5025093123031281
-1   1.5025093123031215
-1   2.9062582767121414
-1   2.9062582767121428
-1   2.6135958373883033
-1   2.6135958373882753
-1   1.2413893711355553
-1   1.2413893711355557
-1   1.9609621152539733
-1   1.9609621152539818
-1   1.9878796642328518
-1   1.9135896160483772
-1   1.9135896160483861
-1   1.2343614050967473
-1   1.2343614050967715
-1   1.9326411564473953
-1   1.9326411564473966
-1   2.0498966658937441
-1   1.9137915103253098
-1   1.9137915103253023
-1   1.9218125477514554
-1   1.9218125477514572
-1   1.1904631763587066
-1   1.1904631763586973
-1   1.7031287069283465
-1   1.7031287069283692
-1   1.2418602189740064
-1   1.2418602189740331
-1   1.0812668622237591
-1   1.8171694822691173
-1   1.8171694822691142
-1   1.2616221728926
-1   1.2616221728926038
-1   1.5177888696693023
-1   1.5177888696693174
-1   1.9413716727930233
-1   1.941371672793021
-1   2.792669330742291
-1   2.7926693307422954
-1   1.9597572932919012
-1   1.9597572932919038
-1   2.0136791009016557
-1   2.0136791009016597
-1   2.704719727877098
-1   1.9642205338928225
-1   1.1455680606118448
-1   1.145568060611851
-1   1.998992557316229
-1   1.9989925573162335
-1   1.7286210668869524
-1   1.7286210668869622
-1   1.3397594433326485
-1   1.3397594433326567
-1   2.5769878844628482
-1   2.576987884462846
-1   1.2017756076347164
-1   2.7344685244456639
-1   2.7344685244456617
-1   1.3053029554373259
-1   1.481936604296908
-1   1.4819366042968991
-1   2.8806842353172541
-1   2.8806842353172644
-1   1.9254639625223842
-1   1.9254639625223886
-1   1.9662885348824868
-1   1.8448564020149743
-1   1.8448564020149334
-1   1.9426318729280432
-1   1.942631872928005
-1   1.8831564300659651
-1   1.8831564300659731
-1   1.5118523811378353
-1   1.5118523811378615
-1   1.048299157918509
-1   1.2537815580013751
-1   1.2537815580013623
-1   1.2195417542410538
-1   1.2195417542410609
-1   1.2648488967788996
-1   1.2648488967789013
-1   1.3672938079969985
-1   1.3672938079969914
-1   1.9823724489314545
-1   1.8755775706652282
-1   1.8755775706652202
-1   2.2565427878296473
-1   2.2565427878296553
-1   1.0866761657555486
-1   1.0866761657555579
-1   2.0937074226094996
-1   1.9492169655248803
-1   1.9492169655248981
-1   1.9450122026430745
-1   1.9450122026431047
-1   2.566130343987846
-1   1.079036757367279
-1   1.0790367573672721
-1   2.8462252048182157
-1   1.0657195492856582
-1   1.051673852263926
-1   1.0516738522639317
-1   2.1488475132744891
-1   2.1488475132745282
-1   1.9570300967604854
-1   1.9570300967605352
-1   2.414348142625022
-1   2.4143481426250037
-1   1.5927929313749329
-1   1.592792931374952
-1   1.0573976849558684
-1   1.0573976849558688
-1   2.8350943924402134
-1   2.8350943924402094
-1   1.5761297101302731
-1   1.5761297101302891
-1   1.842512732286377
-1   1.8425127322864556
-1   1.5287896580166875
-1   1.1173940478559936
-1   1.1173940478559998
-1   2.9354950913084696
-1   1.9434141576131601
-1   1.9434141576131676
-1   2.113609166511015
-1   2.1136091665110004
-1   1.9750727450743772
-1   1.9750727450743875
-1   1.1351765482223388
-1   1.1351765482223251
-1   1.2213632731736235
-1   1.2213632731736126
-1   1.4373900721072246
-1   1.955164441597693
-1   1.9551644415976823
-1   2.0021610338955558
-1   1.1084344278788751
-1   1.10843442787888
-1   1.6412799317323739
-1   1.9018336149509505
-1   1.901833614950899
-1   1.2461526883035372
-1   1.1070352007994186
-1   1.1070352007994142
-1   1.1409469872224196
-1   1.1409469872225118
-1   1.5221629180218392
-1   1.1870175114203059
-1   1.9547296482206109
-1   1.954729648220618
-1   1.8407565546194604
-1   1.2119262251738785
-1   1.2119262251738896
-1   1.0337797939386377
-1   1.0337797939386406
-1   1.90650377055564
-1   1.7211050953358975
-1   1.7211050953359002
-1   1.9092188573970974
-1   1.1915649708800553
-1   1.1915649708800327
-1   1.0436788401417274
-1   1.9688185828054952
-1   1.0640755816632304
-1   1.0640755816632368
-1   1.0977875633982288
-1   1.0977875633982357
-1   1.3825043921687266
-1   1.8956922480302438
-1   1.8956922480302536
-1   1.6733092896128503
-1   1.0936170928479061
-1   1.1681784280002709
-1   1.1681784280003058
-1   1.9154106057536655
-1   1.9154106057536775
-1   1.1400610941320073
-1   1.1400610941320191
-1   1.965129147993288
-1   1.9651291479932911
-1   1.3834007926518155
-1   1.3834007926518208
-1   1.8845164724461432
-1   1.8845164724461685
-1   1.0858998453924651
-1   1.0858998453924649
-1   1.0625693591222933
-1   1.0625693591222873
-1   1.0486620016511228
-1   1.5255393183607424
-1   1.0291626394387419
-1   1.0291626394387421
-1   1.5644376928132888
-1   1.564437692813299
-1   1.0351003472172078
-1   1.609841314618619
-1   1.9763714280250144
-1   1.0461296794717674
-1   1.0878524859512855
-1   1.0878524859513565
-1   1.9674458830966377
-1   1.9674458830966848
-1   1.2406002348338767
-1   1.2406002348338785
-1   1.0122108025513652
-1   1.1464171649843711
-1   1.1464171649843762
-1   1.9514675395826711
-1   1.9514675395826675
-1   1.2987231801209023
-1   1.298723180120922
-1   1.1139567189747961
-1   1.1139567189747561
-1   1.6667408986143979
-1   1.6667408986144108
-1   1.5322017935237806
-1   1.5322017935237953
-1   1.0742122350662708
-1   1.0742122350662686
-1   1.0158959304271342
-1   1.0158959304271313
-1   1.9267133474064764
-1   1.9267133474065128
-1   1.8664141620364099
-1   1.8664141620364081
-1   1.5041308629994887
-1   1.504130862999447
-1   1.0189134336315655
-1   1.0189134336315702
-1   1.0912159206269827
-1   1.0912159206270655
-1   1.1930076651103541
-1   1.1930076651103383
-1   1.9816014259655201
-1   1.981601425965537
-1   1.0052000697175028
-1   1.0052000697175028
-1   1.0052864288104784
-1   1.9954399218546577
-1   1.0113953903305712
-1   1.0113953903305741
-1   1.0222282411966976
-1   1.0222282411967127
-1   1.0314160462113733
-1   1.0314160462113811
-1   1.008716623394351
-1   1.0087166233943514
-1   1.0060266201442947
-1   1.0060266201443044
-1   1.0033071544737502
-1   1.0033071544737577
-1   1.001936067933789
-1   1.0020941504439043
-1   1.0020941504439096
-1   1.0011587414512553

0   5.6231400051989811
0   4.7176482759737404
0   4.717648275973545
0   3.8137691513302512
0   3.8137691513301215
0   2.8995903505598215
0   2.8995903505597695
0   1.9923038436031382
0   1.992303843603124
0   1.1631162633267043
0   1.1631162633266838
0   0.72343271857749425
0   4.2407415057473647
0   3.2302364995377491
0   3.2302364995377246
0   1.4710020708466669
0   2.1164059348453454
0   2.1164059348453024
0   2.9837791159744311
0   2.9837791159743667
0   3.8937750507463491
0   3.8937750507462496
0   2.2348180725546176
0   2.2348180725546092
0   4.8150314829593635
0   4.815031482959343
0   1.9796398815194278
0   1.3289440559523416
0   1.3289440559523238
0   2.3383407825275273
0   3.8287085691031839
0   3.8287085691031519
0   2.9706277400758565
0   2.970627740075801
0   1.1818253489938504
0   1.1818253489938226
0   3.1528600883386684
0   3.1528600883386164
0   3.0917415693599111
0   3.7024196592911798
0   3.7024196592910998
0   2.8255297618191606
0   2.2083294861412024
0   2.2083294861411638
0   1.2862794587829496
0   1.2862794587829294
0   1.4161132382240986
0   1.4161132382240915
0   2.9517394435159674
0   2.2219172132174205
0   1.647056338709779
0   1.6470563387097581
0   3.6635112033750667
0   3.6635112033750428
0   4.1256797681675517
0   4.1256797681674913
0   2.0362700936277927
0   2.1083009867764746
0   2.1083009867764533
0   3.6388599567238753
0   4.6394801642640413
0   2.9629783593785466
0   2.9629783593785333
0   3.8403411262907197
0   3.8403411262906957
0   2.1299635477123404
0   2.1299635477123018
0   2.0888011590088933
0   2.0888011590088933
0   2.5879267190428799
0   2.5879267190428261
0   4.7098684227567125
0   4.7098684227566769
0   2.4525416994170213
0   2.4525416994170279
0   3.6166896376131872
0   3.6166896376132067
0   3.5549454921554124
0   3.5549454921553867
0   1.293514019653305
0   1.2935140196532984
0   2.8917075991546182
0   2.8917075991545858
0   1.3643104076216941
0   0.93698754098873693
0   3.04514251882209
0   4.2193525033382926
0   4.2193525033382571
0   3.7553122039436762
0   1.1911410177595982
0   1.1911410177595898
0   2.5774955285806684
0   2.5774955285806564
0   3.0542244402560241
0   3.0542244402560232
0   2.3545309609329634
0   2.3545309609329741
0   2.0047327677427966
0   2.004732767742786
0   2.9804619447316134
0   3.7643489163246286
0   3.7643489163246251
0   1.3472444562515646
0   1.3472444562515544
0   3.0013710965942599
0   3.0013710965942391
0   3.8738818963112234
0   3.8738818963111932
0   1.1525298915726621
0   3.9143147299023768
0   2.5089361186208419
0   2.5089361186207935
0   0.54066899005390678
0   0.54066899005390145
0   2.314414214484767
0   2.3144142144847373
0   2.2364619770536351
0   2.2364619770536813
0   2.1550837331202781
0   1.1326440694924278
0   1.1326440694924251
0   3.0084509990926445
0   3.0084509990926454
0   2.0375981075518013
0   2.0375981075517999
0   1.9778036801159256
0   2.0607647732376138
0   2.0607647732376044
0   2.8853513611475967
0   2.8853513611475852
0   3.7671591286468944
0   3.7671591286468944
0   1.0134177900726826
0   1.3679718714494489
0   1.3679718714494533
0   2.1321472736927531
0   2.1321472736927434
0   1.9362555519773839
0   1.9833284172321193
0   1.9833284172321219
0   2.6459333467772348
0   2.6459333467772388
0   2.9651263919713173
0   1.0793170520410122
0   1.0793170520410122
0   1.7213328002991157
0   1.7213328002991437
0   1.1368753433687691
0   1.1368753433687764
0   3.6891207719226147
0   0.57494841875207214
0   1.2154047446884488
0   1.2154047446884557
0   1.5430870618733064
0   2.946320847308888
0   1.9762346299537099
0   1.9762346299537064
0   3.0525840796206309
0   3.0525840796206314
0   2.9787042480253754
0   2.9787042480253794
0   2.3159536422154781
0   2.3159536422154732
0   2.9036609788662964
0   2.9036609788662928
0   3.4583810901654046
0   3.4583810901654015
0   1.3073815542155676
0   0.74955243437619812
0   0.74955243437619634
0   2.1813521108704172
0   2.2639188910078056
0   2.263918891007791
0   2.7758104271522877
0   2.1260443529090143
0   2.1260443529090107
0   2.6943163893273994
0   2.6943163893274029
0   1.9427462493207681
0   1.9427462493207504
0   2.0035905013472393
0   2.0035905013472313
0   1.1549448526102313
0   2.7720879369967997
0   2.853037703752181
0   2.8530377037521633
0   1.1705919360552739
0   1.1705919360552712
0   2.8562319507060923
0   2.8562319507060883
0   2.6578328055225438
0   2.6578328055224927
0   3.7780958496161299
0   3.7780958496161272
0   2.9056647674465244
0   1.5244091535349278
0   1.5244091535348478
0   2.0162150354218698
0   2.0162150354218644
0   2.7635895204141563
0   2.7635895204141616
0   2.1354809298229189
0   2.135480929822914
0   1.2257415533160392
0   3.0603126255846664
0   3.0603126255846465
0   2.0828483968035645
0   2.7528083505843828
0   2.7528083505843703
0   2.0103773499912068
0   2.010377349991205
0   2.2025387060229544
0   2.2025387060229487
0   1.8079430171649324
0   1.8079430171650661
0   1.6327792838204922
0   1.632779283820514
0   2.5524479515421143
0   2.5524479515420202
0   2.1775097128237815
0   2.1775097128237664
0   2.2552127684669574
0   2.2552127684669618
0   2.7754004245702926
0   2.7754004245702859
0   3.2555328401204631
0   3.2555328401204706
0   1.9985638855268197
0   2.05851067979911
0   2.0585106797991011
0   0.89921811876245106
0   0.89921811876244551
0   1.3383735151018332
0   1.3383735151018246
0   2.0930814455917464
0   2.9376421714685326
0   2.937642171468529
0   1.421730040093792
0   1.4217300400937876
0   0.98565827072575907
0   0.98565827072575374
0   3.4228114338274702
0   1.2599720119775688
0   1.4776455917851206
0   1.4776455917851241
0   2.0364287714327669
0   2.0364287714327665
0   1.6423733908764322
0   1.6423733908764357
0   2.2115976673215436
0   2.2115976673215219
0   1.1753874505405315
0   2.4854302997235433
0   2.4854302997235465
0   1.5608780855121651
0   1.5608780855121611
0   2.1361331522957774
0   2.1361331522957596
0   2.6439413326730579
0   1.8027756716741514
0   1.8027756716741572
0   1.2159331583560971
0   1.2159331583560968
0   3.5589277732025542
0   2.933993198764496
0   2.9339931987644801
0   3.5106250154900884
0   3.5106250154900822
0   2.6203319757175714
0   1.9118600465579005
0   1.911860046557905
0   2.0409189532421026
0   2.0409189532420924
0   1.5334071710696131
0   1.5334071710696153
0   2.034104632114162
0   1.7389194035244246
0   1.7389194035244206
0   1.3223701994751547
0   1.3223701994751516
0   2.8733591894097716
0   2.8733591894097734
0   2.0140937498602676
0   2.01409374986026
0   0.82181722052427331
0   0.93409187241659164
0   0.93409187241657854
0   2.8748106483457727
0   2.874810648345778
0   1.7194905506401015
0   1.7194905506401152
0   3.2747473513988061
0   2.9589287658471033
0   3.4884890087277811
0   3.48848900872777
0   1.4614290194463055
0   1.4614290194463029
0   2.363148268665459
0   2.3631482686654586
0   2.7497908739313779
0   2.9493329779317849
0   2.9493329779317743
0   2.3212713914702352
0   2.3212713914702232
0   2.6348454012269986
0   2.6513627487489266
0   2.6513627487489226
0   1.1031769930552633
0   2.8377340360956853
0   2.8377340360956875
0   2.5930886240440114
0   2.5930886240440301
0   2.8670372429389985
0   2.8670372429390003
0   2.6573064659325314
0   1.3634038694546069
0   1.2876211329656306
0   1.2876211329656382
0   1.7778887067730968
0   1.7778887067730786
0   3.0269437259820253
0   3.0269437259820271
0   1.2160543433097348
0   1.2160543433097266
0   1.8814736467326125
0   1.8814736467326081
0   1.9434208235872847
0   1.9434208235872692
0   1.8981752591301149
0   1.8981752591300993
0   1.4274835332432665
0   3.8403608894832457
0   2.5869399403326572
0   2.5869399403326581
0   3.7381279223029651
0   3.7381279223029669
0   0.96023350536373075
0   1.4886654813449105
0   2.6507050420690415
0   2.6507050420690423
0   0.88189517888908808
0   0.88189517888907365
0   2.902215808450856
0   1.217830336239965
0   1.2178303362399636
0   2.058044933919597
0   1.7351545245304951
0   1.7351545245304938
0   2.2062515751311826
0   2.206251575131168
0   1.9844933073494704
0   1.9844933073494793
0   1.6949881937770894
0   1.6949881937770872
0   1.5483180533565855
0   2.1188074986618548
0   2.1188074986618588
0   2.044215993248772
0   2.0442159932487733
0   2.1256181178956144
0   1.8733898241050926
0   1.8733898241050913
0   3.6833164436200851
0   3.6833164436200843
0   2.393045444997612
0   2.3930454449976173
0   1.7672011961149487
0   2.8519498236737673
0   2.8519498236737566
0   0.50122474220363422
0   0.94538962584140984
0   0.94538962584141295
0   2.8690349911241499
0   2.8690349911241504
0   1.2619881308105381
0   1.5275940973399642
0   1.5275940973399749
0   2.3359292878021329
0   1.4653067110639224
0   1.4653067110639202
0   2.6228416340959768
0   2.412507936595274
0   2.4125079365952709
0   2.7200003375518333
0   3.5852693381313161
0   3.5852693381313232
0   1.1381781169627392
0   1.2256385662816478
0   1.2256385662816471
0   1.8972637251117406
0   1.8972637251117415
0   1.3631887344176314
0   1.363188734417629
0   2.0149235333187869
0   2.0737054470512812
0   2.073705447051279
0   1.1466675393150889
0   1.1466675393150929
0   2.0465897800877504
0   2.0465897800877548
0   3.2832744582520319
0   1.8475136687867462
0   1.8475136687867457
0   1.9695780202674826
0   1.9695780202674902
0   2.8391115789951828
0   2.8391115789951908
0   2.4230914252824589
0   1.8209508243360699
0   1.8209508243360801
0   1.7959236629104858
0   1.7959236629104902
0   1.7023117009823014
0   0.59547802407874939
0   0.59547802407874628
0   1.926856577295073
0   1.9268565772950743
0   2.0512259917945292
0   2.0512259917945337
0   2.0623649385657625
0   2.0623649385657634
0   1.9782733712348017
0   1.964731232388885
0   2.455604354805121
0   2.4556043548051165
0   0.63082139827752148
0   0.63082139827752193
0   1.844412580232794
0   1.8444125802327926
0   2.7041575619037621
0   2.7041575619037759
0   0.91794441951009254
0   0.9179444195100992
0   2.7306478583774041
0   2.7306478583774059
0   1.3170460722764794
0   1.3170460722764754
0   1.0563174402231923
0   1.0563174402231899
0   1.2473216887227503
0   0.69683417544266213
0   0.69683417544266724
0   2.0908450155104994
0   2.0908450155105016
0   1.3299125703185344
0   1.3299125703185346
0   2.1855413203878813
0   2.1855413203878835
0   1.9811542032192162
0   2.6046139064974985
0   1.9509446497788154
0   1.9509446497788177
0   2.0193585759545631
0   2.1680852417621872
0   2.1680852417621912
0   2.671384176757702
0   2.671384176757698
0   1.3307083115216158
0   0.95381487584980618
0   0.95381487584981173
0   2.0839467948052386
0   2.0839467948052479
0   2.8535443692475568
0   2.8535443692475728
0   1.39070103550674
0   1.3678165891029104
0   1.3678165891029099
0   1.0661705785582163
0   1.2663299826755485
0   1.2663299826755563
0   0.53732528963916382
0   1.7154046168172843
0   1.7154046168172843
0   2.2773776194341342
0   2.2773776194341377
0   2.8048862078001027
0   2.804886207800096
0   1.3106700255367507
0   1.9831677546783628
0   1.0650090683202453
0   1.3663459388968162
0   1.3663459388968169
0   1.8781699677004982
0   1.878169967700507
0   1.1468724453739114
0   1.1468724453739199
0   1.9968972669063239
0   1.9968972669063247
0   0.42510563606546514
0   0.4251056360654657
0   1.1323780787718363
0   1.1323780787718372
0   1.773514894709423
0   1.7735148947094248
0   2.5846764590049678
0   2.5846764590049673
0   2.8190901620790845
0   2.8190901620790982
0   1.2679827334778766
0   1.2679827334778808
0   2.8544614860903401
0   0.44909032709471042
0   1.0517693146404412
0   2.7343354472885184
0   2.7343354472885242
0   1.2541973308393575
0   1.2541973308393572
0   1.7174095116162102
0   1.7174095116162134
0   1.7399055741441227
0   1.7399055741441183
0   1.167898402058817
0   1.4665782410035273
0   1.4665782410035209
0   1.956795590295251
0   1.9567955902952541
0   1.979379583856983
0   1.9793795838569896
0   1.1562644191045619
0   1.1562644191045635
0   1.8718063145957902
0   2.0158118595422008
0   2.0158118595422025
0   1.8749947781462111
0   1.9397267883496472
0   1.9397267883496512
0   2.3795254723043131
0   0.92144917717550623
0   0.92144917717552022
0   1.8648474393233925
0   1.3442156184605061
0   1.3442156184605005
0   1.9869751613529187
0   2.4115360793242151
0   2.4115360793242258
0   1.9407572743909132
0   1.9407572743909141
0   1.9869861480371775
0   1.9869861480371713
0   1.9701970115887448
0   1.9820356957269962
0   1.982035695727002
0   1.976073962121466
0   1.97607396212147
0   1.08048468221812
0   1.0804846822181482
0   1.3322243030839072
0   1.3322243030839116
0   1.5478978564343837
0   1.5478978564343775
0   2.6604234339693753
0   2.6604234339693797
0   1.1195316726843623
0   1.3007115967548408
0   1.3007115967548342
0   1.0363694422800109
0   1.0363694422800129
0   1.8367506440201402
0   1.8367506440201349
0   2.0045164268793281
0   1.1610812667170878
0   2.8024267481195766
0   2.802426748119585
0   1.6119284444752093
0   1.6119284444752147
0   1.8923023544408339
0   1.8923023544408362
0   2.9344708562339843
0   2.9344708562339799
0   1.1128516948719951
0   1.1128516948720237
0   2.3025724096091338
0   2.3025724096091231
0   2.8181205598909633
0   1.8219802918442736
0   1.8219802918442589
0   1.9796766467252866
0   1.9090995976194325
0   1.9090995976194365
0   1.029714704017348
0   1.0297147040173436
0   1.474149677767679
0   1.4741496777676542
0   0.53261156245323482
0   0.5326115624532366
0   1.1627657308181421
0   1.162765730818144
0   1.9222758809777996
0   1.9222758809777969
0   2.9361875971901146
0   0.36497826412245793
0   1.3356021516521841
0   1.3356021516521843
0   1.1392498867091312
0   1.1392498867091363
0   1.1053434803217443
0   1.1053434803217412
0   1.9422327228557918
0   1.9422327228557918
0   0.91926106975815158
0   0.91926106975815602
0   2.8893685375148266
0   2.8893685375148266
0   0.306380104298006
0   1.9327493539550105
0   1.9327493539550189
0   2.9112089819477713
0   2.9112089819477744
0   1.9774313177037746
0   1.9774313177037772
0   1.0426535861664605
0   1.0426535861664652
0   1.9467639969782549
0   1.7499101988804084
0   1.7499101988804111
0   1.1679749222714939
0   1.9561352017613212
0   1.9561352017613354
0   1.9560825492488578
0   1.9560825492488516
0   1.1904270045139302
0   1.1904270045139378
0   1.9947631257386949
0   1.7194321218021438
0   1.7194321218021438
0   1.0525331014773063
0   1.052533101477314
0   1.0513570426319969
0   1.0513570426319983
0   1.2963399498525565
0   1.2963399498525501
0   1.9911782696197227
0   1.9911782696197284
0   1.0514899915874745
0   1.0514899915874742
0   1.1168571568758148
0   1.1168571568758154
0   2.6783845883812942
0   2.8240870295980254
0   2.8240870295980418
0   1.9888677388203622
0   1.9888677388203568
0   1.9869851000404433
0   1.9869851000404601
0   1.9151115366237903
0   1.9151115366237734
0   0.42536554565431106
0   1.0623198574417732
0   1.5211852452566839
0   1.5211852452566994
0   1.8311587497944117
0   1.8311587497944162
0   1.0307202592807867
0   1.0307202592807887
0   1.4467202666198145
0   1.4467202666198251
0   0.45496191327810143
0   0.45496191327809887
0   1.9725181686875293
0   1.3266806860628377
0   1.3266806860628424
0   1.5538997478789525
0   2.5907241306702873
0   2.5907241306702824
0   2.625397214427033
0   2.6253972144270392
0   1.1763539061700883
0   1.1763539061700887
0   0.756590965458245
0   0.75659096545825144
0   1.9140286895480312
0   1.914028689548037
0   2.8210322985343979
0   2.8210322985344041
0   1.0801964211920108
0   1.9059783010461215
0   1.650231991950363
0   1.6502319919503674
0   1.8781199967436866
0   1.8781199967436879
0   0.41695606107025429
0   0.41695606107025029
0   1.9366215256750565
0   1.9366215256750663
0   1.9528716564732633
0   1.952871656473266
0   1.0496277268455161
0   1.0496277268455201
0   1.0273063861866651
0   1.0273063861866676
0   1.0301920525509383
0   1.0289047574364756
0   1.0289047574364742
0   1.7857821069387962
0   1.6344701529261942
0   1.6344701529261818
0   1.0504332862282633
0   1.0504332862283896
0   1.8302571086985151
0   1.0724683898143863
0   1.0724683898144001
0   1.6171021694079886
0   1.617102169407906
0   1.0424998979615658
0   1.0424998979615707
0   1.0385329048811496
0   1.925538493733963
0   1.9255384937339741
0   2.2788571909108324
0   1.983382739999064
0   1.9833827399990716
0   1.0611151974682556
0   1.0611151974682707
0   1.0224199864938841
0   1.0224199864938868
0   2.876108690537075
0   2.7506840246345283
0   2.7506840246345332
0   1.0594430921326285
0   1.059443092132639
0   1.1511701808538168
0   1.1511701808538413
0   2.3374288370668221
0   2.3374288370668248
0   0.6028417201504368
0   1.0643479013590611
0   1.0643479013590649
0   0.33916920041795628
0   0.3391692004179484
0   0.95384514366489714
0   0.95384514366489603
0   2.0629967266420639
0   0.65456577403354754
0   1.1350034143175498
0   1.135003414317566
0   1.0223877313440091
0   1.0223877313440128
0   2.9307600718478151
0   2.9307600718478328
0   1.9760966286310464
0   1.9760966286310513
0   1.9631826327549122
0   1.9631826327549291
0   2.9557219980461813
0   0.97310960689110959
0   0.97310960689116244
0   1.0215112548750256
0   1.0215112548750322
0   1.9243731571512162
0   1.9243731571512184
0   1.0498270684896909
0   1.0498270684896973
0   1.274522321156552
0   1.2745223211565979
0   1.878804410301032
0   1.8788044103010333
0   0.11675011580113925
0   1.0508897933214798
0   1.0508897933214858
0   1.9765455343291825
0   1.1042940444642571
0   1.1042940444642599
0   1.8717933133505387
0   1.8717933133505418
0   1.0174092907955792
0   1.0174092907955767
0   1.538200998826436
0   1.2279248450094513
0   0.71274089854400069
0   0.71274089854400202
0   0.41856752029767574
0   1.0175251650479693
0   1.0175251650479735
0   1.9961238425123984
0   1.9961238425124006
0   1.015181902022944
0   1.582172542167108
0   1.5821725421670942
0   1.9643816030057772
0   1.17891641017455
0   0.13203452324469833
0   0.13203452324468645
0   1.0082587821101086
0   1.0008311837995341
0   0.96488129916118348
0   0.96488129916115795
0   1.0220421585147452
0   1.022042158514749
0   1.0337034755620771
0   1.0337034755620775
0   1.9696604666893864
0   1.8793577192971544
0   1.879357719297154
0   1.9924824781866937
0   1.9004827040394145
0   1.0048669694388264
0   1.0048669694388301
0   1.0254419962557637
0   1.0462102201675019
0   1.0462102201675016
0   1.0174983789655272
0   1.0174983789655283
0   1.969786450040004
0   1.9697864500399982
0   1.9170397142228848
0   1.0181127369327858
0   0.27001868542299323
0   0.27001868542301111
0   0.74347279046812997
0   0.74347279046847947
0   1.0124858762002722
0   1.0022230429420602
0   1.0022230429420673
0   1.7517548009735147
0   1.751754800973329
0   1.9868687468396447
0   1.9868687468396469
0   1.9140817697966725
0   1.9140817697966837
0   1.001936202812616
0   1.0019362028126293
0   1.0069148500678688
0   1.0069148500678686
0   0.2509107161020564
0   0.25091071610201676
0   1.014394634027888
0   1.0143946340278907
0   1.0068109204033386
0   1.0068109204033371
0   1.9759110306662309
0   1.9759110306662335
0   1.6503630632481578
0   1.0097988754802514
0   0.5146780048828199
0   1.017614166837296
0   1.0176141668373024
0   1.0106263508818583
0   1.0106263508818567
0   1.0142307720339958
0   1.755271745333304
0   1.0042532312247154
0   1.8604463643159033
0   1.8604463643159175
0   1.0038638747346831
0   1.0038638747346889
0   1.0086520701584958
0   0.27948233657297628
0   0.82590851013861011
0   1.0082363551745286
0   1.9655312544253487
0   1.9655312544253487
0   0.74017025012151083
0   0.7401702501215166
0   1.0075917578266373
0   1.0075917578266456
0   1.0042397707378965
0   1.004239770737912
0   0.39216857774838632
0   1.8764048488183436
0   1.8764048488183436
0   1.6057221606225536
0   1.6057221606225625
0   1.0078742084805332
0   1.0078742084805385
0   1.0045620856142234
0   1.0045620856142237
0   1.0030308387833291
0   1.0030308387833302
0   1.0035085041415108
0   1.0035085041415104
0   0.22003981189997024
0   0.22003981189998134
0   1.9881841947330265
0   1.9881841947330479
0   1.9891814273555122
0   1.9891814273555246
0   0.95834385021062207
0   0.9583438502106032
0   1.003473363582013
0   1.0034733635820092
0   1.0027376427152799
0   1.0027376427152781
0   0.082175580100736889
0   0.082175580100737666
0   1.0010140098874831
0   1.0010140098874845
0   0.068596835169752568
0   0.068596835169757786
0   1.982459486204788
0   1.9824594862048039
0   1.0045971594583611
0   1.0045971594583627
0   1.0016151251696916
0   1.001615125169697
0   1.9911669499589122
0   1.0017443449720509
0   0.035121345974491125
0   0.035121345974490681
0   0.039648767967895737
0   0.03813624412032135
0   0.038136244120324903
0   1.0022349009703215
0   1.0022349009703158
0   0.050128978629971566
0   0.050128978629974785
0   0.99999999999999867
0   1.0000000000000273
0   1.0001562840432612
0   1.000156284043261
0   0.02086543582100675
0   0.020865435821006972
0   1.0003088004451328
0   1.0003088004451393
0   1.0010501733860684
0   1.0007988030914239
0   1.0007988030914383
0   0.012050714736905666
0   0.012050714736905999
0   0.012329647421668977
0   1.0003419998495242
0   1.0003419998495522
0   1.0005666667949473
0   0
0   0

1   5.6652576000762718
1   4.750964206918181
1   4.7509642069180824
1   3.8453093796405629
1   3.8453093796404101
1   2.9437612318529314
1   2.9437612318528523
1   2.0899817955792863
1   2.089981795579273
1   1.4186277963670475
1   1.4186277963670513
1   1.1822288242759043
1   4.2267346926878302
1   3.2280118849920525
1   3.2280118849920116
1   2.1104441261313314
1   2.1104441261313314
1   2.9612386400836486
1   2.9612386400836215
1   2.1313546980673554
1   3.890191991210874
1   3.8901919912108252
1   4.6866147331205275
1   4.6866147331208019
1   2.5360842824208216
1   2.5360842824213297
1   2.3330919616324377
1   1.5104536645789852
1   1.5104536645789688
1   3.8515830187184719
1   3.8515830187184497
1   2.90332954719005
1   2.9033295471900309
1   3.1229996942801472
1   3.1128888184022703
1   3.1128888184022574
1   2.1262410574531589
1   2.1262410574531079
1   3.3568352115747548
1   3.3568352115747642
1   2.8679340421503912
1   2.2366755804299641
1   2.2366755804299565
1   1.9093041905872719
1   1.9093041905872665
1   2.9550471559559495
1   1.4904358530147555
1   1.4904358530147515
1   3.4839439300689574
1   3.4839439300689539
1   4.1586051613833703
1   4.1586051613833428
1   2.8397501664064935
1   2.1035895679884735
1   2.1171424346449488
1   2.117142434644939
1   3.2747265894266553
1   4.7399903335690192
1   2.3708896427239958
1   2.3708896427239887
1   3.1677809667963288
1   3.1677809667963506
1   3.6989059478423334
1   3.6989059478423192
1   2.0316619760242003
1   2.0316619760241985
1   4.4412974026987868
1   4.4412974026987504
1   2.9963272656562663
1   2.9963272656562303
1   3.6643920451369087
1   3.6643920451368892
1   3.8116252455531034
1   3.8116252455531701
1   2.6342811289851511
1   2.6342811289851031
1   1.4161408412940812
1   1.4161408412940031
1   1.3211814736172249
1   2.7205601976445384
1   2.7205601976445468
1   4.3469504396453527
1   4.346950439645302
1   2.9916352821092791
1   3.4854358131773577
1   2.1394547209832999
1   1.9832705845205116
1   1.9832705845204974
1   2.6813085768630125
1   2.6813085768629996
1   2.9270988247188447
1   2.9270988247188416
1   2.8922519153258217
1   2.8922519153258262
1   2.9821844601503771
1   3.8681954108018779
1   3.8681954108018628
1   3.8777294089614704
1   3.8777294089614669
1   1.5087178492935562
1   1.5087178492940678
1   3.9104246586084326
1   3.0012642822219897
1   3.0012642822223077
1   2.7854877070968125
1   2.7854877070967623
1   1.8007160977884351
1   1.8007160977883681
1   2.0846176948745119
1   1.6413247274686977
1   1.641324727468696
1   2.3786147756226015
1   2.3786147756225944
1   1.5455847777958902
1   1.5455847777958902
1   2.9503071202766602
1   2.9503071202766695
1   1.9809161219196874
1   3.6893558192715794
1   3.6893558192715989
1   2.6554176926087427
1   2.6554176926087294
1   1.2320284900905356
1   1.2320284900905314
1   2.0954710851774663
1   2.0954710851774658
1   2.067464969622685
1   1.9493521885162286
1   1.9493521885162268
1   1.8134722940258063
1   1.8134722940257451
1   1.4057679068867837
1   2.8934436491139728
1   2.8934436491139666
1   2.0170391826188183
1   2.0170391826188103
1   3.717127718137192
1   2.9569925579656089
1   1.2372813792859203
1   1.2372813792859154
1   1.1559312193783413
1   1.7085797419195763
1   1.7085797419195861
1   3.0241529264458435
1   3.0241529264458387
1   2.9231621622140187
1   2.9231621622140183
1   2.9426401018087542
1   2.165822589855305
1   2.1658225898553041
1   1.9778644031633212
1   1.9778644031633501
1   2.7957291757120473
1   2.7957291757120402
1   3.2864772704994771
1   3.2864772704994292
1   2.1664671287116506
1   2.1664671287116497
1   2.4727962802846069
1   2.6453989190040792
1   2.6453989190041467
1   2.8934395516096267
1   1.9997878219004117
1   1.999787821900409
1   2.4361501855351237
1   2.4361501855351348
1   2.9191377438151704
1   1.1560877683415323
1   1.1560877683415327
1   2.5984630391647268
1   2.5984630391647365
1   2.0679982505551684
1   2.0679982505551653
1   1.6770744563180542
1   2.8519737513805516
1   2.8519737513805694
1   1.7114907070516048
1   1.7114907070516341
1   2.9078554861112882
1   2.9078554861112753
1   2.6146079469022991
1   3.8367234133007884
1   3.8367234133007804
1   1.4619390545468343
1   1.9844042185439488
1   1.984404218543939
1   3.188517146020089
1   3.1885171460201769
1   2.191393241536737
1   2.1913932415368746
1   2.183401009176595
1   2.1834010091765896
1   2.1393369440821686
1   2.0541466946314983
1   2.0541466946314895
1   2.2377661917633964
1   2.2377661917634035
1   2.7206410753484396
1   2.7206410753484391
1   3.3897380570188984
1   3.3897380570188269
1   1.5732054142043546
1   1.5732054142044425
1   2.4775936264252705
1   2.4775936264253087
1   2.9382993459852149
1   2.9382993459851998
1   2.9343890488314219
1   2.9343890488314059
1   2.0920057891372776
1   2.0920057891372679
1   1.9186694754344553
1   1.9186694754345157
1   2.1521177427514351
1   2.1521177427514391
1   2.8391844729474314
1   2.8391844729474198
1   1.7622410898909586
1   2.0749958813327107
1   1.8170625299293865
1   1.8170625299293692
1   3.6042916232886668
1   1.9094200637112402
1   1.909420063711238
1   1.2988742457056299
1   1.298874245705627
1   1.7091636481750987
1   1.709163648175116
1   2.1456767325227841
1   2.145676732522781
1   2.008659062665235
1   2.0086590626652283
1   1.7256806033765946
1   2.6952333914133666
1   2.6952333914133639
1   2.6039920879176446
1   2.6039920879176286
1   1.9918495598458401
1   1.8734423475191839
1   1.8734423475191853
1   1.6802093797342441
1   1.6802093797342836
1   2.850896470264884
1   2.85089647026488
1   3.2015762448645924
1   3.1205069849540394
1   3.1205069849540696
1   2.4893018603375285
1   1.4318099041483319
1   1.431809904148329
1   3.0092896723049907
1   2.1997822016481576
1   2.1997822016481439
1   1.8373336191745624
1   1.8373336191745597
1   2.7476589649656651
1   2.7476589649656553
1   2.2231519769984289
1   1.2748971556322179
1   1.2748971556322157
1   2.7726165587931724
1   2.7726165587931684
1   2.0568031497017478
1   2.0568031497017438
1   2.0239421083731259
1   2.0239421083731228
1   2.8549939365331172
1   2.4363374955388326
1   2.4363374955388348
1   2.2411105576549626
1   2.5528560123592086
1   2.5528560123592183
1   3.4160336830445228
1   3.4160336830445286
1   2.5447786336592513
1   1.614435199768876
1   1.6144351997688764
1   2.9664919881510055
1   2.9664919881510059
1   2.7823716148663582
1   2.7823716148663631
1   2.7576306505669352
1   2.6200927924173563
1   2.6200927924173412
1   1.6651575079114656
1   2.8177660247327134
1   2.8177660247327072
1   2.8615332124815147
1   2.8615332124815112
1   2.5458775804147087
1   3.2328032388651344
1   3.2328032388651362
1   1.6308532023877462
1   1.3405830576882578
1   1.3405830576882563
1   1.8324475387101606
1   1.279728605580436
1   1.2797286055804324
1   3.4041032025176783
1   3.4041032025176783
1   3.7866908032998738
1   2.6194825918837221
1   2.6194825918837306
1   2.4884632606550974
1   2.488463260655092
1   1.9576663616143652
1   1.9576663616143595
1   1.5315724197460621
1   2.0156312944055732
1   1.3936935618188844
1   1.3936935618188853
1   2.9214506584303082
1   2.775110467381074
1   2.7751104673810714
1   2.4354611961342099
1   2.4354611961342045
1   2.1269179199474304
1   1.8449505734857374
1   1.8449505734857565
1   1.7522347277080166
1   1.7522347277080166
1   1.576717941467467
1   1.5767179414674528
1   2.1318559644746697
1   2.1318559644746657
1   1.5850894204689951
1   1.5850894204690031
1   2.0892400783666707
1   2.0892400783666747
1   1.4630368171200894
1   1.4630368171200878
1   3.7344415583848987
1   3.7344415583849031
1   2.6667482562536429
1   2.6667482562536482
1   1.855216213318176
1   1.8552162133181764
1   2.4888938253298352
1   1.440464814466403
1   1.4404648144663985
1   2.7703356487941222
1   2.7703356487941262
1   2.7744970026523865
1   3.742200103041502
1   3.7422001030415011
1   1.4121399866653621
1   1.4121399866653592
1   2.8804342592995194
1   1.5195424454705666
1   1.6041777498405336
1   1.6041777498405385
1   1.25346136955899
1   1.25346136955899
1   3.5213918157419579
1   3.5213918157419606
1   2.8831881250270075
1   1.5628764532315276
1   1.4202551887471302
1   1.420255188747134
1   3.6943290855700583
1   2.0262597869024273
1   2.0262597869024326
1   1.921494240194046
1   1.9214942401940478
1   2.0510257686214812
1   2.0510257686214812
1   1.5829934305081452
1   1.233035757563588
1   1.8244563884516882
1   1.8244563884516856
1   1.9257943619237028
1   1.925794361923705
1   2.8096638224570816
1   2.8096638224570771
1   2.1453119161005283
1   2.1453119161005314
1   2.5627366614358875
1   2.5627366614358831
1   2.0199045998553831
1   2.0199045998553808
1   2.0189085721453712
1   1.9524698178505702
1   1.9524698178505737
1   2.281360709028553
1   2.2813607090285513
1   2.0440213778592415
1   2.0440213778592478
1   1.8168269879130023
1   1.8168269879130006
1   1.9988155398193737
1   2.5028437568172075
1   2.5028437568172106
1   2.0935467625749733
1   2.0935467625749764
1   2.8174369544579099
1   2.8174369544579161
1   2.8716627797421892
1   1.4814133153983409
1   1.481413315398342
1   1.6043030266401614
1   1.9988988364733249
1   1.9988988364733249
1   1.9311572373147956
1   2.0303498501950292
1   2.0303498501950377
1   1.4774020897793079
1   1.4774020897793123
1   2.1856177745984704
1   2.1856177745984708
1   1.7381077403032785
1   1.7381077403031688
1   1.9531481369175352
1   2.4534684896020917
1   2.4534684896021872
1   1.920144650779342
1   1.9201446507793509
1   1.9296377457302523
1   1.9296377457302576
1   2.7910674761448804
1   2.7910674761449026
1   1.7520419135671905
1   2.777255368318166
1   2.7772553683181682
1   1.0912344904540985
1   1.5867656779300621
1   1.5507499189380023
1   1.5507499189379916
1   1.1145764670356511
1   2.7665927939722268
1   2.7665927939722232
1   1.6583221284062564
1   1.6583221284062484
1   1.657504611019867
1   1.6575046110198843
1   1.3803625837100075
1   1.3803625837100086
1   2.2085203712974453
1   2.2085203712974426
1   1.739882364515565
1   1.9271805414949266
1   1.9271805414949279
1   1.6565780798185172
1   1.6565780798185155
1   2.8136186236939871
1   2.8136186236939835
1   1.1591358977687047
1   1.1591358977687054
1   2.6669128412916199
1   2.6669128412916199
1   2.786447628430436
1   1.2182643323055586
1   2.8799576109044591
1   2.8799576109044738
1   1.81901437214256
1   1.81901437214256
1   1.4304854181882125
1   1.9739763628835898
1   1.9739763628835862
1   1.8970212128057398
1   1.8970212128057486
1   1.1469765408404728
1   1.1469765408404806
1   1.8013075772555611
1   1.8013075772555727
1   1.3229299310583043
1   1.3229299310582929
1   2.7882313602754842
1   1.9709264698672246
1   1.5525988293845212
1   1.5525988293845119
1   1.9113682616445429
1   1.9113682616445442
1   1.9369690651476086
1   2.0669752089488012
1   1.6527894473435074
1   1.6527894473435096
1   1.6578412344018276
1   1.6578412344018303
1   1.3269257623326485
1   1.4523708596407094
1   1.4523708596407021
1   1.9659499013031172
1   1.9659499013031514
1   1.9173473880939373
1   1.9173473880939724
1   1.6691775835791054
1   1.6691775835791063
1   1.8059073535428936
1   2.4336617021372677
1   2.4336617021388944
1   1.840248255470526
1   1.8402482554684809
1   1.9044496943751357
1   1.9044496943751388
1   2.6492111104839902
1   2.6492111104839875
1   1.3313469354946268
1   1.746852590971145
1   1.746852590971145
1   1.847949390099477
1   2.8721066287906005
1   2.8721066287905996
1   1.5250765889593709
1   1.4299607221197308
1   1.4299607221197308
1   1.7228018745362461
1   1.7228018745362546
1   1.2891781825549364
1   1.2891781825549331
1   2.9205467399818286
1   2.9205467399817171
1   1.2350146752634854
1   1.235014675263729
1   2.0070245038480277
1   2.007024503848029
1   1.8050654985804657
1   1.8050654985804795
1   2.73395551341001
1   2.474849508170391
1   2.4748495081703998
1   1.9940414907241153
1   1.9353441230407129
1   1.9353441230407
1   1.256421657956923
1   1.2564216579569043
1   1.9303229771315902
1   1.9303229771315942
1   2.9319247069239442
1   1.4766726878307752
1   1.4766726878307757
1   2.1920853533901146
1   2.1920853533901159
1   1.279883785797064
1   1.279883785797064
1   1.3640691885171243
1   1.3640691885170939
1   1.301753916490892
1   1.502509312303129
1   1.502509312303129
1   2.9062582767121468
1   2.9062582767121512
1   2.6135958373882762
1   2.6135958373882873
1   1.2413893711355513
1   1.2413893711355477
1   1.9609621152539689
1   1.9609621152539738
1   1.9878796642328473
1   1.9135896160483856
1   1.9135896160483816
1   1.2343614050967642
1   1.234361405096752
1   1.9326411564474006
1   1.9326411564473811
1   2.0498966658937534
1   1.9137915103253
1   1.9137915103253129
1   1.9218125477514554
1   1.9218125477514585
1   1.190463176358701
1   1.190463176358699
1   1.7031287069283647
1   1.7031287069283709
1   1.2418602189739996
1   1.2418602189740038
1   1.0812668622237545
1   1.8171694822691173
1   1.8171694822691258
1   1.2616221728925987
1   1.2616221728926023
1   1.5177888696693067
1   1.5177888696693063
1   1.9413716727930228
1   1.9413716727930295
1   2.792669330742295
1   2.7926693307422981
1   1.9597572932919047
1   1.959757293291903
1   2.0136791009016624
1   2.0136791009016579
1   2.7047197278771136
1   1.9642205338928309
1   1.1455680606118495
1   1.1455680606118499
1   1.9989925573162268
1   1.9989925573162313
1   1.7286210668869515
1   1.7286210668869622
1   1.3397594433326416
1   1.3397594433326507
1   2.5769878844628535
1   2.5769878844628495
1   1.2017756076346888
1   2.734468524445655
1   2.7344685244456723
1   1.3053029554372839
1   1.4819366042968889
1   1.4819366042968787
1   2.8806842353172564
1   2.8806842353172581
1   1.9254639625223939
1   1.9254639625223726
1   1.9662885348824886
1   1.844856402014956
1   1.8448564020149862
1   1.9426318729280445
1   1.9426318729280161
1   1.8831564300659647
1   1.8831564300659855
1   1.5118523811378628
1   1.5118523811378526
1   1.048299157918509
1   1.2537815580013552
1   1.2537815580013676
1   1.2195417542410401
1   1.2195417542410329
1   1.2648488967789107
1   1.2648488967789235
1   1.3672938079969914
1   1.3672938079970127
1   1.9823724489314447
1   1.8755775706652238
1   1.8755775706652131
1   2.2565427878296558
1   2.2565427878296394
1   1.0866761657555555
1   1.086676165755575
1   2.0937074226094907
1   1.9492169655248763
1   1.9492169655248919
1   1.9450122026428676
1   1.9450122026429129
1   2.5661303439878518
1   1.0790367573672774
1   1.0790367573672737
1   2.8462252048182055
1   1.0657195492856835
1   1.0516738522639282
1   1.0516738522639379
1   2.1488475132747231
1   2.1488475132746561
1   1.9570300967604766
1   1.9570300967605059
1   2.4143481426251063
1   2.4143481426249629
1   1.5927929313750044
1   1.5927929313749956
1   1.0573976849558671
1   1.0573976849558715
1   2.8350943924401957
1   2.8350943924402037
1   1.5761297101302318
1   1.5761297101302234
1   1.8425127322864916
1   1.8425127322863175
1   1.5287896580167128
1   1.1173940478560158
1   1.1173940478560234
1   2.9354950913084594
1   1.9434141576131441
1   1.9434141576131521
1   2.1136091665110346
1   2.1136091665110315
1   1.9750727450743892
1   1.9750727450743915
1   1.1351765482222982
1   1.1351765482222929
1   1.221363273173586
1   1.2213632731736193
1   1.4373900721072186
1   1.9551644415977076
1   1.9551644415976912
1   2.0021610338955504
1   1.1084344278788776
1   1.1084344278788929
1   1.6412799317324049
1   1.9018336149508652
1   1.9018336149508506
1   1.2461526883035472
1   1.1070352007994193
1   1.1070352007994217
1   1.1409469872225373
1   1.1409469872225679
1   1.5221629180218095
1   1.1870175114203072
1   1.9547296482206087
1   1.9547296482206113
1   1.840756554619444
1   1.2119262251738796
1   1.2119262251738894
1   1.0337797939386335
1   1.0337797939386386
1   1.9065037705556396
1   1.7211050953358979
1   1.7211050953359748
1   1.9092188573971072
1   1.1915649708799452
1   1.1915649708800427
1   1.0436788401417254
1   1.9688185828054832
1   1.0640755816632357
1   1.0640755816632306
1   1.0977875633982477
1   1.0977875633982317
1   1.3825043921687441
1   1.8956922480302594
1   1.8956922480302572
1   1.6733092896128272
1   1.0936170928479285
1   1.1681784280002478
1   1.1681784280003122
1   1.9154106057536766
1   1.9154106057536731
1   1.1400610941319977
1   1.1400610941320117
1   1.9651291479932884
1   1.9651291479932942
1   1.3834007926518119
1   1.3834007926518199
1   1.8845164724461352
1   1.88451647244618
1   1.0858998453924604
1   1.0858998453924549
1   1.0625693591222827
1   1.0625693591222944
1   1.0486620016511374
1   1.5255393183607602
1   1.0291626394387396
1   1.0291626394387396
1   1.5644376928133008
1   1.5644376928132946
1   1.0351003472172065
1   1.6098413146186017
1   1.9763714280250024
1   1.0461296794717734
1   1.0878524859513914
1   1.0878524859513661
1   1.967445883096627
1   1.9674458830966186
1   1.2406002348338774
1   1.2406002348338696
1   1.0122108025513648
1   1.1464171649844455
1   1.1464171649843937
1   1.9514675395826786
1   1.9514675395826777
1   1.298723180120912
1   1.2987231801208892
1   1.1139567189747785
1   1.1139567189748072
1   1.6667408986143868
1   1.6667408986143761
1   1.532201793523797
1   1.5322017935238073
1   1.07421223506626
1   1.0742122350662751
1   1.0158959304271378
1   1.0158959304271369
1   1.9267133474064799
1   1.9267133474065021
1   1.8664141620364143
1   1.8664141620364272
1   1.5041308629994865
1   1.5041308629995331
1   1.0189134336315688
1   1.0189134336315739
1   1.0912159206269763
1   1.0912159206269227
1   1.1930076651103361
1   1.193007665110331
1   1.9816014259655108
1   1.9816014259655299
1   1.0052000697174956
1   1.0052000697175028
1   1.0052864288104784
1   1.9954399218546763
1   1.0113953903305746
1   1.0113953903305757
1   1.0222282411967039
1   1.0222282411967094
1   1.0314160462113717
1   1.0314160462113906
1   1.0087166233943463
1   1.008716623394351
1   1.0060266201442991
1   1.0060266201443
1   1.0033071544737491
1   1.003307154473756
1   1.0019360679337905
1   1.0020941504439052
1   1.0020941504439076
1   1.0011587414512539

2   5.7684666312923962
2   4.8345063744591039
2   4.8345063744590853
2   3.9244647235388799
2   3.9244647235388106
2   3.0615799647222217
2   3.0615799647221622
2   4.1885894542183895
2   2.381728873910312
2   2.3817288739103075
2   2.1265592396973729
2   2.1265592396973614
2   2.0534728495163521
2   3.2101024914511069
2   3.2101024914510923
2   3.8779289169635822
2   3.877928916963576
2   4.8651842574765505
2   4.8651842574765691
2   2.8466259160824459
2   2.8466259160824383
2   2.3879004302717557
2   2.3879004302718019
2   3.0273434718203611
2   3.0273434718203585
2   3.1010529847759223
2   3.9054177348197729
2   3.9054177348197499
2   2.2768014437456836
2   2.2194893722356683
2   2.2194893722356692
2   3.7702781997343715
2   3.7702781997343457
2   2.9589926330428322
2   2.9589926330428296
2   2.9782207242189767
2   3.8266933852467284
2   3.8266933852467329
2   2.972140553198698
2   2.2259027121142676
2   2.2259027121142685
2   4.3410834529201781
2   4.3410834529201834
2   3.8989736754539193
2   4.814046541399847
2   2.7242229655525274
2   2.7242229655525074
2   2.2136293855197295
2   2.2136293855197247
2   3.6950084960899225
2   3.695008496089919
2   2.4116715673381024
2   4.5565615673787798
2   4.556561567378778
2   2.1802660071071354
2   3.8360846894965732
2   3.836084689496543
2   2.2726943441185026
2   2.2726943441184968
2   3.0215156367811327
2   3.0215156367811087
2   3.6212021500007525
2   3.6212021500007419
2   3.9305673906163729
2   3.9305673906163623
2   4.2375183654141653
2   4.237518365414183
2   2.534327324879543
2   2.5343273248795515
2   3.8520543687863453
2   3.0668143813288391
2   3.066814381328832
2   2.9978599260240428
2   3.7247050973137696
2   3.7247050973137652
2   4.0059601284912052
2   4.0059601284912052
2   2.8965029827286215
2   3.9599393421377984
2   3.9599393421378046
2   2.8512937371425879
2   2.8512937371425848
2   2.1854415820992399
2   2.1854415820992377
2   2.2330312550595099
2   3.8231432913725429
2   2.9196830664696276
2   2.9196830664696192
2   2.436646102363655
2   2.436646102363659
2   2.249212774210926
2   3.8911331295647198
2   3.891133129564726
2   2.8133364023136931
2   2.8133364023137064
2   2.9626112644710854
2   2.9626112644710849
2   2.5050626665440099
2   2.5050626665440228
2   2.1219192495869224
2   2.9261303334230773
2   2.9261303334230764
2   2.2642826565447272
2   2.2642826565447267
2   3.8711676271934632
2   2.1325132006956662
2   2.132513200695664
2   2.9250322423405257
2   2.9250322423405297
2   2.1876468185866798
2   2.1876468185866735
2   3.0304023687082657
2   2.7656076186578025
2   2.7656076186578047
2   2.4492737688211457
2   2.4492737688211372
2   3.8367086825522341
2   3.8367086825522279
2   2.5694790402083307
2   2.5694790402083401
2   2.340097802425642
2   2.4882841531161306
2   2.4882841531161253
2   2.2445250335649711
2   2.2445250335649747
2   2.1621879634862635
2   2.1621879634862715
2   2.9502214535487283
2   2.1157343734068141
2   2.1157343734068088
2   2.8215441759279218
2   2.1184280814205034
2   2.1184280814205012
2   3.0252324350002451
2   2.9691607963809479
2   2.9691607963809399
2   3.0368206902930468
2   3.0368206902930499
2   2.8855150136637273
2   3.9210795911632781
2   3.9210795911632736
2   2.1493356941458934
2   2.1701853534239652
2   2.1701853534239595
2   3.8424541925965512
2   3.842454192596553
2   2.9762637954792628
2   2.9762637954792552
2   2.0381671474414946
2   2.2977049200910589
2   2.2977049200910522
2   2.1587644110299022
2   2.1587644110299022
2   3.6270016644919991
2   3.6270016644919982
2   2.2229543037002126
2   2.222954303700214
2   2.7666916444786351
2   2.7666916444786365
2   3.1360235458850001
2   3.1360235458849925
2   2.4994551405598222
2   2.499455140559812
2   2.7714949091664285
2   2.7714949091664236
2   2.9039811209388762
2   2.9039811209388762
2   2.2634660390580827
2   2.2634660390580699
2   2.0751426103900288
2   2.0751426103900288
2   3.6615686527283051
2   2.3811455226802813
2   2.3811455226802729
2   2.2574655403176882
2   2.2574655403176842
2   2.0806125927927481
2   2.0806125927927472
2   2.9521810937222077
2   2.9521810937222046
2   2.1168229013365001
2   2.549476617192536
2   2.8666651112751103
2   2.8666651112751058
2   3.6744532608047464
2   3.6744532608047535
2   2.2277046962983329
2   2.2277046962983316
2   3.7317158856999137
2   2.3977248789677299
2   2.3977248789677308
2   3.3630126717496176
2   2.1186598576980109
2   2.118659857698014
2   2.1331191587610818
2   2.13311915876108
2   2.9701756413623643
2   2.9701756413623652
2   2.8629587351286538
2   2.1758673930278269
2   2.1758673930278234
2   2.7945067468596547
2   2.7945067468596547
2   2.0457367098043915
2   3.4171836951233767
2   3.4171836951233754
2   3.0091484242461402
2   3.0091484242461424
2   2.8285681949471564
2   2.4476502811466467
2   2.4476502811466458
2   3.0044477704279076
2   3.004447770427908
2   2.3191526023746243
2   2.9037549532000639
2   2.9302682046720574
2   2.9302682046720592
2   2.9604904872861115
2   2.9604904872861133
2   3.0582877289662376
2   3.05828772896623
2   2.9878556102405374
2   2.7384516723828516
2   2.7384516723828498
2   2.6773989602163684
2   2.6773989602163675
2   3.0847503017395925
2   3.0847503017395916
2   3.5703918606297886
2   3.5703918606297833
2   3.8117555297501875
2   2.3225645914214192
2   2.3225645914214197
2   3.2255962122899615
2   3.2255962122899509
2   2.2112784210132754
2   2.8714575017721966
2   2.8714575017721957
2   2.0959678867684826
2   2.9574947724113323
2   2.15314715838961
2   2.1531471583896087
2   2.5462110140587262
2   2.272750692491154
2   2.2727506924911527
2   2.1753523927171083
2   2.175352392717107
2   2.9815704442585611
2   2.9815704442585536
2   3.8804053335061095
2   3.8804053335060997
2   2.9101417534174328
2   2.9101417534174359
2   2.9756988267548397
2   3.8942317667620356
2   3.8942317667620268
2   2.7502528411958376
2   2.8953836307323795
2   2.895383630732391
2   2.9728463654652595
2   2.9728463654652471
2   3.0000000000000044
2   3.869296236229002
2   2.0677630171585979
2   2.0677630171585979
2   2.0766232955361565
2   2.1264614073360253
2   2.1264614073360248
2   2.0789539281898719
2   2.0789539281898723
2   2.9888684555944698
2   2.9888684555944662
2   2.3424583980900122
2   2.3424583980900104
2   2.0417895240278128
2   2.0417895240278146
2   2.1897723867799286
2   2.1897723867799121
2   2.0991449181616502
2   2.6718866863079569
2   2.6718866863079715
2   2.0920636337219261
2   2.0920636337219274
2   2.0692565277107851
2   2.0692565277107868
2   2.2352606102040706
2   2.2352606102040773
2   2.8926782954671078
2   2.89267829546711
2   2.9859720062800514
2   2.2234234157596169
2   2.2234234157596178
2   2.8777046434717262
2   2.8777046434717231
2   2.3770519426418688
2   2.3770519426418701
2   2.0263288732838047
2   2.7927422188968682
2   2.792742218896866
2   2.0108686718097317
2   2.3267153536537908
2   2.3267153536538006
2   2.971832354883472
2   2.9718323548834773
2   2.921553837720273
2   2.921553837720273
2   2.0122921968701908
2   2.8445707692093136
2   2.8445707692093154
2   2.0336494212463321
2   2.0458521027706746
2   2.0458521027706777
2   2.92115215683121
2   2.9211521568312171
2   2.9776484698652048
2   2.9776484698652061
2   2.0412710453673939
2   2.0412710453673957
2   2.8111224876766112
2   2.8111224876766276
2   2.0871887803825162
2   2.0871887803825149
2   2.0533240882393389
2   2.7819731707092323
2   2.7819731707092226
2   2.7994328683759888
2   2.0253438710201581
2   2.0253438710201594
2   2.0259553824548786
2   2.0259553824548791
2   2.0809191762237251
2   2.080919176223726
2   2.0313453104057619
2   2.0313453104057633
2   2.4352262228763601
2   2.4352262228763548
2   2.9871004638199099
2   2.0368807059538159
2   2.0101830956368669
2   2.0878668380493193
2   2.0878668380493237
2   2.0707640177051378
2   2.0707640177051365
2   2.2906000587803135
2   2.0246641573016353
2   2.0406376745124017
2   2.0406376745124004
2   2.0147992593587047
2   2.0345416902467717
2   2.0345416902467734
2   2.936114650253562
2   2.9361146502535584
2   2.9505254679756914
2   2.9505254679756945
2   2.0322429314492569
2   2.0322429314492574
2   2.9067775841635624
2   2.9067775841635628
2   2.9388936284772589
2   2.9388936284772607
2   2.48734948130517
2   2.4873494813051709
2   2.9842311854300738
2   2.0230611796116844
2   2.0230611796116817
2   2.1542163379460262
2   2.1542163379460302
2   2.0225251697353368
2   2.0225251697353368
2   2.5604945303313142
2   2.5604945303313165
2   2.025056399183224
2   2.975171397969544
2   2.3081721577109757
2   2.3081721577109775
2   2.0314763397391706
2   2.0314763397391724
2   2.9171436289661212
2   2.9171436289661314
2   2.0125080747781805
2   2.0461677745991778
2   2.0461677745991795
2   2.0441278017356028
2   2.0441278017356042
2   2.1937701723689584
2   2.130274939267335
2   2.1302749392672093
2   2.603182210965107
2   2.6031822109652194
2   2.0966288229291723
2   2.0966288229291719
2   2.0550327711323493
2   2.0550327711323524
2   2.0455071384925212
2   2.045507138492523
2   2.0271956219888021
2   2.0271956219888039
2   2.0351342961951198
2   2.0351342961951202
2   2.0671321630632464
2   2.0671321630632487
2   2.0098239562280296
2   2.0098239562280282
2   2.0069843812929911
2   2.9267505426899123
2   2.926750542689919
2   2.8430200090548903
2   2.0230751649430521
2   2.023075164943053
2   2.1775533831665368
2   2.1775533831665417
2   2.8862715545487543
2   2.8862715545487556
2   2.8364236221847321
2   2.8364236221847414
2   2.9243981516269466
2   2.924398151626951
2   2.0007870734937319
2   2.0567586873415671
2   2.0567586873415693
2   2.0262847860536755
2   2.0262847860536795
2   2.0195253199414678
2   2.0195253199414687
2   2.0450559614903216
2   2.0450559614903221
2   2.0196272226142686
2   2.0196272226142691
2   2.2094316021753593
2   2.2094316021753819
2   2.0970153742481941
2   2.0970153742481985
2   2.0033221671674832
2   2.7561119496206441
2   2.7930069534666249
2   2.7930069534666138
2   2.9655078322322406
2   2.2062652080105467
2   2.0192632203946492
2   2.019263220394651
2   2.0488157109404019
2   2.0488157109404996
2   2.3728837481475313
2   2.3728837481475291
2   2.8595094096417761
2   2.8595094096417086
2   2.0251665648141048
2   2.0251665648141084
2   2.9353279824927898
2   2.0079986462055448
2   2.0079986462055452
2   2.6891611070118047
2   2.689161107011802
2   2.0639816049227551
2   2.0639816049227497
2   2.1084191982659788
2   2.014003487329421
2   2.0140034873294255
2   2.0068580043914284
2   2.0814436406384269
2   2.0002485918579591
2   2.0030913561342207
2   2.0030913561342194
2   2.0141962996087002
2   2.0024656783956867
2   2.0024656783956862
2   2.0008766552041286
2   2.0036154143581513
2   2.0036154143581548
2   2.0087077764376984
2   2.0084646201660261
2   2.0084646201660274
2   2.0069759298213565
2   2.0069759298213588
2   2.003452555962677
2   2.0034525559626788
2   2.0062835981360747
2   2.0062835981360791
2   2.0061355342160052
2   2.0161880145908579
2   2.0014664978178569
2   2.0014664978178587
2   2.003576139965463
2   2.0035761399654657
2   2.0017865638712062
2   2.0017865638712067
2   2.0016626491842708
2   2.0016626491842704
2   2.0063532444311747
2   2.0063532444311774
2   2.0014560885921737
2   2.0014560885921795
2   2.0043576146123394
2   2.0043576146123399
2   2.0021885579330188

3   5.88151083064463
3   4.9284243838740727
3   4.9284243838740451
3   4.010203749878638
3   4.0102037498785981
3   4.1344649972333096
3   3.2150729308644168
3   3.2150729308643999
3   3.0924332778149899
3   3.0924332778149903
3   3.1426123118961047
3   3.1426123118961065
3   3.0454924361505613
3   3.0454924361505591
3   4.9293147982891057
3   4.9293147982891004
3   3.8202516613138018
3   3.8202516613138018
3   3.0357127331260925
3   3.953685454865524
3   3.9536854548655196
3   3.9027825429607352
3   3.9027825429607326
3   3.10211071865788
3   3.1021107186578769
3   3.9434716416408993
3   3.9434716416408975
3   3.9654666424172991
3   4.6345933473812577
3   4.6345933473812329
3   4.9463645514889336
3   3.1459335868244191
3   3.0000000000000018
3   3.4747620315525762
3   3.4747620315525891
3   4.9216847008501485
3   4.9216847008501432
3   4.5003152867121496
3   4.5003152867121283
3   3.9609983492897474
3   3.9609983492897474
3   3.5704679381480702
3   3.5704679381480871
3   4.0091697000236755
3   4.0091697000236648
3   3.0447141755666065
3   3.0447141755666047
3   3.9106908756192151
3   3.0820237153909242
3   3.0820237153909198
3   3.0127751055697551
3   3.0127751055697525
3   3.0787218412611455
3   4.0781072803874894
3   4.0781072803874858
3   3.9710677150947733
3   3.9710677150947689
3   4.0074804649534332
3   4.0074804649534279
3   3.0558499849618572
3   3.9439672959033167
3   3.0798761393993366
3   3.0798761393993366
3   3.9716242235442101
3   3.9716242235442092
3   3.0252913245548325
3   3.0252913245548321
3   3.0628027348016555
3   3.0628027348016538
3   3.9879831518030118
3   3.039663575245811
3   3.0396635752458083
3   3.0353518665715269
3   3.0353518665715256
3   3.9465312273529474
3   3.9465312273529465
3   3.0351129046163643
3   3.0351129046163643
3   3.0363490672915781
3   3.0000000000000004
3   3.0392437439734312
3   3.0392437439734277
3   3.0301779107391225
3   3.1001254776107912
3   3.1001254776107912
3   3.0547920768785954
3   3.0185524173848712
3   3.0185524173848703
3   3.9752798428666001
3   3.9752798428665983
3   3.9017817475751615
3   3.9017817475751606
3   3.0740774278140717
3   3.0080859376423001
3   3.0080859376423001
3   3.8083496474647527
3   3.8083496474647518
3   3.0130370468784049
3   3.0130370468784045
3   3.0093271689536367
3   3.0093271689536354
3   3.1964117726789096
3   3.1964117726789105
3   3.0541624662136693
3   3.0541624662136688
3   3.0129060357993271
3   3.0129060357993276
3   3.962951893443833
3   3.0124769515206538
3   3.0124769515206533
3   3.0015104372942427
3   3.0015104372942409
3   3.8437955757678859
3   3.8437955757678832
3   3.0466911924081117
3   3.8621513810892942
3   3.052970091978084
3   3.052970091978084
3   3.9174460209382058
3   3.0328947264176964
3   3.0328947264176964
3   3.1571002190702364
3   3.1571002190702342
3   3.8274680349107442
3   3.8274680349107468
3   3.0316177070125292
3   3.0316177070125279
3   3.0000000000000004
3   3.1233730178804011
3   3.1233730178804011
3   3.0306467208861791
3   3.0306467208861787
3   3.8113935570861939
3   3.8113935570861894
3   3.1202902006135762
3   3.1202902006135704
3   3.0956070851808204
3   3.7227437007409758
3   3.722743700740974
3   3.9694426424060918
3   3.2785675021426948
3   3.2785675021426974
3   3.0070624809758835
3   3.007062480975883
3   3.0502728460256545
3   3.0398210888598083
3   3.0398210888598065
3   3.9099583539540426
3   3.9099583539540212
3   3.1347957110717481
3   3.1347957110717215
3   3.0000000000000004
3   3.9424294221397327
3   3.9424294221397291
3   3.2980777745557135
3   3.9058641634708611
3   3.9058641634708584
3   3.7381091810193077
3   3.0000000000000013
3   3.0241599981587561
3   3.0241599981587566
3   3.0036615566471068
3   3.0759433763105903
3   3.0759433763105894
3   3.0200193146575338
3   3.0200193146575351
3   3.0243649762941343
3   3.0243649762941334
3   3.0064128429949095
3   3.0064128429949069
3   3.0080179555147031
3   3.008017955514704
3   3.002047665146145
3   3.0020476651461463
3   3.008224216461147
3   3.0082242164611439
3   3.013552507975982
3   3.0135525079759815
3   3.0072117883229184
3   3.0072117883229175
3   3.0031713259924482
3   3.00317132599245
3   3
3   3.0112450171187852
3   3.0112450171187866
3   3.030401404483408
3   3.0002712783406742
3   3.0002712783406746
3   3.0012035339501
3   3.0012035339501018
3   3.0019070096933778
3   3.0002272900411553
3   3.0002272900411553
3   3.0089445377047768
3   3.0089445377047763
3   3.0026750406037888
3   3.0024104892738124
3   3.0024104892738137
3   3.0063901345959034
3   3.0063901345959039
3   3.0005475519124869
3   3.0005475519124873
3   3.0003560000476228
3   3.0003560000476202
3   3.0005381311544652
3   3.0024884741107858
3   3.0024884741107876
3   3.0001715970456648
3   3.0001715970456657
3   3.0002124226956561
3   3.0002124226956588
3   3.0000909895120143
3   3.0000909895120178
3   3.0021847562143478
3   3.0000000000000013
3   3.0006378474961712
3   3.0006378474961743
3   3.0000649619852693
3   3.0000649619852697
3   3.0000628441355848

4   5.962781302440586
4   4.9912166860731295
4   4.9912166860731215
4   4.0477110512660595
4   4.0477110512660577
4   4.0520470752520454
4   4.0191704995585118
4   4.0191704995585118
4   4.9548445875719658
4   4.9548445875719667
4   4.0075881213221125
4   4.0075881213221125
4   4.0105024409040668
4   4.0105024409040659
4   4.000399865308383
4   4.0003998653083821
4   4
4   4.9870719450298386
4   4.9674678332460322
4   4.9674678332460314
4   4.973500906321509
4   4.9735009063215072
4   4.9254177788178088
4   4.9254177788178062
4   4.0069106998804855
4   4.0069106998804846
4   4.0011099965779842
4   4.031841874500846
4   4.0318418745008451
4   4.0486455211062182
4   4.0486455211062191
4   4.0196499014727527
4   4.0196499014727518
4   4.0309076503595955
4   4.0309076503595955
4   4.0155009616895638
4   4.0000845670910703
4   4.0000845670910712
4   4
4   4.0001008266079161
4   4.0001008266079161
4   4.0000669921208543
4   4.0000669921208534
4   4.0007041033452095
4   4.0007041033452087
4   4.0020010278796141
4   4.0020010278796141
4   4.0000994940279986
4   4.0008114417037737
4   4.0008114417037737
4   4.0002547189072653
4   4
4   4.0001058386038073
4   4.0001058386038064
4   4.0000149747953069
4   4.0000149747953069
4   4.0000117614220452
4   4.000035647702024
4   4.0000356477020231
4   4.0000014395524977
4   4.0000014395524977
4   4.0000052254322238
4   4.0000052254322229
4   4.0000790155968753
4   4.0000790155968753
4   4.0000369721960904

5   5.9999999999999991
5   5
5   5
5   5
5   5
5   5
5   5
5   5
5   5
5   5
5   5.0000000000000009
5   5

6   6

