-6   6

-5   6
-5   5
-5   5
-5   5
-5   5
-5   5
-5   5
-5   5
-5   5
-5   4.9999999999999991
-5   5
-5   4.9999999999999991

-4   6.0000000000000213
-4   5.0000000000000187
-4   5.0000000000000044
-4   4.0000000000000053
-4   4
-4   4.0000000000000036
-4   5.0000000000000044
-4   5
-4   3.9999999999999991
-4   3.9999999999999991
-4   4.0000000000000009
-4   4
-4   4.0000000000000009
-4   4
-4   4.9999999999999991
-4   4.9999999999999991
-4   5.0000000000000009
-4   4.0000000000000009
-4   4
-4   5.0000000000000018
-4   5.0000000000000009
-4   4.0000000000000009
-4   5.0000000000000009
-4   5
-4   4
-4   4
-4   4
-4   4
-4   4.0000000000000027
-4   4
-4   4
-4   4
-4   4
-4   4.0000000000000009
-4   4
-4   4
-4   4
-4   4
-4   4
-4   4
-4   4
-4   4.0000000000000009
-4   4
-4   4
-4   4.0000000000000009
-4   4.0000000000000018
-4   4
-4   3.9999999999999991
-4   4.0000000000000018
-4   4
-4   4.0000000000000009
-4   4.0000000000000009
-4   4.0000000000000009
-4   4
-4   4.0000000000000018
-4   4.0000000000000009
-4   4.0000000000000009
-4   4.0000000000000018
-4   4
-4   4.0000000000000009
-4   4.0000000000000009
-4   4
-4   3.9999999999999991
-4   4
-4   4
-4   4

-3   6.0000000000000346
-3   5.0000000000000364
-3   5.0000000000000204
-3   4.0000000000000373
-3   4.0000000000000142
-3   4.0000000000000213
-3   3.0000000000000067
-3   3.0000000000000027
-3   5.0000000000000044
-3   5
-3   3.0000000000000031
-3   3.0000000000000013
-3   4.0000000000000089
-3   4
-3   3.000000000000004
-3   2.9999999999999991
-3   3.0000000000000022
-3   3.0000000000000013
-3   4.0000000000000027
-3   3.9999999999999982
-3   3.0000000000000013
-3   4.0000000000000107
-3   4.0000000000000062
-3   3.0000000000000031
-3   3.0000000000000022
-3   5.0000000000000133
-3   5.0000000000000089
-3   5.0000000000000071
-3   4
-3   4.0000000000000009
-3   5.0000000000000009
-3   5.0000000000000009
-3   3.9999999999999982
-3   2.9999999999999996
-3   2.9999999999999987
-3   5.0000000000000027
-3   4.9999999999999947
-3   3
-3   2.9999999999999987
-3   4.0000000000000044
-3   4.0000000000000018
-3   3.9999999999999982
-3   3.9999999999999982
-3   2.9999999999999996
-3   2.9999999999999991
-3   3.0000000000000004
-3   3.0000000000000004
-3   3.9999999999999964
-3   4.0000000000000053
-3   4.0000000000000027
-3   2.9999999999999991
-3   4.0000000000000009
-3   3.9999999999999973
-3   3
-3   2.9999999999999991
-3   4
-3   3.9999999999999964
-3   4
-3   2.9999999999999996
-3   3.0000000000000013
-3   3
-3   3.0000000000000009
-3   3.0000000000000009
-3   4.0000000000000018
-3   4
-3   4.0000000000000036
-3   3.0000000000000009
-3   3.0000000000000004
-3   3
-3   3.0000000000000004
-3   4.0000000000000018
-3   4.0000000000000036
-3   3.0000000000000009
-3   3.0000000000000013
-3   3.0000000000000009
-3   3
-3   3.0000000000000004
-3   3.0000000000000009
-3   2.9999999999999996
-3   3.0000000000000004
-3   3.0000000000000004
-3   3.0000000000000004
-3   3.0000000000000004
-3   4.0000000000000036
-3   4.0000000000000053
-3   4.0000000000000018
-3   3.9999999999999991
-3   3.0000000000000009
-3   3.0000000000000009
-3   3.0000000000000009
-3   3.0000000000000013
-3   2.9999999999999996
-3   3.0000000000000004
-3   4.0000000000000009
-3   3.9999999999999982
-3   3.0000000000000009
-3   2.9999999999999996
-3   3
-3   2.9999999999999996
-3   4.0000000000000036
-3   3.0000000000000004
-3   3.0000000000000004
-3   2.9999999999999996
-3   2.9999999999999987
-3   3.0000000000000004
-3   3
-3   3.0000000000000013
-3   2.9999999999999996
-3   3.9999999999999991
-3   3.9999999999999982
-3   3.9999999999999991
-3   2.9999999999999991
-3   2.9999999999999991
-3   3.0000000000000004
-3   3.0000000000000004
-3   3.9999999999999991
-3   2.9999999999999996
-3   3.0000000000000004
-3   3.0000000000000004
-3   4
-3   4.0000000000000027
-3   3.0000000000000009
-3   3.0000000000000004
-3   4.0000000000000018
-3   4.0000000000000009
-3   3
-3   3
-3   3.0000000000000031
-3   2.9999999999999996
-3   4.0000000000000018
-3   3.0000000000000004
-3   3.0000000000000004
-3   3.9999999999999991
-3   3.9999999999999991
-3   3.0000000000000009
-3   3.0000000000000009
-3   3.0000000000000004
-3   3.0000000000000009
-3   3.0000000000000009
-3   3.0000000000000004
-3   4.0000000000000018
-3   3.9999999999999973
-3   3.0000000000000013
-3   3
-3   4.0000000000000018
-3   3.9999999999999964
-3   3.0000000000000009
-3   2.9999999999999996
-3   2.9999999999999987
-3   2.9999999999999996
-3   3.0000000000000004
-3   4
-3   4
-3   3.9999999999999991
-3   3.0000000000000004
-3   3.0000000000000004
-3   3
-3   3.0000000000000013
-3   2.9999999999999996
-3   3.0000000000000009
-3   3.0000000000000004
-3   2.9999999999999996
-3   3.0000000000000004
-3   3.0000000000000013
-3   3.0000000000000009
-3   2.9999999999999996
-3   2.9999999999999978
-3   3.0000000000000013
-3   3.0000000000000013
-3   3.0000000000000004
-3   3.0000000000000004
-3   3.0000000000000022
-3   2.9999999999999996
-3   3
-3   3.0000000000000018
-3   3.0000000000000009
-3   3.0000000000000004
-3   3.0000000000000009
-3   3
-3   2.9999999999999996
-3   3.0000000000000009
-3   3.0000000000000009
-3   3.0000000000000004
-3   3
-3   2.9999999999999991
-3   3.0000000000000009
-3   3.0000000000000009
-3   3.0000000000000013
-3   2.9999999999999991
-3   3.0000000000000022
-3   3.0000000000000004
-3   2.9999999999999996
-3   3.0000000000000004
-3   3.0000000000000004
-3   3.0000000000000004
-3   2.9999999999999982
-3   3.0000000000000022
-3   2.9999999999999991
-3   3
-3   3.0000000000000018
-3   2.9999999999999996
-3   3.0000000000000013
-3   3.0000000000000004
-3   3.0000000000000009
-3   3.0000000000000004
-3   2.9999999999999996
-3   3.0000000000000013
-3   2.9999999999999996
-3   3.0000000000000013
-3   3.0000000000000004
-3   3.0000000000000031
-3   3.0000000000000022
-3   3.0000000000000009
-3   3.0000000000000027
-3   3.0000000000000027
-3   2.9999999999999996
-3   3.0000000000000044
-3   3.0000000000000009
-3   3.0000000000000009
-3   3.0000000000000062

-2   6.0000000000000577
-2   5.0000000000000782
-2   5.0000000000000737
-2   4.0000000000000826
-2   4.0000000000000542
-2   4.00000000000004
-2   3.0000000000000386
-2   3.0000000000000355
-2   2.000000000000024
-2   2.0000000000000031
-2   5.0000000000000533
-2   5.0000000000000391
-2   3.0000000000000191
-2   3.0000000000000218
-2   2.0000000000000062
-2   2.0000000000000031
-2   4.0000000000000071
-2   4.0000000000000089
-2   3.0000000000000036
-2   3.0000000000000022
-2   2.0000000000000044
-2   2.000000000000004
-2   2.0000000000000027
-2   3.0000000000000187
-2   3.0000000000000155
-2   4.0000000000000089
-2   3.9999999999999973
-2   3.0000000000000084
-2   2.0000000000000027
-2   4.0000000000000133
-2   4.0000000000000062
-2   3.0000000000000138
-2   3.0000000000000022
-2   5.000000000000008
-2   5.0000000000000178
-2   4.9999999999999964
-2   4.000000000000016
-2   3.9999999999999911
-2   2.000000000000004
-2   2.0000000000000009
-2   5.0000000000000027
-2   5.0000000000000009
-2   3.9999999999999885
-2   3.0000000000000102
-2   3.0000000000000133
-2   5.000000000000008
-2   5.0000000000000142
-2   3.0000000000000013
-2   2.9999999999999996
-2   2.0000000000000018
-2   1.9999999999999996
-2   2.0000000000000013
-2   2.0000000000000009
-2   2.0000000000000009
-2   2
-2   4.0000000000000018
-2   3.9999999999999956
-2   4.0000000000000071
-2   3.9999999999999956
-2   1.9999999999999996
-2   1.9999999999999973
-2   3.0000000000000022
-2   2.9999999999999964
-2   3.0000000000000027
-2   3.0000000000000004
-2   3.9999999999999885
-2   2.0000000000000009
-2   2
-2   3.999999999999992
-2   3.9999999999999893
-2   3.0000000000000031
-2   4.0000000000000062
-2   4.0000000000000009
-2   3.0000000000000009
-2   2.9999999999999969
-2   4.0000000000000027
-2   3.999999999999992
-2   1.9999999999999987
-2   1.9999999999999982
-2   3.9999999999999964
-2   3.0000000000000009
-2   3.0000000000000058
-2   2.9999999999999987
-2   3.0000000000000058
-2   3.0000000000000058
-2   2.0000000000000009
-2   1.9999999999999978
-2   1.9999999999999991
-2   4.0000000000000036
-2   3.9999999999999938
-2   1.9999999999999982
-2   2.0000000000000004
-2   4.0000000000000071
-2   3.0000000000000031
-2   3.0000000000000004
-2   3.0000000000000009
-2   2.9999999999999951
-2   3.9999999999999982
-2   3.9999999999999956
-2   3.0000000000000018
-2   2.9999999999999951
-2   1.9999999999999982
-2   2.0000000000000009
-2   1.9999999999999982
-2   2.0000000000000009
-2   2.0000000000000018
-2   2.0000000000000004
-2   3.0000000000000031
-2   3.0000000000000009
-2   2.9999999999999991
-2   3
-2   3.0000000000000022
-2   3.0000000000000031
-2   3.0000000000000009
-2   2
-2   1.9999999999999973
-2   2
-2   1.9999999999999991
-2   2.0000000000000009
-2   2.0000000000000004
-2   2.0000000000000018
-2   2
-2   3.0000000000000022
-2   2
-2   3.0000000000000049
-2   4.0000000000000036
-2   3.9999999999999964
-2   2.0000000000000009
-2   1.9999999999999987
-2   2
-2   2.0000000000000009
-2   2.0000000000000009
-2   2
-2   4.0000000000000009
-2   4.0000000000000018
-2   3
-2   3.0000000000000013
-2   3.0000000000000009
-2   3.0000000000000027
-2   2.9999999999999964
-2   2.9999999999999973
-2   4.0000000000000027
-2   4.0000000000000036
-2   3.0000000000000031
-2   3.0000000000000013
-2   2.0000000000000004
-2   1.9999999999999996
-2   2.0000000000000018
-2   1.9999999999999987
-2   2.0000000000000009
-2   3.0000000000000027
-2   2.9999999999999996
-2   4.0000000000000044
-2   3.0000000000000062
-2   3.0000000000000004
-2   2.9999999999999987
-2   2.9999999999999991
-2   2.9999999999999978
-2   2.9999999999999987
-2   3.000000000000004
-2   3.0000000000000036
-2   2.0000000000000018
-2   1.9999999999999996
-2   2
-2   2.0000000000000009
-2   1.9999999999999996
-2   2.0000000000000004
-2   2.0000000000000013
-2   2
-2   2.0000000000000013
-2   4.0000000000000036
-2   4.0000000000000036
-2   2.0000000000000009
-2   2
-2   2.0000000000000004
-2   2
-2   4
-2   3.0000000000000022
-2   3.0000000000000013
-2   2.0000000000000009
-2   2.0000000000000009
-2   2.0000000000000009
-2   3.0000000000000049
-2   3.0000000000000022
-2   2.0000000000000004
-2   1.9999999999999996
-2   3.9999999999999964
-2   2.0000000000000013
-2   2
-2   1.9999999999999996
-2   3.0000000000000018
-2   3.0000000000000009
-2   3.0000000000000009
-2   2
-2   1.9999999999999996
-2   4.0000000000000027
-2   4
-2   3.0000000000000009
-2   3.0000000000000018
-2   1.9999999999999996
-2   2
-2   4.0000000000000036
-2   3.9999999999999991
-2   2.0000000000000013
-2   1.9999999999999996
-2   2
-2   2
-2   2.0000000000000004
-2   3.000000000000004
-2   3.0000000000000027
-2   2.0000000000000013
-2   3.000000000000004
-2   3.0000000000000013
-2   3.9999999999999973
-2   3.0000000000000018
-2   3.0000000000000044
-2   4.0000000000000071
-2   4.0000000000000018
-2   3.0000000000000013
-2   2.0000000000000004
-2   2.0000000000000004
-2   3.0000000000000022
-2   3.0000000000000018
-2   3.0000000000000018
-2   3.0000000000000022
-2   2.0000000000000009
-2   3.0000000000000044
-2   4.0000000000000036
-2   4.0000000000000107
-2   2.0000000000000004
-2   1.9999999999999987
-2   2.9999999999999987
-2   2.999999999999996
-2   2.0000000000000018
-2   2.0000000000000004
-2   4.0000000000000018
-2   4.0000000000000044
-2   3.000000000000004
-2   3.0000000000000009
-2   3.0000000000000067
-2   2.0000000000000022
-2   2
-2   2.9999999999999987
-2   3.0000000000000013
-2   2.0000000000000009
-2   4.0000000000000044
-2   4.0000000000000044
-2   4.0000000000000062
-2   2.0000000000000009
-2   3.0000000000000027
-2   2.9999999999999991
-2   2.0000000000000009
-2   2
-2   3.0000000000000027
-2   2.0000000000000009
-2   2.0000000000000009
-2   2.0000000000000004
-2   1.9999999999999978
-2   3.0000000000000013
-2   2
-2   3.0000000000000084
-2   2
-2   1.9999999999999996
-2   3.0000000000000022
-2   3.0000000000000031
-2   2.0000000000000009
-2   2.0000000000000009
-2   2.0000000000000009
-2   2
-2   2.0000000000000013
-2   2.0000000000000004
-2   2.0000000000000004
-2   1.9999999999999996
-2   2.0000000000000009
-2   2.9999999999999991
-2   3.0000000000000049
-2   2.0000000000000004
-2   2.0000000000000009
-2   2
-2   2.0000000000000009
-2   3.0000000000000004
-2   2.9999999999999996
-2   2.9999999999999996
-2   1.9999999999999996
-2   3
-2   3.0000000000000004
-2   1.9999999999999996
-2   2.0000000000000018
-2   2
-2   2.0000000000000018
-2   1.9999999999999991
-2   2.0000000000000009
-2   2.9999999999999991
-2   3.0000000000000018
-2   2.0000000000000022
-2   2.0000000000000009
-2   2.0000000000000009
-2   2.0000000000000009
-2   2.0000000000000004
-2   3.0000000000000004
-2   3.0000000000000009
-2   2.9999999999999987
-2   3
-2   3.0000000000000018
-2   3.0000000000000049
-2   2.0000000000000027
-2   2
-2   2
-2   2.0000000000000009
-2   2.0000000000000022
-2   2.9999999999999969
-2   2.9999999999999987
-2   1.9999999999999991
-2   2
-2   3.0000000000000013
-2   3.0000000000000067
-2   3.0000000000000013
-2   3.0000000000000058
-2   1.9999999999999991
-2   2.9999999999999991
-2   3.000000000000004
-2   3.000000000000008
-2   1.9999999999999991
-2   2
-2   1.9999999999999996
-2   1.9999999999999996
-2   2
-2   1.9999999999999991
-2   3.0000000000000022
-2   2.0000000000000004
-2   2.0000000000000009
-2   1.9999999999999991
-2   2
-2   2
-2   2.0000000000000004
-2   2.0000000000000009
-2   2.0000000000000009
-2   2
-2   2.0000000000000013
-2   2.0000000000000009
-2   3.0000000000000009
-2   3.0000000000000098
-2   1.9999999999999973
-2   1.9999999999999987
-2   2
-2   2.9999999999999996
-2   3.0000000000000004
-2   2.0000000000000009
-2   2.0000000000000004
-2   2.0000000000000009
-2   2.0000000000000013
-2   2
-2   2
-2   3
-2   3.0000000000000022
-2   3.0000000000000031
-2   3.0000000000000022
-2   3.0000000000000027
-2   2.9999999999999969
-2   3.0000000000000013
-2   1.9999999999999991
-2   2
-2   2.0000000000000004
-2   2.0000000000000004
-2   2.0000000000000013
-2   3.0000000000000027
-2   1.9999999999999982
-2   2.0000000000000013
-2   1.9999999999999996
-2   2.0000000000000027
-2   1.9999999999999991
-2   2.0000000000000009
-2   1.9999999999999996
-2   2
-2   2
-2   3.0000000000000027
-2   3.0000000000000049
-2   3.0000000000000018
-2   3.0000000000000053
-2   2
-2   2.0000000000000009
-2   1.9999999999999991
-2   2.0000000000000004
-2   2
-2   1.9999999999999982
-2   2.0000000000000013
-2   1.9999999999999987
-2   2.0000000000000009
-2   1.9999999999999982
-2   2.9999999999999978
-2   3.0000000000000031
-2   2.0000000000000004
-2   2.0000000000000013
-2   2
-2   2.0000000000000013
-2   2.0000000000000009
-2   2.0000000000000018
-2   2.9999999999999969
-2   1.9999999999999996
-2   2.0000000000000018
-2   1.9999999999999982
-2   2
-2   1.9999999999999996
-2   2
-2   1.9999999999999982
-2   2
-2   3.0000000000000031
-2   3.0000000000000004
-2   2.9999999999999964
-2   3.0000000000000018
-2   2.0000000000000009
-2   2.0000000000000022
-2   2.0000000000000027
-2   2
-2   2.0000000000000013
-2   2.9999999999999964
-2   3.0000000000000027
-2   1.9999999999999973
-2   1.9999999999999987
-2   2.0000000000000004
-2   1.9999999999999987
-2   2
-2   2
-2   2.0000000000000009
-2   2
-2   2.0000000000000009
-2   2.999999999999996
-2   2.9999999999999991
-2   1.9999999999999996
-2   2.0000000000000022
-2   2.999999999999996
-2   3.000000000000008
-2   1.9999999999999973
-2   1.9999999999999991
-2   1.9999999999999991
-2   1.9999999999999987
-2   2.0000000000000004
-2   1.9999999999999991
-2   2.9999999999999929
-2   2.9999999999999982
-2   2.9999999999999929
-2   2.9999999999999938
-2   3.0000000000000004
-2   1.9999999999999991
-2   2.0000000000000009
-2   2
-2   2.0000000000000031
-2   1.9999999999999969
-2   2.0000000000000022
-2   1.9999999999999991
-2   1.9999999999999996
-2   1.9999999999999991
-2   2.0000000000000027
-2   1.9999999999999996
-2   2.0000000000000027
-2   1.9999999999999982
-2   2.0000000000000009
-2   2.0000000000000009
-2   1.9999999999999982
-2   2.0000000000000013
-2   2
-2   2.0000000000000022
-2   2.0000000000000009
-2   2.0000000000000027
-2   2
-2   2.0000000000000004
-2   2.0000000000000031
-2   2
-2   2.0000000000000036
-2   2.0000000000000049
-2   2.0000000000000027
-2   2.0000000000000053
-2   1.9999999999999991
-2   2.0000000000000031
-2   2.0000000000000027
-2   2.0000000000000062
-2   2.0000000000000036
-2   2.0000000000000013
-2   2.0000000000000027
-2   2.0000000000000058
-2   2.0000000000000018
-2   2.0000000000000044
-2   2.0000000000000004
-2   2.0000000000000031
-2   2
-2   2.0000000000000053
-2   2.0000000000000009
-2   2.0000000000000018
-2   2.0000000000000009
-2   2.0000000000000009
-2   2.0000000000000004
-2   2.0000000000000062
-2   2.0000000000000075
-2   2.0000000000000178
-2   2.0000000000000093

-1   6.0000000000000799
-1   5.0000000000000817
-1   5.0000000000000657
-1   4.000000000000111
-1   4.0000000000000568
-1   4.000000000000119
-1   3.0000000000000724
-1   3.0000000000000719
-1   2.0000000000000706
-1   2.0000000000000515
-1   1.000000000000026
-1   1.0000000000000071
-1   1.0000000000000262
-1   5.0000000000001412
-1   5.0000000000000258
-1   3.0000000000000631
-1   3.000000000000024
-1   2.0000000000000426
-1   2.0000000000000311
-1   4.0000000000000533
-1   4.0000000000000284
-1   3.0000000000000431
-1   3.0000000000000324
-1   2.0000000000000382
-1   2.0000000000000431
-1   2.0000000000000142
-1   3.0000000000000746
-1   3.0000000000000133
-1   4.0000000000000293
-1   4.0000000000000213
-1   3.0000000000000084
-1   2.0000000000000195
-1   4.0000000000000355
-1   4.0000000000000417
-1   1.0000000000000091
-1   1.000000000000006
-1   3.0000000000000395
-1   3.0000000000000444
-1   5.0000000000000879
-1   5.0000000000000169
-1   4.9999999999999734
-1   4.0000000000000302
-1   4.0000000000000355
-1   2.0000000000000151
-1   2
-1   5.0000000000000577
-1   5.0000000000000133
-1   4.0000000000000027
-1   3.000000000000008
-1   1.0000000000000002
-1   1.0000000000000002
-1   3.0000000000000147
-1   1.0000000000000007
-1   1
-1   5.0000000000000142
-1   4.9999999999999938
-1   1.0000000000000009
-1   0.99999999999999845
-1   2.9999999999999938
-1   2.999999999999992
-1   2.0000000000000022
-1   1.9999999999999991
-1   2.0000000000000031
-1   1.9999999999999933
-1   2.0000000000000084
-1   2.0000000000000058
-1   4.0000000000000044
-1   3.9999999999999911
-1   4.0000000000000098
-1   3.9999999999999973
-1   2.0000000000000027
-1   1.9999999999999982
-1   3.0000000000000164
-1   2.9999999999999978
-1   3.0000000000000111
-1   2.9999999999999916
-1   4.0000000000000009
-1   2.000000000000004
-1   2.0000000000000018
-1   4
-1   3.9999999999999929
-1   0.99999999999999956
-1   0.99999999999999845
-1   3.0000000000000009
-1   4.0000000000000178
-1   3.999999999999984
-1   3.0000000000000031
-1   3.0000000000000044
-1   4.0000000000000009
-1   4.0000000000000036
-1   2.0000000000000084
-1   2.0000000000000013
-1   0.99999999999999889
-1   3.9999999999999911
-1   3.0000000000000022
-1   3.0000000000000111
-1   2.9999999999999956
-1   0.99999999999999978
-1   0.99999999999999911
-1   3.0000000000000089
-1   3.0000000000000022
-1   0.999999999999998
-1   2.0000000000000062
-1   1.9999999999999991
-1   2.0000000000000031
-1   1.0000000000000024
-1   1.0000000000000007
-1   4.0000000000000213
-1   4.0000000000000027
-1   1.0000000000000031
-1   1.0000000000000007
-1   2
-1   2
-1   4.0000000000000107
-1   3.000000000000016
-1   3.0000000000000027
-1   3.0000000000000062
-1   2.9999999999999911
-1   1.0000000000000007
-1   1.0000000000000009
-1   4.0000000000000027
-1   4.0000000000000018
-1   3.0000000000000049
-1   2.9999999999999956
-1   2.0000000000000022
-1   1.9999999999999982
-1   1.9999999999999969
-1   2.0000000000000031
-1   2.0000000000000018
-1   2.0000000000000018
-1   1.0000000000000009
-1   1.0000000000000011
-1   3.0000000000000022
-1   3.0000000000000009
-1   1.0000000000000011
-1   0.99999999999999933
-1   1.0000000000000007
-1   1.0000000000000007
-1   2.9999999999999947
-1   3.000000000000004
-1   2.9999999999999973
-1   0.99999999999999978
-1   3.0000000000000036
-1   2.9999999999999938
-1   2.0000000000000102
-1   2.0000000000000004
-1   1.0000000000000002
-1   1.0000000000000004
-1   2.0000000000000013
-1   2.0000000000000027
-1   2.0000000000000009
-1   1.9999999999999991
-1   2
-1   2
-1   3.0000000000000098
-1   2.000000000000004
-1   1.0000000000000007
-1   3.0000000000000058
-1   1.0000000000000007
-1   0.99999999999999756
-1   4.0000000000000036
-1   3.9999999999999973
-1   2.0000000000000036
-1   2.0000000000000022
-1   2.0000000000000067
-1   2.0000000000000018
-1   2.0000000000000031
-1   1.9999999999999982
-1   4.000000000000016
-1   4.0000000000000062
-1   3.0000000000000084
-1   3.0000000000000031
-1   2.9999999999999925
-1   3.0000000000000075
-1   3.0000000000000013
-1   3.0000000000000071
-1   4.0000000000000018
-1   3.9999999999999929
-1   3.000000000000004
-1   2.9999999999999951
-1   2.0000000000000027
-1   1.9999999999999987
-1   2.0000000000000062
-1   1.9999999999999987
-1   0.99999999999999978
-1   0.99999999999999978
-1   0.99999999999999822
-1   1.9999999999999969
-1   1.000000000000002
-1   0.99999999999999933
-1   3.0000000000000089
-1   2.9999999999999902
-1   4.0000000000000115
-1   3.000000000000004
-1   3.0000000000000071
-1   3.0000000000000115
-1   2.9999999999999973
-1   2.999999999999996
-1   2.9999999999999951
-1   3.0000000000000013
-1   2.9999999999999996
-1   2.0000000000000053
-1   1.9999999999999978
-1   2.0000000000000031
-1   0.99999999999999889
-1   0.99999999999999867
-1   1.9999999999999991
-1   1.9999999999999956
-1   1.9999999999999978
-1   1.9999999999999929
-1   0.99999999999999978
-1   0.99999999999999911
-1   0.99999999999999911
-1   2.0000000000000089
-1   1.9999999999999938
-1   4
-1   3.9999999999999947
-1   2.0000000000000009
-1   1.9999999999999969
-1   2.0000000000000009
-1   2.0000000000000036
-1   4.0000000000000089
-1   3.0000000000000031
-1   2.9999999999999925
-1   2.0000000000000022
-1   1.9999999999999973
-1   2.0000000000000009
-1   0.99999999999999933
-1   0.99999999999999845
-1   1.0000000000000002
-1   1.0000000000000002
-1   2.9999999999999987
-1   3.0000000000000004
-1   2.0000000000000031
-1   1.9999999999999982
-1   3.9999999999999805
-1   1.0000000000000018
-1   0.99999999999999933
-1   2.0000000000000027
-1   2.0000000000000053
-1   1.000000000000002
-1   1.0000000000000016
-1   1.9999999999999991
-1   3.0000000000000027
-1   3
-1   3.000000000000004
-1   2.0000000000000018
-1   1.9999999999999996
-1   3.9999999999999982
-1   3.9999999999999911
-1   0.99999999999999889
-1   1.0000000000000004
-1   2.999999999999996
-1   2.9999999999999991
-1   2
-1   1.9999999999999956
-1   0.99999999999999933
-1   0.99999999999999978
-1   4.0000000000000124
-1   3.9999999999999893
-1   1.9999999999999982
-1   2.0000000000000027
-1   1.9999999999999991
-1   2.0000000000000009
-1   2.0000000000000018
-1   1.0000000000000002
-1   1.0000000000000007
-1   3.0000000000000013
-1   3.0000000000000013
-1   2
-1   3.0000000000000018
-1   2.999999999999996
-1   3.9999999999999973
-1   3.0000000000000071
-1   3.0000000000000031
-1   4.0000000000000044
-1   3.9999999999999964
-1   1.0000000000000007
-1   1.0000000000000007
-1   3.0000000000000009
-1   2.0000000000000018
-1   1.9999999999999996
-1   3.0000000000000031
-1   2.9999999999999929
-1   3.0000000000000004
-1   2.9999999999999996
-1   1.9999999999999991
-1   1.0000000000000007
-1   0.99999999999999978
-1   3.0000000000000018
-1   1.0000000000000018
-1   0.99999999999999822
-1   4.0000000000000115
-1   3.9999999999999947
-1   1.9999999999999973
-1   1.9999999999999991
-1   3.0000000000000075
-1   3.0000000000000044
-1   2.0000000000000004
-1   1.9999999999999978
-1   4.0000000000000036
-1   4.0000000000000044
-1   2.9999999999999942
-1   2.9999999999999996
-1   2.999999999999996
-1   0.99999999999999933
-1   0.99999999999999956
-1   0.99999999999999889
-1   0.99999999999999911
-1   1.0000000000000011
-1   2.0000000000000022
-1   1.9999999999999938
-1   3.0000000000000071
-1   2.999999999999996
-1   1.9999999999999982
-1   4.0000000000000062
-1   3.9999999999999991
-1   0.99999999999999978
-1   0.99999999999999978
-1   1
-1   4
-1   2.0000000000000027
-1   2.9999999999999987
-1   3.0000000000000013
-1   1.0000000000000002
-1   0.99999999999999933
-1   2.0000000000000018
-1   2.0000000000000027
-1   0.99999999999999978
-1   1
-1   3.0000000000000027
-1   2.0000000000000027
-1   2.0000000000000044
-1   2
-1   2.0000000000000022
-1   3.0000000000000022
-1   1.0000000000000011
-1   0.99999999999999933
-1   1.0000000000000002
-1   1
-1   0.99999999999999956
-1   1.0000000000000002
-1   1.0000000000000002
-1   1
-1   1.9999999999999991
-1   3.0000000000000022
-1   1.9999999999999973
-1   2
-1   1.0000000000000002
-1   1
-1   0.99999999999999933
-1   2.9999999999999964
-1   2.9999999999999956
-1   1.0000000000000004
-1   0.99999999999999911
-1   2.0000000000000018
-1   2.0000000000000009
-1   2.0000000000000062
-1   2.0000000000000022
-1   2.0000000000000049
-1   1
-1   0.99999999999999956
-1   1.0000000000000002
-1   1
-1   2
-1   2.0000000000000004
-1   2
-1   2
-1   2.9999999999999969
-1   3.0000000000000089
-1   1
-1   1.0000000000000002
-1   1
-1   1.9999999999999991
-1   2
-1   1.9999999999999969
-1   1.9999999999999964
-1   2.9999999999999973
-1   3.0000000000000004
-1   3.0000000000000129
-1   1.0000000000000004
-1   2.0000000000000004
-1   3
-1   3.000000000000012
-1   1.9999999999999969
-1   2
-1   2
-1   1.9999999999999996
-1   1.0000000000000011
-1   1.0000000000000011
-1   1.9999999999999982
-1   2.0000000000000036
-1   2.9999999999999982
-1   3.0000000000000027
-1   1.9999999999999973
-1   1.9999999999999982
-1   2.0000000000000004
-1   2.0000000000000022
-1   2.000000000000004
-1   2.9999999999999991
-1   3.0000000000000049
-1   3.0000000000000067
-1   3.0000000000000031
-1   3.0000000000000009
-1   3.0000000000000067
-1   2.0000000000000044
-1   1.0000000000000009
-1   1.0000000000000011
-1   0.99999999999999978
-1   1.0000000000000011
-1   1.9999999999999978
-1   1.9999999999999973
-1   2.0000000000000009
-1   1.0000000000000011
-1   2.0000000000000044
-1   1.0000000000000007
-1   0.99999999999999978
-1   3.0000000000000031
-1   3.0000000000000044
-1   2.0000000000000022
-1   2.0000000000000018
-1   0.99999999999999933
-1   1
-1   0.99999999999999911
-1   1.0000000000000009
-1   2.999999999999996
-1   3.0000000000000013
-1   1.0000000000000002
-1   2.9999999999999942
-1   2.9999999999999996
-1   1.0000000000000002
-1   1.0000000000000011
-1   1.0000000000000009
-1   2.0000000000000004
-1   2.9999999999999969
-1   3.0000000000000071
-1   3.0000000000000067
-1   1.0000000000000007
-1   1.0000000000000002
-1   1.0000000000000011
-1   1.9999999999999982
-1   2.0000000000000027
-1   2
-1   2.0000000000000022
-1   1.9999999999999978
-1   2.0000000000000027
-1   1
-1   1
-1   3.0000000000000027
-1   0.99999999999999911
-1   1.0000000000000011
-1   1.0000000000000009
-1   1.0000000000000009
-1   1.9999999999999969
-1   2.0000000000000004
-1   1.9999999999999964
-1   2.0000000000000004
-1   1.9999999999999978
-1   1.9999999999999982
-1   1.9999999999999987
-1   2.0000000000000013
-1   2.0000000000000036
-1   2
-1   1.0000000000000004
-1   2.000000000000004
-1   3.0000000000000004
-1   2.9999999999999978
-1   1.0000000000000007
-1   2.0000000000000018
-1   1.9999999999999982
-1   1.0000000000000002
-1   1.0000000000000009
-1   0.99999999999999978
-1   0.99999999999999978
-1   0.99999999999999933
-1   1.0000000000000002
-1   1.0000000000000007
-1   1.0000000000000016
-1   2.0000000000000009
-1   3.0000000000000018
-1   2.9999999999999991
-1   2.0000000000000013
-1   1.9999999999999991
-1   1.9999999999999991
-1   2.0000000000000013
-1   1.9999999999999982
-1   2.0000000000000062
-1   3.0000000000000004
-1   3.0000000000000013
-1   1.0000000000000004
-1   2.9999999999999987
-1   3.0000000000000022
-1   3.0000000000000044
-1   1.0000000000000007
-1   1.0000000000000002
-1   2.9999999999999951
-1   2.9999999999999996
-1   2.0000000000000027
-1   1.0000000000000002
-1   0.99999999999999978
-1   2.0000000000000013
-1   2.0000000000000031
-1   0.99999999999999978
-1   0.99999999999999978
-1   1.999999999999996
-1   1.9999999999999991
-1   0.99999999999999933
-1   2.9999999999999996
-1   0.99999999999999933
-1   2
-1   2.0000000000000009
-1   1.9999999999999996
-1   2.000000000000004
-1   1.0000000000000002
-1   1.0000000000000016
-1   1.0000000000000002
-1   1.0000000000000002
-1   1
-1   1.0000000000000009
-1   1.9999999999999973
-1   2.0000000000000084
-1   2.0000000000000022
-1   0.99999999999999911
-1   1.0000000000000009
-1   1.9999999999999982
-1   2.0000000000000027
-1   0.99999999999999978
-1   1.0000000000000009
-1   2.9999999999999996
-1   3.0000000000000058
-1   3.0000000000000009
-1   3.0000000000000058
-1   0.99999999999999933
-1   1
-1   2.0000000000000004
-1   2.0000000000000027
-1   1.0000000000000007
-1   1.0000000000000004
-1   2.0000000000000009
-1   2.0000000000000036
-1   2.0000000000000062
-1   2
-1   2.0000000000000022
-1   1
-1   1.0000000000000009
-1   2
-1   2.0000000000000018
-1   1.9999999999999951
-1   1.0000000000000002
-1   3.0000000000000004
-1   2.9999999999999973
-1   2
-1   2
-1   2
-1   2.0000000000000018
-1   0.99999999999999978
-1   0.99999999999999978
-1   2.0000000000000013
-1   2.0000000000000031
-1   2.9999999999999951
-1   1.0000000000000018
-1   1.0000000000000002
-1   2.0000000000000004
-1   2.0000000000000009
-1   1.0000000000000009
-1   1.0000000000000007
-1   1.0000000000000009
-1   1.000000000000002
-1   2.0000000000000027
-1   2.0000000000000031
-1   1
-1   1.0000000000000002
-1   1.9999999999999991
-1   2.0000000000000013
-1   1.9999999999999996
-1   2.0000000000000098
-1   2.9999999999999947
-1   3.0000000000000018
-1   2.9999999999999987
-1   3.0000000000000049
-1   1.9999999999999996
-1   0.99999999999999933
-1   1.0000000000000018
-1   1.0000000000000022
-1   1.9999999999999964
-1   2.0000000000000027
-1   2
-1   1.9999999999999982
-1   2.9999999999999902
-1   2.9999999999999987
-1   0.99999999999999978
-1   0.99999999999999978
-1   1.0000000000000018
-1   1.0000000000000002
-1   0.99999999999999933
-1   0.99999999999999978
-1   1.0000000000000016
-1   1.0000000000000016
-1   0.99999999999999911
-1   1.000000000000002
-1   1.9999999999999991
-1   1.9999999999999978
-1   2.0000000000000027
-1   1.999999999999996
-1   2.0000000000000018
-1   1.9999999999999978
-1   2.0000000000000004
-1   1.9999999999999982
-1   2.0000000000000036
-1   0.99999999999999911
-1   0.99999999999999956
-1   1.0000000000000009
-1   1.0000000000000007
-1   3.0000000000000027
-1   3
-1   1
-1   1
-1   1.0000000000000002
-1   0.99999999999999978
-1   0.99999999999999845
-1   1.9999999999999969
-1   1.9999999999999978
-1   2.9999999999999951
-1   3.0000000000000102
-1   1.9999999999999942
-1   0.99999999999999978
-1   1.0000000000000007
-1   1.9999999999999956
-1   2.0000000000000031
-1   1.9999999999999969
-1   2.0000000000000044
-1   2
-1   2.9999999999999991
-1   3.0000000000000098
-1   0.99999999999999978
-1   1.0000000000000009
-1   0.99999999999999933
-1   0.99999999999999933
-1   2.9999999999999933
-1   3.0000000000000053
-1   1.0000000000000011
-1   0.99999999999999845
-1   1.0000000000000018
-1   3.0000000000000067
-1   1.9999999999999964
-1   2.0000000000000036
-1   1.0000000000000007
-1   1.0000000000000004
-1   2
-1   2.0000000000000044
-1   0.99999999999999978
-1   1.0000000000000002
-1   2
-1   2.0000000000000062
-1   1.0000000000000007
-1   1.9999999999999973
-1   1.9999999999999987
-1   1.0000000000000002
-1   1.0000000000000009
-1   0.99999999999999889
-1   0.99999999999999978
-1   2
-1   2.0000000000000018
-1   1.0000000000000007
-1   1.0000000000000033
-1   1.9999999999999991
-1   2.0000000000000053
-1   1.9999999999999982
-1   1.0000000000000009
-1   1.0000000000000016
-1   0.99999999999999933
-1   1.0000000000000027
-1   0.99999999999999822
-1   1.0000000000000009
-1   1.0000000000000018
-1   1.999999999999996
-1   2.000000000000004
-1   2.0000000000000027
-1   2.0000000000000089
-1   1.0000000000000016
-1   1.0000000000000016
-1   2.0000000000000018
-1   2.0000000000000098
-1   0.99999999999999911
-1   1.0000000000000007
-1   1.000000000000002
-1   2.0000000000000062
-1   1.0000000000000016
-1   1.9999999999999991
-1   2
-1   2.0000000000000053
-1   1.0000000000000009
-1   0.99999999999999756
-1   1.0000000000000002
-1   1.0000000000000009
-1   1.0000000000000002
-1   1.9999999999999978
-1   1.0000000000000031
-1   1.0000000000000007
-1   1.000000000000002
-1   2
-1   2.0000000000000031
-1   1.0000000000000009
-1   1.0000000000000029
-1   2.0000000000000067
-1   1.0000000000000002
-1   1.0000000000000018
-1   2.0000000000000004
-1   2.000000000000004
-1   0.99999999999999933
-1   1.9999999999999942
-1   2.0000000000000115
-1   1.9999999999999956
-1   2.0000000000000062
-1   1.0000000000000033
-1   0.99999999999999978
-1   1.0000000000000002
-1   0.99999999999999845
-1   1.0000000000000018
-1   1.9999999999999973
-1   2.0000000000000044
-1   0.99999999999999978
-1   1.0000000000000002
-1   2
-1   1.0000000000000016
-1   1.000000000000002
-1   1.0000000000000016
-1   1.0000000000000011
-1   1.9999999999999969
-1   1.0000000000000007
-1   0.99999999999999956
-1   1.0000000000000009
-1   0.99999999999999978
-1   0.99999999999999956
-1   2.0000000000000053
-1   2.000000000000008
-1   0.99999999999999933
-1   1.0000000000000042
-1   1.0000000000000011
-1   0.99999999999999512
-1   1.0000000000000024
-1   1.0000000000000011
-1   1.9999999999999911
-1   2.0000000000000013
-1   0.99999999999999845
-1   0.99999999999999978
-1   1.9999999999999991
-1   2.0000000000000009
-1   1.0000000000000004
-1   0.99999999999999933
-1   0.99999999999999956
-1   1.0000000000000009
-1   1.9999999999999964
-1   2.0000000000000124
-1   1.9999999999999916
-1   2.0000000000000009
-1   0.99999999999999867
-1   1.0000000000000007
-1   1.9999999999999964
-1   2.0000000000000036
-1   0.999999999999998
-1   1.0000000000000009
-1   1.0000000000000036
-1   1.0000000000000007
-1   0.999999999999996
-1   1.0000000000000062
-1   0.99999999999999911
-1   1.0000000000000016
-1   1.0000000000000033
-1   1.0000000000000091
-1   2.0000000000000084
-1   2.0000000000000271
-1   1.0000000000000064
-1   1.0000000000000089
-1   2.0000000000000111
-1   0.99999999999999911
-1   1
-1   1.0000000000000091
-1   1.0000000000000016
-1   1.000000000000006
-1   1.0000000000000044
-1   1.0000000000000144
-1   1.0000000000000056
-1   1.0000000000000109
-1   1.0000000000000049
-1   1.0000000000000107
-1   1.0000000000000036
-1   1.00000000000001
-1   1.0000000000000058
-1   1.0000000000000095
-1   1.0000000000000189
-1   1.000000000000018

0   6.0000000000000133
0   5.0000000000000835
0   5.0000000000000737
0   4.0000000000001243
0   4.0000000000000853
0   4.0000000000000977
0   3.0000000000001248
0   3.0000000000000964
0   2.0000000000001235
0   2.0000000000000848
0   0
0   1.0000000000000433
0   1.0000000000000269
0   1.0000000000000442
0   5.0000000000001679
0   5.000000000000079
0   3.0000000000001168
0   3.0000000000001061
0   2.0000000000000799
0   2.0000000000000591
0   4.0000000000001021
0   4.0000000000000577
0   3.0000000000001021
0   3.0000000000000235
0   2.0000000000000604
0   2.0000000000000449
0   2.0000000000000213
0   3.0000000000000715
0   3.0000000000000555
0   4.0000000000000995
0   4.0000000000000542
0   3.0000000000000617
0   2.000000000000048
0   4.0000000000000817
0   4.0000000000000648
0   1.0000000000000264
0   1.0000000000000138
0   3.0000000000000311
0   3.0000000000000133
0   5.0000000000000453
0   5.0000000000000373
0   5.0000000000000231
0   4.0000000000000266
0   4.000000000000008
0   0
0   0
0   2.0000000000000018
0   1.9999999999999969
0   5.0000000000000542
0   5.0000000000000142
0   4.0000000000000249
0   3.00000000000002
0   1.0000000000000153
0   1.0000000000000109
0   3.000000000000028
0   1.0000000000000095
0   1.0000000000000024
0   5.0000000000000604
0   5.0000000000000036
0   1.0000000000000104
0   1
0   3.000000000000028
0   3.000000000000028
0   2.0000000000000253
0   2.0000000000000138
0   2.000000000000012
0   2.000000000000008
0   2.0000000000000107
0   2.0000000000000111
0   4.0000000000000266
0   3.9999999999999982
0   4.0000000000000266
0   4.000000000000016
0   2.0000000000000182
0   2.000000000000004
0   3.0000000000000133
0   3.0000000000000027
0   3.000000000000004
0   3
0   4.0000000000000355
0   2.000000000000008
0   2.0000000000000004
0   0
0   0
0   4.0000000000000053
0   3.9999999999999867
0   1.0000000000000016
0   0.99999999999999845
0   2.9999999999999951
0   4.0000000000000018
0   4
0   3.0000000000000115
0   3.0000000000000009
0   4.0000000000000142
0   3.999999999999992
0   2.0000000000000053
0   1.9999999999999938
0   0.999999999999996
0   0
0   4.0000000000000009
0   2.9999999999999987
0   3.0000000000000071
0   2.9999999999999978
0   1.0000000000000011
0   0.99999999999999756
0   3.0000000000000191
0   2.9999999999999925
0   1.0000000000000007
0   2.0000000000000071
0   2.0000000000000018
0   2.000000000000008
0   1.0000000000000038
0   0.99999999999999711
0   4.0000000000000027
0   4.0000000000000098
0   1.0000000000000051
0   0.99999999999999978
0   0
0   0
0   2.0000000000000018
0   1.9999999999999973
0   0
0   0
0   3.9999999999999964
0   2.9999999999999987
0   3.0000000000000058
0   3.0000000000000049
0   2.999999999999992
0   0.99999999999999956
0   1.0000000000000011
0   4.0000000000000018
0   4.0000000000000018
0   3.0000000000000062
0   2.9999999999999907
0   2.0000000000000031
0   2.000000000000008
0   2.0000000000000071
0   2.0000000000000062
0   2.000000000000004
0   1.9999999999999933
0   1.000000000000004
0   1.000000000000004
0   3.0000000000000027
0   3.0000000000000013
0   0
0   1.0000000000000029
0   1.0000000000000002
0   1.0000000000000047
0   0.99999999999999667
0   2.9999999999999867
0   3.0000000000000031
0   2.9999999999999933
0   1.0000000000000047
0   3.000000000000008
0   2.9999999999999907
0   2.0000000000000018
0   1.9999999999999991
0   1.0000000000000007
0   0.99999999999999933
0   2.0000000000000031
0   1.9999999999999991
0   2.0000000000000009
0   1.9999999999999929
0   0
0   2.0000000000000031
0   1.999999999999996
0   3
0   1.9999999999999973
0   0.99999999999999756
0   3.000000000000004
0   1.0000000000000033
0   0.99999999999999889
0   3.9999999999999947
0   3.9999999999999707
0   2.0000000000000018
0   2
0   2.0000000000000031
0   2
0   1.9999999999999991
0   1.9999999999999929
0   4.0000000000000044
0   4.0000000000000009
0   3.0000000000000009
0   3.0000000000000075
0   3.0000000000000022
0   3.0000000000000013
0   2.9999999999999831
0   3.0000000000000022
0   0
0   0
0   4.000000000000008
0   3.999999999999992
0   3.0000000000000022
0   2.9999999999999991
0   2.000000000000004
0   1.999999999999996
0   2.0000000000000084
0   2
0   1.000000000000002
0   1.0000000000000053
0   0.99999999999999312
0   2.0000000000000133
0   1.0000000000000075
0   1.0000000000000031
0   3.0000000000000182
0   2.9999999999999987
0   3.9999999999999929
0   3.0000000000000031
0   2.9999999999999969
0   3.0000000000000013
0   3.0000000000000018
0   3.0000000000000013
0   2.9999999999999973
0   3.0000000000000071
0   2.9999999999999996
0   2.0000000000000018
0   1.9999999999999991
0   2.0000000000000013
0   1.000000000000004
0   0.99999999999999667
0   2.0000000000000044
0   1.9999999999999942
0   2.0000000000000089
0   1.9999999999999973
0   0.99999999999999822
0   0.99999999999999911
0   0.99999999999999756
0   0
0   0
0   2.0000000000000027
0   2
0   3.9999999999999956
0   4
0   2.0000000000000058
0   2.0000000000000044
0   2.0000000000000093
0   1.9999999999999947
0   3.9999999999999956
0   3.0000000000000067
0   3.0000000000000062
0   2.0000000000000018
0   2.0000000000000004
0   1.9999999999999911
0   0.99999999999999978
0   0.99999999999999956
0   1.0000000000000007
0   1
0   3.0000000000000084
0   3.0000000000000027
0   1.9999999999999973
0   2
0   3.9999999999999956
0   1.0000000000000042
0   0.99999999999999667
0   0
0   0
0   0
0   0
0   2.0000000000000031
0   1.9999999999999996
0   0.99999999999999778
0   0.99999999999999889
0   1.9999999999999987
0   3.0000000000000031
0   2.9999999999999889
0   3.0000000000000027
0   2.0000000000000036
0   2.0000000000000013
0   4.0000000000000107
0   3.9999999999999991
0   1.0000000000000007
0   0.99999999999999911
0   3.000000000000016
0   3.0000000000000102
0   2.0000000000000102
0   2.0000000000000027
0   1.0000000000000002
0   0.99999999999999312
0   0
0   0
0   4.0000000000000044
0   3.9999999999999831
0   2.0000000000000044
0   1.9999999999999938
0   1.999999999999996
0   1.9999999999999996
0   1.9999999999999947
0   1.000000000000002
0   0.99999999999999822
0   2.9999999999999951
0   2.999999999999996
0   2.0000000000000013
0   3.0000000000000004
0   2.9999999999999969
0   4.0000000000000169
0   3.0000000000000027
0   3.0000000000000022
0   4.0000000000000044
0   3.9999999999999956
0   0.99999999999999933
0   1.0000000000000009
0   2.9999999999999951
0   0
0   0
0   2
0   1.9999999999999978
0   3.0000000000000027
0   2.9999999999999978
0   2.9999999999999987
0   2.9999999999999951
0   1.9999999999999987
0   1.0000000000000027
0   1.0000000000000007
0   2.9999999999999956
0   1.0000000000000018
0   0.99999999999999822
0   0
0   3.9999999999999893
0   4.0000000000000009
0   2.0000000000000062
0   1.9999999999999956
0   2.9999999999999964
0   2.9999999999999889
0   2.0000000000000075
0   1.9999999999999969
0   3.9999999999999902
0   4
0   3.0000000000000027
0   2.9999999999999964
0   3.0000000000000013
0   0.999999999999998
0   1.0000000000000009
0   1.0000000000000013
0   1.000000000000004
0   1.0000000000000013
0   1.9999999999999991
0   1.9999999999999978
0   0
0   3.0000000000000044
0   2.9999999999999969
0   1.9999999999999978
0   4.0000000000000009
0   3.9999999999999982
0   0.99999999999999911
0   0.99999999999999978
0   0
0   0.99999999999999889
0   4.0000000000000089
0   1.9999999999999996
0   3.0000000000000027
0   2.9999999999999933
0   1.0000000000000016
0   0.99999999999999978
0   1.9999999999999956
0   2.0000000000000009
0   1.0000000000000011
0   0.999999999999998
0   3.0000000000000067
0   2.0000000000000053
0   2.0000000000000027
0   2.0000000000000058
0   2.000000000000004
0   2.9999999999999969
0   0
0   1.0000000000000016
0   0.99999999999999756
0   1.0000000000000022
0   1.0000000000000007
0   1
0   0.99999999999999867
0   0
0   0
0   1.0000000000000018
0   1.0000000000000002
0   1.9999999999999996
0   2.9999999999999969
0   2.0000000000000004
0   1.9999999999999956
0   1.0000000000000002
0   0.999999999999998
0   1.0000000000000013
0   2.9999999999999991
0   3.0000000000000022
0   1.0000000000000013
0   1.0000000000000007
0   0
0   2.0000000000000009
0   1.9999999999999991
0   1.9999999999999973
0   0
0   0
0   0
0   0
0   2.0000000000000013
0   1.9999999999999996
0   0.99999999999999734
0   1.0000000000000011
0   0.999999999999998
0   1.0000000000000011
0   2.0000000000000004
0   2.0000000000000058
0   1.9999999999999987
0   2.0000000000000036
0   2.9999999999999996
0   3.0000000000000022
0   1.0000000000000002
0   0.99999999999999933
0   1.0000000000000018
0   2.0000000000000022
0   2.0000000000000009
0   2.0000000000000009
0   1.9999999999999996
0   3
0   2.9999999999999996
0   3.0000000000000022
0   0.99999999999999978
0   2.0000000000000067
0   2.9999999999999938
0   2.9999999999999987
0   2.0000000000000009
0   2.0000000000000022
0   2.0000000000000062
0   2.0000000000000004
0   0.99999999999999845
0   1.0000000000000024
0   2.0000000000000036
0   2.0000000000000075
0   0
0   0
0   3.0000000000000067
0   3.0000000000000084
0   1.9999999999999973
0   2.0000000000000036
0   1.9999999999999964
0   2
0   2.0000000000000031
0   3.0000000000000018
0   3.0000000000000044
0   3.0000000000000044
0   3.0000000000000049
0   2.9999999999999947
0   2.9999999999999991
0   0
0   0
0   2.0000000000000049
0   0
0   0
0   1.0000000000000002
0   1.0000000000000007
0   1.0000000000000007
0   1.0000000000000009
0   0
0   0
0   2.0000000000000075
0   2.0000000000000031
0   2.0000000000000036
0   0.99999999999999978
0   1.9999999999999964
0   0.99999999999999978
0   1.0000000000000022
0   2.9999999999999996
0   3.0000000000000044
0   1.9999999999999956
0   2.0000000000000027
0   0
0   0
0   0.99999999999999978
0   1.0000000000000002
0   0
0   0
0   1.0000000000000009
0   1
0   2.9999999999999969
0   3.0000000000000071
0   1
0   0
0   2.9999999999999991
0   3.0000000000000084
0   1.0000000000000018
0   1.000000000000002
0   0.99999999999999889
0   2
0   3.0000000000000009
0   3.0000000000000062
0   3.0000000000000036
0   1
0   1.0000000000000031
0   1.0000000000000016
0   1.9999999999999991
0   2.0000000000000027
0   0
0   2.0000000000000022
0   2.0000000000000004
0   2.0000000000000036
0   2.000000000000012
0   1.0000000000000007
0   1.0000000000000018
0   2.9999999999999969
0   0.99999999999999867
0   1.0000000000000029
0   0.99999999999999933
0   1.0000000000000029
0   0
0   0
0   2.0000000000000018
0   2.0000000000000009
0   2
0   2.0000000000000009
0   2.0000000000000009
0   2.0000000000000053
0   0
0   1.9999999999999991
0   2.0000000000000009
0   2.0000000000000022
0   2.0000000000000036
0   0.99999999999999978
0   2.0000000000000053
0   2.9999999999999987
0   2.9999999999999978
0   1.000000000000002
0   2.0000000000000062
0   1.9999999999999987
0   0.99999999999999845
0   1.0000000000000013
0   1.0000000000000004
0   1.0000000000000011
0   0.99999999999999889
0   1.0000000000000016
0   1.0000000000000002
0   1.0000000000000018
0   1.9999999999999982
0   3.0000000000000013
0   3.0000000000000053
0   2.0000000000000009
0   2.0000000000000022
0   0
0   0
0   1.9999999999999982
0   2
0   1.9999999999999978
0   2.0000000000000004
0   3.0000000000000018
0   3.0000000000000075
0   1.0000000000000007
0   2.9999999999999991
0   3.000000000000004
0   2.9999999999999982
0   0.99999999999999711
0   1.0000000000000027
0   3.0000000000000044
0   3.0000000000000062
0   1.9999999999999987
0   0.99999999999999822
0   1.0000000000000022
0   1.9999999999999982
0   1.9999999999999996
0   1
0   1.000000000000002
0   1.9999999999999991
0   1.9999999999999991
0   1.000000000000002
0   3.0000000000000027
0   0
0   0
0   1.0000000000000009
0   2
0   1.9999999999999987
0   2.0000000000000013
0   2.0000000000000022
0   0.99999999999999822
0   1.0000000000000018
0   0.99999999999999956
0   1.0000000000000011
0   1.0000000000000002
0   1.0000000000000018
0   2.0000000000000022
0   2.0000000000000084
0   2.0000000000000044
0   0.99999999999999489
0   1.0000000000000002
0   2.0000000000000022
0   2.0000000000000022
0   0
0   0
0   1.0000000000000011
0   1.0000000000000042
0   3.0000000000000027
0   3.0000000000000004
0   2.9999999999999996
0   3.0000000000000058
0   1.0000000000000031
0   1.0000000000000038
0   0
0   0
0   1.9999999999999916
0   2.0000000000000036
0   0.99999999999999534
0   1.000000000000002
0   0
0   2.0000000000000004
0   2.0000000000000049
0   2.0000000000000004
0   2
0   2.0000000000000027
0   0.99999999999999933
0   1.0000000000000024
0   0
0   0
0   1.9999999999999947
0   1.9999999999999969
0   1.9999999999999978
0   0.99999999999999978
0   2.9999999999999956
0   3.0000000000000102
0   1.9999999999999987
0   2.0000000000000009
0   0
0   1.9999999999999982
0   1.9999999999999964
0   0.99999999999999734
0   1.0000000000000007
0   1.9999999999999973
0   2.0000000000000022
0   2.999999999999996
0   0
0   0
0   0.99999999999999822
0   1.0000000000000029
0   1.9999999999999982
0   1.9999999999999996
0   0.99999999999999911
0   0.999999999999998
0   1.0000000000000018
0   1.0000000000000013
0   1.999999999999992
0   2.0000000000000009
0   0.99999999999999978
0   1.0000000000000024
0   1.999999999999996
0   2
0   2
0   1.9999999999999987
0   2.9999999999999889
0   3.0000000000000009
0   2.9999999999999876
0   3.000000000000008
0   1.9999999999999956
0   0.99999999999999845
0   0.99999999999999911
0   1.0000000000000024
0   2.0000000000000009
0   2.0000000000000053
0   2.0000000000000009
0   2.0000000000000036
0   2.9999999999999956
0   2.9999999999999964
0   0.99999999999999889
0   1.0000000000000038
0   0
0   1.0000000000000007
0   1.0000000000000053
0   1.0000000000000009
0   1.0000000000000024
0   0
0   0
0   1.000000000000002
0   1.0000000000000007
0   0.99999999999999978
0   0.999999999999998
0   0
0   0
0   1.9999999999999929
0   0
0   0
0   1.9999999999999982
0   2.0000000000000067
0   1.9999999999999951
0   2.0000000000000013
0   1.9999999999999973
0   2.0000000000000067
0   2.0000000000000036
0   1.9999999999999987
0   0.99999999999999623
0   1.0000000000000009
0   0
0   0
0   0.999999999999998
0   1.0000000000000016
0   2.9999999999999876
0   2.9999999999999991
0   0.99999999999999978
0   1.0000000000000018
0   1.0000000000000016
0   0.99999999999999845
0   0.99999999999999734
0   1.9999999999999973
0   1.9999999999999987
0   3.0000000000000031
0   3.000000000000012
0   1.9999999999999902
0   0.99999999999999933
0   1.0000000000000016
0   1.9999999999999956
0   1.9999999999999987
0   1.9999999999999947
0   2.0000000000000053
0   1.9999999999999942
0   0
0   0
0   2.9999999999999987
0   2.9999999999999902
0   1.0000000000000007
0   1.0000000000000011
0   0.99999999999999889
0   0.99999999999999889
0   2.9999999999999898
0   2.9999999999999978
0   1.0000000000000007
0   0.99999999999999933
0   0.99999999999999933
0   2.9999999999999925
0   1.9999999999999978
0   2.0000000000000018
0   0.99999999999999756
0   0.99999999999999822
0   1.9999999999999956
0   1.9999999999999951
0   0
0   0
0   0.99999999999999845
0   1.0000000000000022
0   2.0000000000000036
0   2
0   1.000000000000002
0   0
0   1.9999999999999996
0   2
0   0.99999999999999734
0   1.0000000000000027
0   0
0   0
0   0
0   0.99999999999999978
0   1.000000000000006
0   0
0   0
0   2.0000000000000004
0   2.0000000000000093
0   0
0   0
0   1.0000000000000029
0   1
0   1.9999999999999978
0   2.0000000000000058
0   2.000000000000008
0   0
0   0
0   1.0000000000000002
0   1.0000000000000009
0   1.0000000000000031
0   1.0000000000000051
0   0.99999999999999978
0   1.0000000000000007
0   1.0000000000000038
0   2.0000000000000089
0   2.0000000000000071
0   0
0   2.0000000000000071
0   2.0000000000000031
0   0.99999999999999556
0   1.0000000000000042
0   1.9999999999999951
0   2.0000000000000009
0   0.99999999999999578
0   0.99999999999999911
0   0
0   0
0   0.99999999999999978
0   0
0   1.9999999999999947
0   1.0000000000000031
0   2.0000000000000107
0   0
0   1.9999999999999978
0   2.0000000000000053
0   1.0000000000000038
0   0
0   0
0   0.99999999999999845
0   1.0000000000000033
0   0.99999999999999933
0   1.000000000000002
0   0
0   0
0   1.9999999999999907
0   0.999999999999998
0   0.99999999999999534
0   1.0000000000000062
0   1.9999999999999893
0   1.9999999999999973
0   0.99999999999999645
0   1.0000000000000044
0   2.0000000000000075
0   0.99999999999999467
0   1.0000000000000033
0   2.0000000000000053
0   2.000000000000008
0   1.000000000000004
0   1.9999999999999956
0   2.0000000000000044
0   1.9999999999999929
0   2.0000000000000129
0   1.0000000000000016
0   0
0   0
0   0.99999999999999689
0   1.0000000000000033
0   0
0   0
0   1.0000000000000016
0   1.0000000000000013
0   2.0000000000000071
0   2.000000000000004
0   1.0000000000000007
0   1.0000000000000009
0   1.9999999999999978
0   0.99999999999999933
0   1.0000000000000007
0   1.000000000000002
0   1.0000000000000038
0   0
0   0
0   1.9999999999999978
0   1.0000000000000004
0   1.0000000000000002
0   1.0000000000000122
0   0.99999999999999933
0   0.99999999999999711
0   1.9999999999999964
0   2.0000000000000124
0   0
0   1.0000000000000007
0   1.0000000000000024
0   0.99999999999999734
0   0.99999999999999756
0   1.0000000000000069
0   0
0   0
0   1
0   1.9999999999999969
0   1.9999999999999996
0   1.0000000000000016
0   1.0000000000000011
0   1.9999999999999925
0   2.0000000000000027
0   0
0   0
0   0.99999999999999933
0   1.0000000000000071
0   0
0   0.99999999999999756
0   0.99999999999999911
0   1.9999999999999956
0   2.0000000000000133
0   2.0000000000000027
0   2.0000000000000036
0   1.0000000000000033
0   1.0000000000000031
0   1.9999999999999991
0   1.9999999999999996
0   0.99999999999999911
0   1.0000000000000049
0   1.0000000000000004
0   1.0000000000000129
0   0
0   0
0   0
0   0
0   1.0000000000000002
0   1.000000000000008
0   1.0000000000000071
0   1.0000000000000064
0   1.0000000000000104
0   1.00000000000001
0   0
0   0
0   0
0   0
0   2.0000000000000111
0   2.0000000000000218
0   1.0000000000000051
0   1.0000000000000135
0   2.0000000000000213
0   1.0000000000000047
0   1.0000000000000104
0   1.0000000000000202
0   0
0   0
0   0
0   0.69091489930958216
0   0.17199828746757606
0   0.86874904108683015
0   0.62101118048260706
0   1.0000000000000064
0   1.0000000000000011
0   0
0   0
0   1.0000000000000162
0   1.0000000000000282
0   1.0000000000000246
0   1.0000000000000286
0   0
0   0
0   1.0000000000000131
0   1.00000000000002
0   1.0000000000000155
0   0
0   0
0   0
0   1.0000000000000151
0   1.000000000000042
0   1.0000000000000202
0   0
0   0

1   6.000000000000087
1   5.0000000000000817
1   5.0000000000000604
1   4.0000000000001146
1   4.0000000000000666
1   4.0000000000001785
1   3.0000000000001195
1   3.0000000000000706
1   2.0000000000000697
1   2.0000000000000306
1   1.0000000000000238
1   1.0000000000000089
1   1.0000000000000275
1   5.0000000000001181
1   5.000000000000079
1   3.0000000000000666
1   3.0000000000000639
1   2.0000000000000315
1   2.000000000000028
1   4.0000000000000187
1   4.0000000000000222
1   3.00000000000004
1   3.0000000000000422
1   2.0000000000000395
1   2.000000000000044
1   2.0000000000000093
1   3.0000000000000671
1   3.000000000000012
1   4.0000000000000577
1   4.0000000000000266
1   3.0000000000000102
1   2.0000000000000124
1   4.0000000000000542
1   4.0000000000000444
1   1.0000000000000071
1   1.0000000000000089
1   3.0000000000000462
1   3.0000000000000049
1   5.0000000000000426
1   5.0000000000000329
1   5.0000000000000071
1   4.00000000000004
1   4.0000000000000151
1   2.00000000000002
1   2.0000000000000124
1   5.0000000000000435
1   5.0000000000000027
1   3.999999999999992
1   3.0000000000000013
1   1.0000000000000036
1   1.0000000000000011
1   2.9999999999999996
1   1.0000000000000007
1   0.99999999999999978
1   5.0000000000000258
1   4.9999999999999751
1   1.000000000000004
1   1.0000000000000033
1   3.0000000000000169
1   3.000000000000008
1   2.0000000000000102
1   2.0000000000000027
1   2.0000000000000053
1   1.9999999999999987
1   2
1   2
1   4.0000000000000062
1   4.0000000000000036
1   4.0000000000000195
1   4.0000000000000187
1   2.000000000000004
1   1.9999999999999982
1   3.0000000000000071
1   2.9999999999999929
1   3.0000000000000129
1   2.9999999999999982
1   4.000000000000008
1   2.0000000000000129
1   2
1   4.0000000000000178
1   4.0000000000000071
1   1.0000000000000007
1   0.99999999999999911
1   3.0000000000000067
1   3.9999999999999929
1   4
1   2.9999999999999938
1   2.9999999999999942
1   4.0000000000000107
1   4
1   1.9999999999999987
1   1.9999999999999969
1   1.0000000000000002
1   4.0000000000000053
1   2.9999999999999969
1   2.9999999999999969
1   2.9999999999999987
1   0.99999999999999845
1   0.99999999999999889
1   2.9999999999999973
1   2.9999999999999845
1   1.0000000000000009
1   2.0000000000000044
1   2.0000000000000009
1   1.9999999999999996
1   1.0000000000000036
1   0.99999999999999978
1   4.0000000000000178
1   3.9999999999999849
1   1.0000000000000007
1   1.0000000000000011
1   2.000000000000004
1   1.9999999999999996
1   4.0000000000000036
1   2.9999999999999951
1   2.9999999999999862
1   3.0000000000000084
1   3.0000000000000058
1   1.0000000000000016
1   0.99999999999999734
1   3.9999999999999982
1   3.9999999999999787
1   2.9999999999999987
1   2.9999999999999973
1   1.9999999999999956
1   1.9999999999999982
1   1.9999999999999853
1   1.9999999999999951
1   2.0000000000000022
1   1.9999999999999987
1   1.0000000000000011
1   0.999999999999998
1   3.0000000000000027
1   2.9999999999999956
1   1.0000000000000011
1   0.99999999999999711
1   0.99999999999999933
1   1
1   2.9999999999999991
1   3.0000000000000044
1   3.0000000000000031
1   1.0000000000000002
1   2.9999999999999996
1   2.9999999999999991
1   2.0000000000000027
1   1.9999999999999982
1   0.99999999999999933
1   0.99999999999999889
1   1.9999999999999938
1   1.9999999999999933
1   2.0000000000000089
1   2.0000000000000031
1   1.9999999999999973
1   1.9999999999999947
1   3.0000000000000036
1   2.0000000000000022
1   0.99999999999999978
1   2.9999999999999996
1   0.99999999999999978
1   0.99999999999999778
1   3.9999999999999867
1   3.9999999999999885
1   2.0000000000000009
1   2.0000000000000027
1   2.0000000000000009
1   2
1   1.9999999999999951
1   2.0000000000000018
1   4.0000000000000027
1   3.9999999999999929
1   2.999999999999992
1   3.0000000000000089
1   3.0000000000000022
1   2.9999999999999991
1   2.999999999999996
1   2.9999999999999978
1   4.0000000000000027
1   3.9999999999999876
1   3.0000000000000107
1   2.9999999999999991
1   2.0000000000000062
1   2.0000000000000027
1   2.0000000000000044
1   2.0000000000000062
1   0.99999999999999911
1   0.99999999999999911
1   0.99999999999999911
1   1.9999999999999973
1   1.0000000000000004
1   0.99999999999999889
1   2.9999999999999925
1   2.9999999999999969
1   3.9999999999999867
1   2.9999999999999978
1   3.0000000000000004
1   2.9999999999999964
1   2.9999999999999925
1   2.9999999999999991
1   3.0000000000000004
1   2.9999999999999978
1   3.000000000000004
1   2.0000000000000009
1   1.9999999999999956
1   1.9999999999999973
1   1.0000000000000011
1   1.0000000000000007
1   2.0000000000000044
1   1.9999999999999982
1   2.0000000000000022
1   1.9999999999999973
1   0.99999999999999956
1   0.99999999999999889
1   0.99999999999999889
1   1.999999999999996
1   1.9999999999999973
1   4.000000000000008
1   4
1   1.9999999999999991
1   1.9999999999999956
1   2.0000000000000022
1   1.9999999999999947
1   3.9999999999999893
1   3.0000000000000089
1   2.9999999999999987
1   1.9999999999999991
1   1.9999999999999987
1   2.0000000000000004
1   1.0000000000000016
1   0.99999999999999956
1   0.99999999999999889
1   0.99999999999999978
1   3.0000000000000053
1   2.9999999999999978
1   2.0000000000000018
1   2.0000000000000062
1   4.0000000000000062
1   1.0000000000000002
1   0.99999999999999978
1   1.9999999999999982
1   2.0000000000000009
1   0.99999999999999978
1   1.0000000000000011
1   2.0000000000000009
1   3.0000000000000071
1   3.0000000000000013
1   3.0000000000000027
1   1.9999999999999973
1   1.9999999999999964
1   3.9999999999999973
1   3.9999999999999947
1   0.99999999999999978
1   1.0000000000000002
1   3.0000000000000018
1   3.0000000000000058
1   1.9999999999999982
1   2.0000000000000022
1   1.0000000000000002
1   1.0000000000000004
1   3.9999999999999973
1   4.0000000000000044
1   2.0000000000000049
1   1.9999999999999973
1   2.0000000000000022
1   2.0000000000000009
1   2.0000000000000018
1   0.99999999999999978
1   1
1   3.0000000000000004
1   2.9999999999999996
1   2.0000000000000009
1   3.0000000000000031
1   2.9999999999999991
1   4.0000000000000098
1   3.0000000000000013
1   3.0000000000000018
1   4.0000000000000062
1   4.0000000000000009
1   1.0000000000000009
1   0.99999999999999845
1   2.9999999999999996
1   1.999999999999996
1   2.0000000000000018
1   3.0000000000000013
1   2.9999999999999956
1   2.9999999999999956
1   2.9999999999999987
1   2.0000000000000013
1   0.99999999999999911
1   1.0000000000000009
1   2.9999999999999956
1   1.0000000000000011
1   1.0000000000000009
1   4
1   4.0000000000000071
1   2.0000000000000036
1   2.0000000000000009
1   2.9999999999999933
1   2.9999999999999973
1   2.0000000000000044
1   2.0000000000000044
1   4.0000000000000089
1   4
1   3.0000000000000036
1   3.0000000000000027
1   3.0000000000000013
1   1.0000000000000011
1   1.0000000000000007
1   1.0000000000000002
1   1.0000000000000011
1   1.0000000000000024
1   2.0000000000000031
1   2.0000000000000013
1   2.9999999999999996
1   3.0000000000000036
1   2.0000000000000013
1   4.0000000000000071
1   4.0000000000000071
1   0.99999999999999933
1   1.0000000000000007
1   1
1   4.0000000000000027
1   1.9999999999999991
1   3.0000000000000013
1   3.0000000000000084
1   1.0000000000000002
1   1.0000000000000007
1   2.0000000000000018
1   2
1   0.99999999999999889
1   1.0000000000000011
1   3.0000000000000102
1   1.9999999999999982
1   2.0000000000000009
1   2.0000000000000022
1   2.0000000000000027
1   3.0000000000000067
1   1.0000000000000009
1   1.0000000000000016
1   1.0000000000000002
1   0.99999999999999978
1   1
1   1.0000000000000016
1   1.0000000000000011
1   1.0000000000000007
1   2.0000000000000009
1   2.9999999999999982
1   2.0000000000000027
1   2.0000000000000049
1   0.99999999999999911
1   1.0000000000000002
1   1.0000000000000002
1   2.9999999999999973
1   3.0000000000000013
1   1.0000000000000002
1   0.99999999999999978
1   2
1   2
1   2.0000000000000018
1   2.0000000000000022
1   2.0000000000000044
1   0.99999999999999933
1   0.99999999999999889
1   0.99999999999999978
1   1.0000000000000002
1   1.9999999999999996
1   2.0000000000000004
1   1.9999999999999996
1   2.0000000000000027
1   2.9999999999999991
1   3.0000000000000049
1   0.99999999999999978
1   1.0000000000000004
1   1.000000000000002
1   2.0000000000000036
1   2.0000000000000027
1   1.9999999999999982
1   2.0000000000000009
1   2.9999999999999987
1   3.0000000000000022
1   3.0000000000000115
1   1.0000000000000007
1   2
1   3.0000000000000013
1   3.0000000000000031
1   2.0000000000000018
1   2.0000000000000031
1   1.9999999999999996
1   1.9999999999999996
1   1.0000000000000011
1   1.0000000000000007
1   2.0000000000000027
1   2.0000000000000018
1   3.0000000000000027
1   3.0000000000000013
1   2.0000000000000018
1   1.9999999999999996
1   1.9999999999999991
1   2
1   1.9999999999999982
1   2.9999999999999951
1   3.0000000000000009
1   2.9999999999999973
1   3.0000000000000009
1   3.0000000000000031
1   3.000000000000004
1   2.0000000000000018
1   1
1   0.99999999999999978
1   0.99999999999999933
1   1.0000000000000007
1   2.0000000000000018
1   2.0000000000000009
1   2.0000000000000018
1   0.99999999999999978
1   2.0000000000000053
1   0.99999999999999978
1   1.0000000000000007
1   2.9999999999999987
1   3.0000000000000031
1   1.9999999999999978
1   2.0000000000000018
1   1.0000000000000009
1   1.0000000000000002
1   1
1   0.99999999999999956
1   2.9999999999999991
1   2.9999999999999982
1   1.0000000000000007
1   2.9999999999999996
1   3.0000000000000093
1   0.99999999999999978
1   1.0000000000000002
1   1
1   1.9999999999999991
1   3.0000000000000013
1   2.9999999999999991
1   3.0000000000000058
1   1.0000000000000011
1   1.0000000000000009
1   1.0000000000000007
1   2.0000000000000013
1   2
1   2.0000000000000036
1   2.0000000000000044
1   1.9999999999999982
1   2.0000000000000022
1   0.99999999999999978
1   1.0000000000000002
1   3.0000000000000004
1   1.0000000000000011
1   1.0000000000000011
1   1.0000000000000004
1   1.0000000000000011
1   1.9999999999999991
1   1.9999999999999991
1   2
1   2.0000000000000022
1   2.0000000000000018
1   2.0000000000000049
1   2.0000000000000027
1   2.0000000000000013
1   2.0000000000000018
1   2.0000000000000022
1   1.0000000000000002
1   1.9999999999999991
1   3.0000000000000013
1   3.0000000000000044
1   1.0000000000000007
1   2.0000000000000018
1   2
1   1.0000000000000007
1   1.0000000000000007
1   1
1   1.0000000000000011
1   1.0000000000000004
1   1.0000000000000011
1   1.0000000000000002
1   1.0000000000000007
1   2.0000000000000018
1   2.9999999999999925
1   2.9999999999999987
1   1.9999999999999978
1   2.0000000000000027
1   2
1   2.0000000000000018
1   2.0000000000000009
1   2
1   2.9999999999999982
1   3.0000000000000004
1   1
1   2.9999999999999991
1   3.0000000000000058
1   2.9999999999999996
1   0.99999999999999911
1   1
1   3.0000000000000004
1   3.0000000000000013
1   2.0000000000000013
1   1.0000000000000002
1   1.0000000000000007
1   1.9999999999999964
1   1.9999999999999982
1   1
1   1.0000000000000002
1   1.9999999999999991
1   2.0000000000000022
1   0.99999999999999933
1   3.0000000000000036
1   0.99999999999999933
1   1.9999999999999938
1   2
1   2.0000000000000022
1   2.0000000000000027
1   1.0000000000000011
1   1.0000000000000009
1   1.0000000000000002
1   1.0000000000000007
1   0.99999999999999933
1   0.99999999999999933
1   1.9999999999999964
1   2
1   2.0000000000000044
1   1.0000000000000007
1   1.0000000000000024
1   2.0000000000000022
1   2.0000000000000031
1   0.99999999999999933
1   1.0000000000000016
1   2.9999999999999942
1   3.0000000000000013
1   2.9999999999999991
1   3.0000000000000013
1   0.99999999999999933
1   1
1   2
1   1.9999999999999996
1   0.99999999999999933
1   0.99999999999999978
1   1.9999999999999996
1   2.0000000000000018
1   1.9999999999999969
1   2.0000000000000018
1   2.0000000000000049
1   0.99999999999999956
1   1.0000000000000011
1   2.0000000000000004
1   2.0000000000000018
1   2
1   1.0000000000000009
1   2.9999999999999951
1   2.9999999999999996
1   1.9999999999999991
1   1.9999999999999973
1   1.9999999999999987
1   2.0000000000000013
1   0.99999999999999933
1   0.99999999999999978
1   1.9999999999999982
1   1.9999999999999996
1   2.9999999999999964
1   0.99999999999999933
1   1.0000000000000002
1   1.999999999999996
1   2.0000000000000084
1   0.99999999999999978
1   1.0000000000000018
1   1.0000000000000007
1   0.99999999999999978
1   1.999999999999996
1   2.0000000000000018
1   1
1   1.0000000000000002
1   1.9999999999999982
1   1.9999999999999969
1   1.9999999999999942
1   2.0000000000000049
1   2.9999999999999978
1   3.0000000000000058
1   3.0000000000000031
1   3.0000000000000013
1   2.0000000000000022
1   1
1   0.99999999999999978
1   1.0000000000000009
1   1.9999999999999987
1   1.9999999999999991
1   2.0000000000000009
1   2.0000000000000044
1   2.999999999999992
1   3.0000000000000004
1   1
1   1.0000000000000009
1   1
1   1.0000000000000011
1   1
1   0.99999999999999933
1   1.000000000000002
1   0.99999999999999978
1   0.99999999999999867
1   0.99999999999999978
1   1.999999999999996
1   1.9999999999999991
1   2.0000000000000022
1   1.9999999999999973
1   1.9999999999999973
1   1.9999999999999996
1   2.0000000000000036
1   1.9999999999999947
1   1.9999999999999978
1   0.99999999999999845
1   1.0000000000000007
1   0.99999999999999933
1   1.0000000000000011
1   2.9999999999999969
1   3.0000000000000018
1   0.99999999999999933
1   1.0000000000000002
1   1.0000000000000007
1   1
1   1.0000000000000016
1   2
1   2.0000000000000049
1   2.9999999999999978
1   3.000000000000004
1   2.0000000000000009
1   0.99999999999999911
1   1.0000000000000002
1   2.0000000000000009
1   2.0000000000000018
1   1.9999999999999973
1   2.0000000000000053
1   2.0000000000000036
1   2.9999999999999969
1   2.9999999999999996
1   1.0000000000000002
1   1.0000000000000007
1   0.99999999999999845
1   1.0000000000000016
1   2.9999999999999907
1   2.9999999999999956
1   0.99999999999999933
1   1
1   1.0000000000000027
1   2.9999999999999929
1   1.9999999999999982
1   2.000000000000004
1   0.99999999999999889
1   0.99999999999999889
1   1.9999999999999996
1   2.0000000000000027
1   0.99999999999999845
1   1.0000000000000002
1   1.9999999999999964
1   2.0000000000000044
1   1.0000000000000007
1   1.9999999999999933
1   2.000000000000008
1   0.99999999999999911
1   1.000000000000002
1   0.99999999999999933
1   0.99999999999999956
1   2.0000000000000022
1   2.0000000000000022
1   0.99999999999999756
1   1.0000000000000002
1   1.9999999999999938
1   1.9999999999999964
1   1.9999999999999982
1   0.99999999999999845
1   1.0000000000000009
1   0.999999999999998
1   0.99999999999999978
1   0.99999999999999889
1   1.0000000000000002
1   1.0000000000000047
1   1.9999999999999942
1   1.9999999999999987
1   2.0000000000000089
1   2.0000000000000022
1   0.99999999999999756
1   0.99999999999999978
1   1.9999999999999898
1   2
1   0.99999999999999867
1   0.99999999999999889
1   0.99999999999999756
1   2.0000000000000018
1   0.99999999999999778
1   2.0000000000000018
1   2.0000000000000018
1   2
1   1.0000000000000033
1   0.99999999999999933
1   1.0000000000000007
1   0.999999999999998
1   1.000000000000002
1   2.0000000000000018
1   0.99999999999999845
1   0.99999999999999978
1   1.0000000000000018
1   2.0000000000000009
1   2.0000000000000084
1   0.999999999999998
1   1.0000000000000024
1   1.9999999999999996
1   1.0000000000000007
1   1.0000000000000011
1   1.9999999999999973
1   2.0000000000000013
1   0.99999999999999933
1   1.9999999999999938
1   1.9999999999999978
1   1.9999999999999987
1   2.0000000000000013
1   0.99999999999999911
1   0.99999999999999822
1   0.99999999999999956
1   0.999999999999998
1   1.0000000000000002
1   1.9999999999999987
1   2.000000000000008
1   0.99999999999999845
1   1.0000000000000007
1   1.9999999999999929
1   1.0000000000000002
1   1.0000000000000002
1   0.999999999999998
1   0.99999999999999822
1   2.0000000000000115
1   1.0000000000000002
1   0.99999999999999978
1   0.99999999999999889
1   1.0000000000000016
1   0.99999999999999756
1   2.0000000000000036
1   2.0000000000000142
1   0.99999999999999867
1   1.0000000000000011
1   1.000000000000006
1   0.99999999999999911
1   1.0000000000000011
1   0.99999999999999711
1   2.0000000000000022
1   2.0000000000000027
1   1.0000000000000004
1   1.0000000000000018
1   2.0000000000000053
1   2.0000000000000071
1   0.99999999999999911
1   1.0000000000000036
1   1.0000000000000013
1   1.0000000000000036
1   2.0000000000000013
1   2
1   2
1   2.0000000000000049
1   0.99999999999999911
1   1.0000000000000018
1   1.9999999999999991
1   2.000000000000008
1   1.0000000000000018
1   1.0000000000000022
1   0.99999999999999867
1   1.0000000000000002
1   1.0000000000000016
1   1.0000000000000058
1   0.99999999999999845
1   1.0000000000000009
1   1.0000000000000064
1   1.0000000000000071
1   2.0000000000000098
1   2.0000000000000231
1   1.0000000000000022
1   1.00000000000001
1   2.0000000000000075
1   1.0000000000000038
1   1.0000000000000018
1   1.0000000000000062
1   1.0000000000000033
1   1.000000000000002
1   1.0000000000000024
1   1.0000000000000158
1   1.0000000000000042
1   1.000000000000008
1   1.0000000000000098
1   1.0000000000000133
1   1.0000000000000062
1   1.0000000000000078
1   1.0000000000000091
1   1.00000000000001
1   1.0000000000000133
1   1.0000000000000187

2   6.0000000000000631
2   5.0000000000000986
2   5.0000000000000728
2   4.0000000000000888
2   4.0000000000000391
2   4.0000000000000586
2   3.0000000000000355
2   3.0000000000000231
2   2.0000000000000169
2   2.0000000000000062
2   5.0000000000000622
2   5.000000000000048
2   3.0000000000000244
2   3.0000000000000182
2   2.0000000000000036
2   2.0000000000000027
2   4.0000000000000071
2   4.0000000000000018
2   3.0000000000000187
2   3
2   2.0000000000000084
2   2.0000000000000062
2   2.0000000000000053
2   3.00000000000002
2   3.0000000000000036
2   4.0000000000000231
2   4.0000000000000036
2   3.0000000000000044
2   2.0000000000000022
2   4.0000000000000151
2   4.0000000000000204
2   3.0000000000000187
2   3.0000000000000089
2   5
2   5.0000000000000151
2   4.9999999999999822
2   4.0000000000000089
2   4.0000000000000036
2   2.0000000000000027
2   2.0000000000000004
2   5.0000000000000036
2   5.0000000000000071
2   3.9999999999999964
2   3.0000000000000049
2   2.9999999999999973
2   4.9999999999999982
2   5.0000000000000036
2   3.0000000000000027
2   3.000000000000004
2   2.0000000000000004
2   1.9999999999999987
2   2.0000000000000004
2   2
2   2.0000000000000027
2   1.9999999999999978
2   4.0000000000000044
2   3.9999999999999991
2   3.9999999999999982
2   3.9999999999999964
2   1.9999999999999991
2   1.9999999999999991
2   3.0000000000000027
2   3.0000000000000004
2   2.9999999999999996
2   2.9999999999999925
2   4.000000000000008
2   2.0000000000000009
2   1.9999999999999996
2   4.0000000000000071
2   3.9999999999999938
2   3.0000000000000049
2   4.0000000000000107
2   3.9999999999999973
2   3.0000000000000062
2   3.0000000000000093
2   4.0000000000000089
2   3.9999999999999991
2   2.0000000000000013
2   2.0000000000000009
2   3.999999999999992
2   3.0000000000000067
2   3.0000000000000036
2   3.0000000000000013
2   3.0000000000000067
2   2.9999999999999987
2   2
2   2
2   1.9999999999999991
2   3.9999999999999947
2   3.9999999999999929
2   2.0000000000000018
2   2.0000000000000013
2   3.9999999999999991
2   3.0000000000000115
2   2.9999999999999964
2   3
2   3.0000000000000044
2   4.0000000000000098
2   4.000000000000008
2   3.000000000000004
2   2.9999999999999996
2   2.0000000000000009
2   2.0000000000000027
2   2.0000000000000018
2   2.0000000000000009
2   2.0000000000000013
2   2
2   3.0000000000000036
2   2.9999999999999951
2   3.0000000000000027
2   2.9999999999999982
2   3.0000000000000009
2   3.0000000000000013
2   2.9999999999999991
2   2.0000000000000004
2   2.0000000000000009
2   2.0000000000000009
2   1.9999999999999996
2   2.0000000000000009
2   2.0000000000000004
2   2.0000000000000018
2   2.0000000000000009
2   3.0000000000000031
2   2.0000000000000009
2   3.0000000000000044
2   4.0000000000000036
2   3.9999999999999991
2   2
2   1.9999999999999991
2   2.0000000000000009
2   1.9999999999999996
2   2.0000000000000022
2   2
2   4.000000000000008
2   4.0000000000000053
2   2.9999999999999987
2   2.9999999999999996
2   3.0000000000000018
2   3.0000000000000022
2   2.9999999999999956
2   3.0000000000000018
2   3.9999999999999991
2   4.0000000000000044
2   3.0000000000000027
2   3.000000000000004
2   2.0000000000000009
2   1.9999999999999982
2   2.0000000000000013
2   1.9999999999999991
2   2
2   3.0000000000000022
2   3
2   4.0000000000000027
2   3.0000000000000022
2   3.0000000000000022
2   3.0000000000000036
2   3.0000000000000009
2   3
2   3.0000000000000013
2   3.0000000000000075
2   2.9999999999999978
2   2.0000000000000027
2   2.0000000000000004
2   2.0000000000000013
2   2.0000000000000013
2   2.0000000000000013
2   2.0000000000000009
2   2
2   2.0000000000000004
2   1.9999999999999987
2   4.0000000000000018
2   4.0000000000000036
2   1.9999999999999991
2   1.9999999999999987
2   2.0000000000000009
2   2
2   3.9999999999999991
2   3.0000000000000004
2   2.9999999999999996
2   2.0000000000000004
2   2.0000000000000009
2   2.0000000000000018
2   2.9999999999999991
2   3.0000000000000004
2   2.0000000000000004
2   2
2   3.9999999999999929
2   2
2   1.9999999999999991
2   2
2   3.000000000000004
2   3.0000000000000009
2   3.0000000000000013
2   2.0000000000000013
2   1.9999999999999996
2   4.0000000000000036
2   3.9999999999999938
2   3.000000000000004
2   2.9999999999999973
2   2.0000000000000009
2   2.0000000000000009
2   4.0000000000000009
2   3.9999999999999982
2   2.0000000000000009
2   1.9999999999999991
2   1.9999999999999982
2   1.9999999999999996
2   1.9999999999999996
2   3.0000000000000049
2   3.0000000000000022
2   2.0000000000000009
2   3.0000000000000115
2   3
2   4.0000000000000044
2   3.0000000000000013
2   3.0000000000000004
2   4.0000000000000036
2   4.0000000000000036
2   2.9999999999999987
2   2
2   2.0000000000000009
2   3.0000000000000031
2   3.0000000000000036
2   3.0000000000000027
2   3.0000000000000009
2   2
2   3.0000000000000071
2   3.9999999999999973
2   3.9999999999999964
2   2
2   1.9999999999999991
2   3.0000000000000018
2   2.9999999999999973
2   2
2   1.9999999999999996
2   4.0000000000000036
2   3.9999999999999964
2   3.0000000000000013
2   2.9999999999999996
2   3.0000000000000004
2   2.0000000000000004
2   1.9999999999999991
2   3.0000000000000009
2   3.0000000000000018
2   1.9999999999999991
2   4.0000000000000036
2   4.0000000000000018
2   3.9999999999999956
2   2
2   3.0000000000000022
2   3.0000000000000004
2   2
2   2.0000000000000009
2   3.0000000000000009
2   2
2   1.9999999999999996
2   2
2   2.0000000000000009
2   2.9999999999999987
2   2.0000000000000009
2   3.0000000000000013
2   2.0000000000000009
2   2.0000000000000018
2   3.0000000000000004
2   3.0000000000000027
2   2
2   2.0000000000000009
2   2
2   1.9999999999999991
2   2.0000000000000009
2   2
2   2.0000000000000004
2   1.9999999999999991
2   2
2   3.0000000000000009
2   3.0000000000000018
2   1.9999999999999996
2   2.0000000000000027
2   2
2   2.0000000000000018
2   3.0000000000000009
2   3.0000000000000004
2   3.0000000000000009
2   2.0000000000000004
2   3.0000000000000013
2   3.0000000000000036
2   2
2   2.0000000000000013
2   2.0000000000000004
2   2
2   2.0000000000000004
2   2
2   3.0000000000000009
2   2.9999999999999996
2   2.0000000000000027
2   2.0000000000000009
2   2.0000000000000009
2   2.0000000000000009
2   2.0000000000000009
2   3.0000000000000009
2   3.0000000000000027
2   3.0000000000000022
2   3.0000000000000031
2   3.0000000000000004
2   3.0000000000000031
2   2
2   2.0000000000000009
2   1.9999999999999996
2   2.0000000000000009
2   2
2   2.9999999999999996
2   2.9999999999999991
2   2.0000000000000009
2   2.0000000000000027
2   2.9999999999999969
2   3.0000000000000022
2   3.0000000000000022
2   3.0000000000000013
2   2.0000000000000009
2   3.0000000000000013
2   3.000000000000004
2   2.9999999999999996
2   2.0000000000000009
2   2.0000000000000004
2   1.9999999999999991
2   2
2   1.9999999999999996
2   2.0000000000000013
2   2.9999999999999973
2   2.0000000000000018
2   2.0000000000000018
2   2
2   2.0000000000000013
2   1.9999999999999987
2   2
2   1.9999999999999991
2   2
2   1.9999999999999991
2   1.9999999999999996
2   2
2   2.9999999999999991
2   3.0000000000000009
2   2.0000000000000018
2   1.9999999999999987
2   2
2   3.0000000000000009
2   3.000000000000004
2   2
2   2
2   2.0000000000000009
2   2.0000000000000018
2   2.0000000000000013
2   2.0000000000000009
2   3.0000000000000009
2   3.000000000000004
2   3.0000000000000009
2   3.0000000000000022
2   2.9999999999999973
2   3.0000000000000013
2   3.0000000000000031
2   1.9999999999999996
2   1.9999999999999991
2   2.0000000000000009
2   1.9999999999999996
2   1.9999999999999996
2   3.0000000000000044
2   2.0000000000000004
2   2
2   1.9999999999999996
2   2.0000000000000004
2   1.9999999999999991
2   2.0000000000000009
2   1.9999999999999996
2   2
2   2.0000000000000004
2   3
2   3.0000000000000027
2   2.999999999999996
2   3.0000000000000071
2   2
2   2.0000000000000018
2   2.0000000000000009
2   2.0000000000000013
2   2
2   2
2   2.0000000000000009
2   2
2   2.0000000000000009
2   1.9999999999999991
2   2.9999999999999978
2   3.0000000000000018
2   2
2   2.0000000000000004
2   1.9999999999999982
2   2.0000000000000004
2   1.9999999999999991
2   2.0000000000000004
2   3.0000000000000031
2   2
2   2
2   2
2   1.9999999999999991
2   2.0000000000000004
2   2.0000000000000027
2   2.0000000000000009
2   2.0000000000000027
2   2.9999999999999956
2   2.9999999999999996
2   2.999999999999996
2   2.9999999999999996
2   2.0000000000000004
2   1.9999999999999996
2   2.0000000000000009
2   2.0000000000000004
2   2.0000000000000009
2   2.9999999999999996
2   3.0000000000000044
2   2
2   1.9999999999999996
2   2.0000000000000009
2   2.0000000000000009
2   2.0000000000000009
2   2
2   2.0000000000000027
2   2
2   2
2   3.0000000000000022
2   3.0000000000000022
2   1.9999999999999996
2   1.9999999999999996
2   2.9999999999999978
2   3.0000000000000018
2   1.9999999999999996
2   2
2   2.0000000000000004
2   2.0000000000000009
2   2.0000000000000022
2   1.9999999999999982
2   3.0000000000000062
2   3.0000000000000036
2   3.0000000000000067
2   3.0000000000000022
2   2.9999999999999991
2   2
2   1.9999999999999991
2   2
2   2.0000000000000009
2   1.9999999999999978
2   2.0000000000000004
2   1.9999999999999987
2   1.9999999999999991
2   2.0000000000000009
2   1.9999999999999991
2   2.0000000000000004
2   2.0000000000000009
2   2.0000000000000027
2   1.9999999999999982
2   2.0000000000000013
2   1.9999999999999978
2   2.0000000000000018
2   1.9999999999999991
2   1.9999999999999996
2   2.0000000000000009
2   1.9999999999999991
2   2.0000000000000013
2   2.0000000000000018
2   1.9999999999999996
2   2.0000000000000013
2   2.0000000000000044
2   2.0000000000000031
2   2.0000000000000009
2   2.0000000000000018
2   2.0000000000000049
2   2.0000000000000031
2   2.0000000000000049
2   2.0000000000000044
2   2.0000000000000004
2   2.0000000000000027
2   2.0000000000000009
2   2.0000000000000058
2   2.0000000000000049
2   2.0000000000000084
2   2.0000000000000022
2   2.0000000000000089
2   2.0000000000000071
2   2.0000000000000071
2   2.0000000000000018
2   2.000000000000004
2   2.0000000000000053
2   2.0000000000000062
2   2.0000000000000009
2   2.000000000000004
2   2.000000000000008
2   2.0000000000000111
2   2.0000000000000124

3   6.0000000000000089
3   5.0000000000000471
3   5.0000000000000426
3   4.0000000000000417
3   4.0000000000000178
3   4.0000000000000302
3   3.0000000000000115
3   3.0000000000000027
3   5.0000000000000151
3   5.0000000000000071
3   2.9999999999999996
3   3.0000000000000009
3   3.9999999999999982
3   3.9999999999999964
3   3.0000000000000009
3   3.0000000000000009
3   3.0000000000000013
3   3.0000000000000009
3   4.0000000000000027
3   3.9999999999999973
3   3.0000000000000018
3   4.0000000000000107
3   4.0000000000000027
3   3.0000000000000013
3   3.0000000000000013
3   4.9999999999999991
3   4.9999999999999964
3   4.9999999999999929
3   4.0000000000000071
3   4.0000000000000009
3   5.0000000000000151
3   5.0000000000000027
3   4
3   3.0000000000000004
3   2.9999999999999991
3   4.9999999999999982
3   4.9999999999999982
3   3.0000000000000004
3   2.9999999999999991
3   4.0000000000000009
3   4
3   4.0000000000000027
3   4.0000000000000027
3   3.0000000000000004
3   2.9999999999999987
3   3.0000000000000009
3   3.0000000000000004
3   3.9999999999999982
3   4.0000000000000036
3   4.0000000000000009
3   3.0000000000000009
3   3.9999999999999982
3   4
3   3.0000000000000004
3   3
3   4.0000000000000027
3   4
3   3.9999999999999991
3   2.9999999999999996
3   3
3   3.0000000000000004
3   3.0000000000000009
3   2.9999999999999991
3   3.9999999999999938
3   3.9999999999999964
3   3.9999999999999938
3   3.0000000000000009
3   2.9999999999999996
3   3.0000000000000013
3   3.0000000000000013
3   3.9999999999999982
3   3.9999999999999982
3   3.0000000000000009
3   2.9999999999999996
3   2.9999999999999991
3   2.9999999999999996
3   3.0000000000000009
3   3.0000000000000009
3   3.0000000000000004
3   3.0000000000000022
3   3.0000000000000004
3   3.0000000000000009
3   3.0000000000000004
3   4.0000000000000018
3   3.9999999999999973
3   4
3   4.0000000000000009
3   2.9999999999999996
3   3.0000000000000018
3   3.0000000000000009
3   3.0000000000000004
3   2.9999999999999996
3   2.9999999999999996
3   3.9999999999999982
3   3.9999999999999973
3   3.0000000000000009
3   2.9999999999999991
3   3.0000000000000009
3   2.9999999999999991
3   4.0000000000000018
3   3.0000000000000009
3   3.0000000000000004
3   3.0000000000000018
3   2.9999999999999996
3   3.0000000000000004
3   3.0000000000000004
3   3.0000000000000004
3   2.9999999999999996
3   3.9999999999999982
3   4
3   4.0000000000000018
3   3
3   3.0000000000000004
3   3.0000000000000004
3   3.0000000000000004
3   4.0000000000000009
3   3.0000000000000004
3   2.9999999999999996
3   3
3   4
3   4
3   3.0000000000000004
3   3
3   4
3   4
3   3.0000000000000009
3   2.9999999999999996
3   3.0000000000000004
3   2.9999999999999996
3   4.0000000000000009
3   3.0000000000000018
3   3
3   4
3   3.9999999999999991
3   3.0000000000000009
3   3
3   2.9999999999999996
3   3
3   2.9999999999999996
3   3
3   4.0000000000000062
3   4.0000000000000009
3   3.0000000000000009
3   3
3   4.0000000000000027
3   4.0000000000000027
3   3.0000000000000004
3   3.0000000000000004
3   3
3   3.0000000000000022
3   3.0000000000000004
3   4.0000000000000044
3   4.0000000000000018
3   4.0000000000000036
3   2.9999999999999996
3   2.9999999999999991
3   3.0000000000000013
3   3.0000000000000013
3   3
3   2.9999999999999978
3   3.0000000000000009
3   3
3   2.9999999999999996
3   3.0000000000000004
3   3
3   3.0000000000000004
3   3.0000000000000004
3   3.0000000000000027
3   3
3   3.0000000000000009
3   3.0000000000000004
3   3.0000000000000013
3   3
3   3.0000000000000013
3   2.9999999999999987
3   3.0000000000000009
3   3.0000000000000004
3   3.0000000000000009
3   2.9999999999999996
3   2.9999999999999996
3   3.0000000000000009
3   3.0000000000000004
3   2.9999999999999991
3   3
3   3
3   3
3   3.0000000000000009
3   3.0000000000000022
3   2.9999999999999991
3   3.0000000000000013
3   2.9999999999999996
3   3
3   2.9999999999999991
3   3.0000000000000009
3   3.0000000000000009
3   2.9999999999999987
3   3.0000000000000009
3   2.9999999999999991
3   2.9999999999999996
3   3
3   2.9999999999999987
3   3.0000000000000022
3   2.9999999999999987
3   3.0000000000000018
3   3.0000000000000009
3   3.0000000000000004
3   3.0000000000000018
3   3.0000000000000004
3   3.0000000000000027
3   3
3   3.0000000000000004
3   2.9999999999999996
3   3.0000000000000018
3   3.0000000000000013
3   3.0000000000000009
3   3.0000000000000031
3   3.0000000000000031
3   3.0000000000000036
3   3.0000000000000044
3   3.000000000000004

4   6.0000000000000151
4   5.0000000000000204
4   4.9999999999999982
4   4.0000000000000062
4   4.0000000000000018
4   4.0000000000000053
4   5.0000000000000062
4   5.0000000000000009
4   3.9999999999999982
4   3.9999999999999991
4   4.0000000000000018
4   4.0000000000000009
4   4
4   4
4   5.0000000000000018
4   5
4   4.9999999999999991
4   4
4   4
4   5
4   4.9999999999999991
4   4
4   5
4   4.9999999999999973
4   4
4   4
4   4
4   4
4   4
4   4.0000000000000009
4   4
4   4.0000000000000009
4   4
4   4
4   4
4   4
4   4
4   4
4   4
4   4
4   3.9999999999999982
4   4
4   4
4   4
4   4.0000000000000009
4   4
4   4
4   4.0000000000000009
4   4
4   4.0000000000000009
4   4
4   4.0000000000000009
4   4.0000000000000009
4   4
4   4
4   4
4   4
4   4
4   4
4   3.9999999999999991
4   4
4   4
4   4
4   4
4   3.9999999999999991
4   4

5   5.9999999999999991
5   5
5   5
5   5.0000000000000009
5   5
5   5
5   5
5   5
5   5
5   5
5   5
5   4.9999999999999991

6   6

