-6   6

-5   6
-5   5
-5   5
-5   5
-5   5
-5   5
-5   5
-5   5
-5   5
-5   5
-5   5
-5   5

-4   4.9903973800052199
-4   4.7381424817872286
-4   4.7381424817872206
-4   4.3754936514275267
-4   4.3754936514275213
-4   4.1744104111510056
-4   4.1744104111510065
-4   4.074832237914376
-4   4.0748322379143751
-4   4.0202235712633856
-4   4.0202235712633847
-4   4.0000000000000027
-4   5.1446041778551272
-4   4.2651324007340712
-4   4.265132400734073
-4   4.1249052872956389
-4   4.1249052872956335
-4   4.6530696355678556
-4   4.5082654719087687
-4   4.508265471908766
-4   4.1484540419415357
-4   4.148454041941533
-4   4.276893959216383
-4   4.2768939592163822
-4   4.03588089067709
-4   4.5519532811062167
-4   4.5519532811062193
-4   4.0331793645159539
-4   4.0331793645159539
-4   4.7219071357623044
-4   4.7219071357623017
-4   4.5027051488995244
-4   4.5027051488995227
-4   4.6274015714848833
-4   4.6274015714848842
-4   4.3877843367678224
-4   4.0456373491757764
-4   4.0456373491757711
-4   4.0000000000000009
-4   4.0057208759389065
-4   4.0057208759389047
-4   4.0062985427202262
-4   4.0062985427202262
-4   4.0172553675228118
-4   4.0024468982852222
-4   4.0024468982852213
-4   4.0317530627532774
-4   4.0317530627532774
-4   4.0173306730838192
-4   4.0173306730838192
-4   4.0061555241952895
-4   4.0060462812307582
-4   4.0060462812307582
-4   4.0000000000000018
-4   4.0011647812520641
-4   4.0011647812520632
-4   4.0001577885310944
-4   4.0001577885310935
-4   4.0003365237981079
-4   4.0000410931288801
-4   4.0000410931288792
-4   4.0001342540532647
-4   4.0001342540532647
-4   4.0013711788831978
-4   4.0013711788831978
-4   4.0012376017844122

-3   4.0648946969881035
-3   3.9675048345400539
-3   3.9675048345400539
-3   3.735010619475192
-3   3.7350106194751884
-3   3.4770575192351623
-3   3.4770575192351627
-3   3.2725121699592035
-3   3.2725121699591986
-3   3.1488601159155669
-3   3.1488601159155656
-3   3.1081748358746792
-3   4.7373967973310522
-3   4.152044410124617
-3   4.1520444101246063
-3   3.6187989274881902
-3   3.6187989274881858
-3   3.3622523381777634
-3   3.3622523381777594
-3   3.4316453936883433
-3   3.4316453936883389
-3   3.5825120560904686
-3   3.582512056090466
-3   3.6502285032644055
-3   3.3826979789640763
-3   3.3826979789640732
-3   3.9873686968707283
-3   3.9873686968707203
-3   3.0000000000000013
-3   4.4295516458075932
-3   3.7317982808219767
-3   3.7317982808219723
-3   3.7879575177008666
-3   3.7497804778478621
-3   3.7497804778478612
-3   3.7008365711757101
-3   3.7008365711757092
-3   3.1875893624969907
-3   3.1875893624969884
-3   4.176831416795566
-3   4.1768314167955571
-3   3.5962159555035367
-3   3.5962159555035313
-3   3.7264662636101553
-3   3.7264662636101535
-3   3.7534843500663087
-3   3.7534843500662953
-3   3.5497634565255316
-3   3.5497634565255236
-3   3.1312857367502032
-3   3.1312857367502023
-3   3.4602833177855712
-3   3.4571301157822623
-3   3.457130115782264
-3   3.9193056928693455
-3   3.9193056928693411
-3   3.5458735596857451
-3   3.9248169659923517
-3   3.92481696599235
-3   3.0000000000000013
-3   3.4889397871461441
-3   3.0782121850528141
-3   3.0782121850528106
-3   3.556216811319171
-3   3.556216811319171
-3   3.9963108533149629
-3   3.9963108533149621
-3   3.895930021630079
-3   3.8959300216300736
-3   3.86102862489538
-3   3.6103766213190447
-3   3.6103766213190429
-3   3.3670090449822405
-3   3.3670090449822365
-3   3.4946747971756333
-3   3.4946747971756298
-3   3.2638738347368266
-3   3.2638738347368212
-3   3.7526856362958316
-3   3.5601950256314936
-3   3.3612328642723468
-3   3.3612328642723508
-3   3.112245697412904
-3   3.1122456974129054
-3   3.9182627715975595
-3   3.3971233751804348
-3   3.3971233751804286
-3   3.3722376024862006
-3   3.372237602486198
-3   3.4419071408340631
-3   3.5056820820395371
-3   3.2537010951974339
-3   3.2537010951974339
-3   3.2288192800947968
-3   3.228819280094799
-3   3.1896849097805746
-3   3.1896849097805742
-3   3.2916412976194573
-3   3.2916412976194533
-3   3.314621508075795
-3   3.3146215080757928
-3   3.5060685243321279
-3   3.506068524332127
-3   3.3610853414417714
-3   3.1718494173856433
-3   3.1718494173856442
-3   3.0993947637502424
-3   3.0993947637502397
-3   2.9999999999999996
-3   3.0610449297002238
-3   3.0610449297002233
-3   3.1791288312732426
-3   3.1791288312732413
-3   3.5200370646798671
-3   3.5200370646798778
-3   3.147427118845942
-3   3.1474271188459526
-3   3.3780746394873491
-3   3
-3   3.0113473427741306
-3   3.0113473427741306
-3   3.0638164296255455
-3   3.063816429625545
-3   3.6674986105641931
-3   3.667498610564194
-3   3.3920680689334604
-3   3.5415470505170221
-3   3.5415470505170212
-3   3.570818443733291
-3   3.5708184437332893
-3   3.3646209132952722
-3   3.3646209132952665
-3   3.1973455141999407
-3   3.3688881557707244
-3   3.3688881557707244
-3   3.554708848055748
-3   3.5547088480557472
-3   3.1228424573146079
-3   3.1228424573146056
-3   3.2737518796621989
-3   3.2737518796621958
-3   3.3893996109136766
-3   3.3893996109136806
-3   3.6357320464358969
-3   3.5850769800047466
-3   3.5850769800047466
-3   3
-3   3.5461498601110666
-3   3.5461498601110657
-3   3.4519874695210531
-3   3.4519874695210593
-3   3.7214887837635722
-3   3.7943337326853257
-3   3.794333732685323
-3   3.1752275171897648
-3   3.1752275171897733
-3   3.1089343787861878
-3   3.1089343787861896
-3   3.2621890972238479
-3   3.3239475243045331
-3   3.3239475243045309
-3   3.4087034820384119
-3   3.4087034820384123
-3   3.0731787775170258
-3   3.0731787775170254
-3   3.1762139734078745
-3   3.1167264257789959
-3   3.1167264257789928
-3   3.2715143476674879
-3   3.0063745773662007
-3   3.0063745773661994
-3   3.4993507210355794
-3   3.4379684162807607
-3   3.4379684162807553
-3   3.3652342316772486
-3   3.3652342316772494
-3   3.1282096031846462
-3   3.1282096031846427
-3   3.1174127933824622
-3   3.1174127933824614
-3   3.0000000000000027
-3   3.0969791800905804
-3   3.0969791800905804
-3   3.1658140631809286
-3   3.1658140631809246
-3   3.338674589919882
-3   3.2666445248276639
-3   3.2666445248276634
-3   3.4553444815723893
-3   3.4553444815723831
-3   3.3259455243868721
-3   3.2977683791685166
-3   3.2977683791685166
-3   3.4329567821049509
-3   3.1802176902486137
-3   3.180217690248611
-3   3.0414024641634096
-3   3.0414024641634088
-3   3.2704983322210346
-3   3.2704983322210319
-3   3.2833923917912142
-3   3.2833923917912133
-3   3.0418277933020019
-3   3.0330775100410343
-3   3.033077510041037
-3   3.0171676996635775
-3   3.0171676996635748
-3   3.0993297112261362
-3   3.0993297112261362
-3   3.0047480444543369
-3   3.004748044454336
-3   3.0080173083451585
-3   3.0080173083451638
-3   3.0584547131060291
-3   3.0000000000000022
-3   3.021618087912632
-3   3.0216180879126422
-3   3.0018311500488521
-3   3.0018311500488557
-3   3.0020895059759276

-2   3.4002021897367216
-2   3.3257583015000014
-2   3.3257583014999965
-2   3.1232045311112633
-2   3.1232045311112575
-2   2.8462253097507055
-2   2.8462253097506989
-2   2.5660672997473157
-2   2.5660672997473091
-2   2.3569722951879757
-2   2.3569722951879717
-2   2.2792111252296343
-2   3.6939618571695574
-2   3.4708910397818729
-2   3.4708910397818618
-2   3.0597944583168437
-2   3.0597944583168459
-2   2.8277347704329761
-2   2.8277347704329689
-2   2.8860055429307971
-2   2.8860055429307896
-2   3.0563209004125613
-2   3.0563209004125587
-2   3.138006667483499
-2   3.0622335892484522
-2   3.0622335892484558
-2   3.0838387564168581
-2   3.0838387564168586
-2   2.7689902034759886
-2   2.768990203475989
-2   2.5545181008505295
-2   2.8738524937850252
-2   2.8738524937850265
-2   2.6340348947031318
-2   2.6340348947031345
-2   2.5314143844103563
-2   3.720649042385638
-2   3.2979218087289408
-2   3.2979218087289284
-2   3.207832522193701
-2   3.2078325221937027
-2   3.1551305530592839
-2   3.1551305530592804
-2   2.8959955679172005
-2   2.8959955679171956
-2   2.8035957228030908
-2   2.8035957228030912
-2   2.7963372802860569
-2   3.1236401853771256
-2   3.1236401853771163
-2   3.2800531366320862
-2   3.2800531366320897
-2   2.6403754665842869
-2   2.780729379366877
-2   2.7807293793668788
-2   2.5616310775404236
-2   2.5616310775404219
-2   2.7129310851776882
-2   2.7737211065666121
-2   2.7737211065666059
-2   3.1784206684352578
-2   2.6509944861779595
-2   2.6509944861779591
-2   2.7757612204195947
-2   2.7757612204195792
-2   3.0551096509207523
-2   3.0551096509207549
-2   2.9484285312912379
-2   2.9484285312912335
-2   3.0340264754755193
-2   3.0340264754755171
-2   3.1049797485181481
-2   2.9144515944555489
-2   2.9144515944555449
-2   2.9388654009395005
-2   2.9388654009394908
-2   2.8766934435565856
-2   2.8766934435565754
-2   2.512162350556618
-2   2.967702274528393
-2   2.5041687079364214
-2   2.5041687079364192
-2   2.7792066041928849
-2   2.7792066041928969
-2   3.2572842146650363
-2   3.2572842146650278
-2   3.2727261831624408
-2   3.2727261831624377
-2   3.0385870821188021
-2   3.0841837269774697
-2   2.9498706975361575
-2   2.9498706975361575
-2   2.8170099271706364
-2   2.8170099271706377
-2   2.625455460475751
-2   2.6254554604757532
-2   2.5179136444238983
-2   2.5179136444238939
-2   2.4823011520348937
-2   2.4823011520348879
-2   3.3617255780616153
-2   2.2231739168639315
-2   2.2231739168639297
-2   2.2781972445757361
-2   2.2781972445757366
-2   2.3141668260142221
-2   2.6904381408662958
-2   2.1829817332408457
-2   2.1829817332408421
-2   3.5215144780019108
-2   3.5215144780018974
-2   3.2149637656147747
-2   3.2149637656147712
-2   2.861595149592322
-2   2.8615951495923184
-2   2.9877948159878147
-2   2.9877948159878116
-2   3.2263473429104019
-2   3.2263473429103984
-2   3.1802388510941686
-2   3.2231952497574206
-2   2.7934480135238107
-2   2.793448013523808
-2   2.5929243837955149
-2   2.5929243837955096
-2   3.0341991408979614
-2   3.0341991408979538
-2   2.7006543581521161
-2   2.7006543581521165
-2   2.9467153788155089
-2   2.9467153788155076
-2   2.8183028291703125
-2   2.9492734148938862
-2   3.0479550557542692
-2   3.0479550557542638
-2   2.8082017900275713
-2   3.0036507147549196
-2   3.0036507147549014
-2   2.7287830619225644
-2   2.8264184324252564
-2   2.826418432425255
-2   3.4633201973843288
-2   2.7283382663581999
-2   2.7283382663581981
-2   3.1848789258987553
-2   3.1848789258987455
-2   2.6606407952103353
-2   2.6606407952103308
-2   2.6271121578378205
-2   2.8287936408989998
-2   2.8287936408989913
-2   2.9234325391211016
-2   2.9234325391211029
-2   2.8052920678553082
-2   2.8052920678553113
-2   2.5068906298745048
-2   2.5068906298745017
-2   2.3885905484373664
-2   2.3885905484373673
-2   3.4123495678517148
-2   3.4248230879326447
-2   3.424823087932638
-2   2.8798534876639335
-2   2.8798534876639375
-2   2.3864049906582596
-2   2.3864049906582503
-2   2.7984090751605715
-2   2.7984090751605697
-2   2.4459738206767492
-2   2.7184354651991551
-2   2.7184354651991507
-2   2.7826261785825057
-2   2.7826261785825057
-2   2.9713891294520747
-2   2.9713891294520653
-2   2.3115581251268544
-2   2.4742356701169119
-2   2.4742356701169106
-2   2.6172557299176216
-2   2.617255729917622
-2   2.7654049099482045
-2   2.7654049099482041
-2   3.1152799360731502
-2   3.1152799360731382
-2   3.5214187027498189
-2   2.7117738029653231
-2   2.5802124621878453
-2   2.6526420331261606
-2   2.6526420331261598
-2   3.6321047347821516
-2   3.6321047347821471
-2   3.6392530268912608
-2   3.6392530268912555
-2   2.9544249267314053
-2   2.9544249267314022
-2   2.802545630637213
-2   2.8025456306372054
-2   3.1576341325580137
-2   3.1576341325580133
-2   2.8816343927612498
-2   2.8816343927612471
-2   3.1102424772782085
-2   3.1102424772782089
-2   2.4169956192741515
-2   2.7734569743049318
-2   2.5953267688971016
-2   2.5953267688971002
-2   2.7173857596874487
-2   2.8582924935443739
-2   2.858292493544365
-2   2.6839178217770558
-2   2.6839178217770514
-2   2.5011630216512155
-2   2.5011630216512137
-2   2.7650567791578751
-2   2.6876917659463793
-2   2.92261412001558
-2   3.1898069947940018
-2   3.189806994793996
-2   2.7786932797461383
-2   2.778693279746137
-2   3.5549851251642899
-2   3.5549851251642846
-2   2.6984902646230249
-2   2.6984902646230231
-2   2.3640082488811105
-2   2.6968821770273537
-2   2.6968821770273568
-2   2.9423408953909007
-2   2.9423408953909052
-2   2.6372432839683739
-2   2.6372432839683726
-2   2.5730756504356469
-2   2.5730756504356469
-2   2.905414668371987
-2   2.905414668371987
-2   2.8397700659898706
-2   2.8397700659898675
-2   2.6694048369561547
-2   2.6694048369561547
-2   2.5443726807912426
-2   2.5443726807912452
-2   2.7110089839729961
-2   2.7110089839729943
-2   3.0514997424537569
-2   3.0514997424537547
-2   2.6809488588419792
-2   2.6809488588419752
-2   2.8546899154525565
-2   3.1486245057491202
-2   2.5262869619756296
-2   2.5262869619756279
-2   2.6388143189622286
-2   2.6388143189622282
-2   3.0000000000000009
-2   2.5679117545426333
-2   2.5679117545426267
-2   2.6194883338667587
-2   2.6194883338667583
-2   2.7025090640190021
-2   2.7815536758732025
-2   2.5936239927485256
-2   2.5936239927485292
-2   3.107834325704018
-2   2.5945502982576141
-2   2.5945502982576198
-2   2.5024978993225302
-2   2.502497899322532
-2   2.4675123021449674
-2   2.4675123021449679
-2   2.590994305184938
-2   2.5909943051849393
-2   2.7763494091994474
-2   2.7763494091994487
-2   2.4314772794643775
-2   2.431477279464374
-2   2.9344154374165887
-2   2.9344154374165901
-2   2.5471739797624493
-2   2.5471739797624502
-2   2.5842167890282521
-2   2.7552816815710388
-2   2.7552816815710406
-2   2.1571842015074898
-2   2.4772553421088386
-2   2.6075889578589617
-2   2.6075889578589604
-2   2.3905278659803089
-2   2.3905278659803093
-2   2.4072510363430539
-2   2.4072510363430539
-2   2.8768295687686534
-2   2.8768295687686511
-2   3.2385477929837658
-2   2.7901330886157947
-2   2.7901330886158004
-2   2.3720949507511695
-2   2.5291498944344535
-2   2.5777277655480013
-2   2.5777277655480026
-2   2.8063587093274052
-2   2.8063587093274061
-2   2.7724571908902296
-2   2.6405642600833996
-2   2.6405642600834045
-2   2.3190651505590982
-2   2.5493770704046779
-2   2.5493770704046823
-2   2.4574265743673873
-2   2.4574265743673918
-2   2.5703601053757299
-2   2.5703601053757317
-2   3.1000605371814851
-2   2.3355215346948315
-2   2.3355215346948253
-2   2.6399497561613692
-2   2.6399497561613678
-2   2.4362899960585036
-2   2.4362899960585018
-2   2.6590367386742479
-2   2.613762325007285
-2   2.6137623250072868
-2   2.7043159899770202
-2   2.7043159899770246
-2   2.49157534923271
-2   2.4915753492327126
-2   2.5028006611665035
-2   2.5028006611665043
-2   2.6611971473637959
-2   2.6611971473637968
-2   2.8022273527189925
-2   2.5163522291607281
-2   2.5163522291607254
-2   2.9317511859589911
-2   2.4721483470833578
-2   2.4721483470833565
-2   2.3526782218777607
-2   2.3526782218777633
-2   2.2451841300057889
-2   2.2451841300057902
-2   2.5269984374218124
-2   2.5269984374218195
-2   2.9487754678697287
-2   2.9487754678697358
-2   2.9203282445461523
-2   3.1120872949767522
-2   3.1120872949767597
-2   2.9432715610812239
-2   2.9432715610812314
-2   2.5753535203540401
-2   2.5772381666702167
-2   2.3672186614571356
-2   2.36721866145714
-2   2.7092432702391585
-2   2.7092432702391678
-2   2.4950421182081621
-2   2.4950421182081661
-2   2.4502261203041069
-2   2.5121734549413666
-2   2.5121734549413639
-2   2.971605703339617
-2   2.9716057033396135
-2   2.8414665004844792
-2   2.7434534962643093
-2   2.7434534962643142
-2   2.8517201283799958
-2   2.8517201283799904
-2   2.4893495766351728
-2   2.4893495766351759
-2   2.2983749955980977
-2   2.2983749955981034
-2   2.1600069557561152
-2   2.1600069557561192
-2   2.5887208434992752
-2   2.7380034482952906
-2   2.7380034482952866
-2   2.4230938141515064
-2   2.4230938141515037
-2   2.5051954622210286
-2   2.5126110669023367
-2   2.5126110669023358
-2   2.3286150335633984
-2   2.3286150335634046
-2   2.1694932094346759
-2   2.4581626277217068
-2   2.4581626277217037
-2   2.7011993977462683
-2   2.467453288841766
-2   2.4674532888417593
-2   2.4590407344895326
-2   2.4590407344895464
-2   2.5270227760225485
-2   2.5270227760225445
-2   2.5175815757343014
-2   2.5175815757342899
-2   3.0215021791937002
-2   2.3993193810872375
-2   2.3993193810872331
-2   2.4770389580315602
-2   2.4770389580315642
-2   2.089981647170903
-2   2.4461634085530033
-2   2.446163408553006
-2   2.5621214562120977
-2   2.5621214562120929
-2   2.668184312159132
-2   2.6681843121591244
-2   2.5466262771244828
-2   2.546626277124481
-2   2.3561882188700549
-2   2.3561882188700571
-2   2.6747179540290738
-2   2.2714447684344963
-2   2.2714447684344932
-2   2.2211438932590681
-2   2.2211438932590593
-2   2.1746590544195956
-2   2.1746590544195916
-2   2.54920386286275
-2   2.54920386286275
-2   2.4062337640452913
-2   2.3399815845209604
-2   2.3399815845209648
-2   2.573991431625732
-2   2.5739914316257311
-2   2.1336390845203881
-2   2.1806974915155997
-2   2.1806974915156001
-2   2.2603673956083425
-2   2.2603673956083719
-2   2.2792799347302215
-2   2.2792799347301944
-2   2.1972548343720244
-2   2.1972548343720244
-2   2.5363937452880636
-2   2.2514081903726653
-2   2.4109577061770278
-2   2.4109577061770309
-2   2.4270794895270869
-2   2.4270794895270877
-2   2.3274555534572241
-2   2.3274555534572281
-2   2.4944871400673541
-2   2.4944871400673527
-2   2.3899374367909214
-2   2.3899374367909214
-2   2.3564645672283975
-2   2.3564645672283975
-2   2.2926408516300771
-2   2.0071282894014022
-2   2.3608302306998046
-2   2.3608302306998015
-2   2.087973529542944
-2   2.1019801989077709
-2   2.1019801989077709
-2   2.0072998553506216
-2   2.5118197204097723
-2   2.5118197204097732
-2   2.2556806774793823
-2   2.5679853869769
-2   2.5679853869769045
-2   2.3193779474544503
-2   2.3193779474544516
-2   2.4140057024996802
-2   2.4140057024996797
-2   2.3420978205645104
-2   2.342097820564514
-2   2.3579375197325692
-2   2.3579375197325745
-2   2.6820724886629104
-2   2.3222375273640532
-2   2.3222375273640585
-2   2.3811481041235689
-2   2.5378072421181535
-2   2.5378072421181592
-2   2.5409977421462941
-2   2.1476189094753044
-2   2.1476189094753093
-2   2.2498234129708203
-2   2.2498234129708234
-2   2.2046612038430986
-2   2.1049528663367894
-2   2.1049528663367894
-2   2.3747205746663731
-2   2.1727910906364802
-2   2.1727910906364829
-2   2.0988538633978662
-2   2.0988538633978608
-2   2.070581134597604
-2   2.0705811345976088
-2   2.0933070354954171
-2   2.0933070354954184
-2   2.2166108965761908
-2   2.2166108965761997
-2   2.1572519032029227

-1   2.979488809912294
-1   2.9036275995640328
-1   2.9036275995640222
-1   2.6900883975960066
-1   2.6900883975959986
-1   2.3799240609793446
-1   2.3799240609793357
-1   2.0406624966159419
-1   2.0406624966159308
-1   1.766035678576261
-1   1.7660356785762543
-1   1.6580318620972321
-1   3.30534609296646
-1   3.1382138397320549
-1   3.1382138397320198
-1   2.7011534873162426
-1   2.6744050391207943
-1   2.674405039120777
-1   2.7433952810529605
-1   2.7433952810529498
-1   2.5773798184537862
-1   2.5773798184537515
-1   2.4765505222272837
-1   2.4765505222272552
-1   2.5924215666166441
-1   2.5924215666166459
-1   2.5164919647227055
-1   2.5164919647227157
-1   2.2770283605927872
-1   2.2770283605928139
-1   2.1873338569781779
-1   2.1873338569781438
-1   1.995781186704499
-1   1.9957811867045123
-1   2.0132964877096473
-1   1.8994955918917515
-1   3.0151132721298688
-1   2.8763757679206594
-1   2.8763757679205901
-1   2.7296934636328731
-1   2.7296934636328469
-1   2.5913780204529702
-1   2.5913780204529386
-1   2.3852765212352947
-1   2.3852765212352187
-1   2.238327768211295
-1   2.2383277682112701
-1   2.2072499578518396
-1   2.8452187851334987
-1   2.719417948498672
-1   2.7194179484986636
-1   2.5603574072790347
-1   2.5603574072790205
-1   2.4309800819934568
-1   2.4309800819934568
-1   2.3577365343794208
-1   2.357736534379419
-1   2.2733876689979162
-1   2.2733876689979144
-1   2.2279753495606722
-1   2.3960385780417552
-1   2.4345131937606048
-1   2.4345131937606008
-1   2.371113015071082
-1   2.3711130150710833
-1   2.4112134675285928
-1   2.4112134675285755
-1   2.2753693489321947
-1   2.2753693489322027
-1   2.3275545304088499
-1   2.2763421508258723
-1   2.2763421508258586
-1   2.4513737815269705
-1   2.4513737815269581
-1   2.5142388442350003
-1   2.5142388442349883
-1   2.3029234411892494
-1   2.3029234411892459
-1   2.6499820810199095
-1   2.64998208101991
-1   2.0592371952754571
-1   2.0592371952754855
-1   2.8135318552051958
-1   1.7691346033922106
-1   2.1317967800814253
-1   2.5163234496952085
-1   2.6547785256409027
-1   2.6547785256409346
-1   2.6893534625675928
-1   2.689353462567543
-1   1.8861460876930543
-1   1.886146087693092
-1   2.4936951152582267
-1   2.4936951152582862
-1   2.1159207287613193
-1   2.1159207287610995
-1   2.7581757337998054
-1   2.6401800670196041
-1   2.6401800670195628
-1   2.3278498908653273
-1   2.3278498908653718
-1   1.9476187560268898
-1   1.9476187560267828
-1   1.7843238978858906
-1   1.7843238978861367
-1   1.7037288395831833
-1   1.7037288395831847
-1   1.592784087773389
-1   3.9448752548062052
-1   3.6909858353879175
-1   3.6909858353879113
-1   2.581520838679046
-1   2.5815208386790429
-1   2.6367904673411009
-1   2.7189812089047396
-1   2.7189812089047254
-1   2.5832425839955606
-1   2.5832425839955562
-1   2.2034956026852299
-1   2.2034956026852335
-1   3.3677738655892493
-1   3.3677738655892417
-1   2.3189226874815629
-1   2.3189226874815621
-1   2.383313911465494
-1   2.3833139114654944
-1   2.2325496734318331
-1   2.2325496734318331
-1   2.7897806331582591
-1   2.2003799571703904
-1   2.2003799571703886
-1   2.5060646354276677
-1   2.7250874439553061
-1   2.7250874439552999
-1   2.378412609316666
-1   2.3784126093166722
-1   2.2738751525870651
-1   2.2738751525870584
-1   2.5856763771007567
-1   2.5581839195696654
-1   2.5581839195696592
-1   1.6976528755286839
-1   2.093179902179195
-1   2.0931799021791835
-1   2.7252642354450489
-1   2.2624391778885187
-1   2.1854065479557994
-1   2.1854065479558038
-1   2.2144936835686142
-1   2.2144936835686209
-1   2.2161668255669311
-1   2.2161668255669191
-1   2.0558406722494871
-1   2.0558406722494889
-1   1.757336084190142
-1   1.7573360841901384
-1   2.5159187728432584
-1   2.0333955927938665
-1   2.033395592793855
-1   2.4779871331565917
-1   2.477987133156569
-1   2.306662323022957
-1   2.3066623230229513
-1   1.9286975707582767
-1   1.741515017309581
-1   1.7415150173095744
-1   1.9535437438104375
-1   1.9535437438104406
-1   2.4154774744141232
-1   2.4154774744141108
-1   2.295004623388909
-1   2.2950046233889085
-1   2.526645383589901
-1   2.5266453835899036
-1   2.6356887829903566
-1   2.635688782990357
-1   2.6580437843831248
-1   2.3925157943382858
-1   2.3925157943382613
-1   2.3830279945290918
-1   2.3830279945290895
-1   2.0092429293100769
-1   2.0092429293100746
-1   2.1401953915688936
-1   2.140195391568894
-1   1.9598479146377668
-1   1.9598479146377614
-1   2.0573821577889024
-1   2.0573821577889064
-1   2.0948065543043062
-1   1.8586960552683904
-1   1.7354720636215362
-1   3.3092364232095881
-1   2.7993225521073084
-1   2.7993225521073022
-1   2.6614388242838638
-1   2.6614388242838598
-1   2.8457129233481635
-1   2.8457129233481617
-1   2.4388749238925258
-1   2.4388749238925223
-1   2.4289412343965977
-1   2.4289412343965955
-1   2.1762399923897475
-1   2.9853414919592711
-1   2.8440176630235037
-1   2.8440176630235023
-1   2.8443124669657629
-1   2.3174715348966388
-1   2.3174715348966406
-1   2.4443368952697355
-1   2.4443368952697404
-1   2.7743871854553896
-1   2.2678559891596337
-1   2.2678559891596195
-1   2.7198019725889027
-1   2.719801972588888
-1   3.1898439019632998
-1   3.1898439019633038
-1   2.1415272030046886
-1   2.1415272030046899
-1   2.406265260190203
-1   2.4062652601901977
-1   2.2727542107063341
-1   2.7322239451281867
-1   2.7322239451281769
-1   2.3419869008936205
-1   2.3419869008936169
-1   2.3427461097036337
-1   2.4571115780746422
-1   2.4571115780746435
-1   3.0516128366741402
-1   2.632755411783279
-1   2.6327554117832808
-1   2.4250725325486653
-1   2.4250725325486586
-1   2.4738472416947288
-1   2.4738472416947199
-1   2.5443377442520063
-1   2.5443377442520072
-1   2.5591859740478213
-1   2.2860290458452854
-1   2.2860290458452881
-1   2.3307049672626041
-1   2.330704967262605
-1   2.7809027299240086
-1   2.7809027299240006
-1   2.0053436059672749
-1   2.6261118108802459
-1   2.6261118108802464
-1   2.1255047304077728
-1   2.1255047304077692
-1   2.3621227880572833
-1   2.3621227880572788
-1   2.6362494307916133
-1   2.6362494307916178
-1   2.7004392229989254
-1   2.2938495175499032
-1   2.2938495175499085
-1   2.4473244678787918
-1   2.4473244678787869
-1   2.1673205652294301
-1   2.1673205652294283
-1   2.327239739455401
-1   2.3272397394554019
-1   2.0219828595320872
-1   2.0219828595320792
-1   2.4022412242089364
-1   1.9045848845634761
-1   1.9045848845634761
-1   2.3354248085547318
-1   2.3354248085547251
-1   1.686363925162695
-1   2.6058937131232471
-1   2.605893713123252
-1   1.9196504708070585
-1   1.9196504708070536
-1   1.8381727497775335
-1   2.6443866256008013
-1   2.6443866256007995
-1   2.3869531650234874
-1   2.3869531650234896
-1   2.4550819653656411
-1   2.4550819653656379
-1   2.0895591597358876
-1   2.0895591597358867
-1   2.4959836657085259
-1   2.112595037383775
-1   2.112595037383771
-1   1.9812970477538387
-1   1.9812970477538365
-1   2.2368819281450891
-1   2.2368819281450838
-1   2.0858500314274058
-1   2.370707456043073
-1   2.3707074560430752
-1   2.4801778383650093
-1   1.7790264203038744
-1   1.7790264203038766
-1   2.0426966538112872
-1   2.4018641773173997
-1   2.0380647661323259
-1   2.0380647661323312
-1   2.6087794948596703
-1   2.6087794948596712
-1   2.2766629548018429
-1   2.2766629548018531
-1   2.4486972151371535
-1   2.4486972151371522
-1   2.0748098017786272
-1   2.0748098017786289
-1   2.4674053503124704
-1   2.3293529421004795
-1   2.3293529421004693
-1   2.0732816278037918
-1   2.1583862206986377
-1   2.1583862206986448
-1   1.8912672314164332
-1   1.8912672314164283
-1   1.8577779934310663
-1   1.8577779934310681
-1   1.993109695061265
-1   2.0580469694866634
-1   2.0149408304041048
-1   1.9557583305683908
-1   1.9557583305683917
-1   2.5961435845775545
-1   2.5961435845775607
-1   2.4011426764992554
-1   2.4011426764992523
-1   1.994998103617692
-1   1.9949981036176947
-1   1.955033891618188
-1   2.6220446154967934
-1   2.6220446154967925
-1   2.0560256067400613
-1   2.0560256067400657
-1   2.0325839065815616
-1   2.0325839065815643
-1   2.6541734673578232
-1   2.6541734673578214
-1   2.8804978850085678
-1   2.3024196634919125
-1   2.3024196634919152
-1   1.9723454761670691
-1   1.9723454761670709
-1   1.8868518972830954
-1   1.8868518972830999
-1   3.0595121548985236
-1   2.6027319386505741
-1   2.6027319386505829
-1   2.4291542780039599
-1   2.4291542780039603
-1   2.5588763606649518
-1   2.5588763606649518
-1   2.258202523864778
-1   2.2582025238647789
-1   2.5774117864480273
-1   2.5774117864480282
-1   2.2229597115964186
-1   2.2229597115964141
-1   2.5778110489352217
-1   2.5778110489352191
-1   2.3002227196141463
-1   2.3541520583375148
-1   2.3541520583375162
-1   2.4463413771245119
-1   2.4463413771245044
-1   2.3982676452390255
-1   2.609938085829413
-1   2.6099380858294139
-1   2.6227412922157436
-1   2.4550348709983423
-1   2.4550348709983441
-1   2.1805392543818867
-1   2.180539254381872
-1   2.2409277573309079
-1   2.2409277573308946
-1   2.1931658467205688
-1   2.1931658467205728
-1   2.502046552654869
-1   2.5020465526548712
-1   2.563725528826827
-1   2.5637255288268244
-1   2.4259286988556283
-1   2.1020750427142234
-1   2.1020750427142287
-1   2.1907523670479923
-1   2.31350531333009
-1   2.3135053133300878
-1   2.6992460559447382
-1   2.4759555147512704
-1   2.4759555147512748
-1   2.1737305053886331
-1   2.1737305053886344
-1   2.3193435894537173
-1   2.3193435894537218
-1   2.0092023248087005
-1   2.151288634637182
-1   2.1512886346371856
-1   2.0046692802582347
-1   2.3339549288180081
-1   2.3339549288180055
-1   2.2551888066147989
-1   2.2551888066147971
-1   1.8632753539412312
-1   2.5504526635117459
-1   1.7863758811829715
-1   1.7863758811829702
-1   2.1410658300452083
-1   2.1410658300452052
-1   2.2747804290994664
-1   2.2747804290994638
-1   1.8110741405434667
-1   2.3895227895664375
-1   2.3895227895664379
-1   1.9247807181437446
-1   1.924780718143746
-1   2.1192174936036348
-1   2.1192174936036361
-1   2.3632905120745598
-1   2.3632905120745691
-1   2.8578583566832738
-1   2.4158867051427153
-1   2.4158867051427144
-1   1.8443291996290445
-1   1.8443291996290441
-1   2.4249126044726075
-1   2.424912604472611
-1   2.2618205830406191
-1   2.1708400078280805
-1   2.170840007828077
-1   2.360464293474593
-1   2.360464293474597
-1   2.0861493306307879
-1   2.1970478789400159
-1   2.1970478789400172
-1   2.1342518415072416
-1   2.1342518415072438
-1   2.1021719984372846
-1   2.1021719984372984
-1   2.1192142487089662
-1   2.1192142487089667
-1   2.8280764051386305
-1   2.4517729525052938
-1   2.121126644846981
-1   2.3362627296462075
-1   2.3362627296462106
-1   2.2060610649976216
-1   2.2060610649976242
-1   2.3526701230132621
-1   2.3526701230132629
-1   2.6656645103627121
-1   2.2931312265422119
-1   2.4077823201308077
-1   2.4077823201308082
-1   1.9545774733044827
-1   1.9338288777624473
-1   1.9338288777624464
-1   2.2201142335781778
-1   2.2201142335781858
-1   1.959571382028146
-1   2.1703339802467325
-1   2.1703339802467343
-1   2.2569506705775551
-1   2.2569506705775559
-1   2.2435315815768155
-1   2.2435315815768124
-1   2.1499831923428849
-1   2.1499831923428916
-1   2.522799604034148
-1   2.5227996040341449
-1   2.2986036212923793
-1   2.2986036212923686
-1   2.1718928505622519
-1   2.3773166559703895
-1   2.3773166559703856
-1   2.2536722892403103
-1   2.2536722892403143
-1   2.0068217788565339
-1   2.2815834952306089
-1   2.2815834952306062
-1   1.7531524238495737
-1   1.7531524238495759
-1   2.0947850181955916
-1   2.0947850181955907
-1   1.9173433488290073
-1   1.9173433488290108
-1   2.3209201827552146
-1   1.6553650200228081
-1   1.6553650200228103
-1   1.7659008099371705
-1   1.7659008099371625
-1   2.0141432155050358
-1   2.0141432155050376
-1   2.2302735216278298
-1   2.1546284920022223
-1   2.1546284920022298
-1   2.0449665337185206
-1   2.0449665337185361
-1   2.2089633844636429
-1   2.2089633844636416
-1   2.0378170941216753
-1   2.0378170941216744
-1   1.9419844150430454
-1   1.9419844150430396
-1   1.7846291078834002
-1   2.1362260848012795
-1   2.1362260848012919
-1   1.6592900167237303
-1   1.6592900167237414
-1   1.6646630490716081
-1   1.6646630490716108
-1   2.1905734946847937
-1   1.8874898224522507
-1   1.8874898224522512
-1   2.4096094652481859
-1   1.6390069339193856
-1   1.9796482737223231
-1   1.9796482737223244
-1   1.852751620522664
-1   1.8527516205226688
-1   2.1243313629219607
-1   2.1243313629219638
-1   2.5783439540263182
-1   2.5783439540263249
-1   2.7539651448612097
-1   2.3353575392003889
-1   2.3353575392003956
-1   2.182606062742471
-1   2.1826060627424715
-1   2.1337437270311175
-1   2.1337437270311783
-1   2.0512173726528311
-1   2.0512173726528391
-1   2.0122830173063022
-1   2.0469408845210402
-1   2.0469408845210619
-1   2.2291881786973784
-1   2.2291881786973886
-1   2.0518239964765943
-1   2.0518239964766321
-1   2.1411504279974158
-1   2.1411504279974256
-1   2.1740055105767309
-1   2.1740055105767415
-1   1.7392297680996998
-1   1.9908864803899586
-1   1.9486778650140475
-1   1.9486778650140373
-1   1.7743572279963087
-1   1.7743572279963189
-1   2.2965958699214903
-1   2.2965958699214943
-1   2.3564838798289078
-1   2.3564838798289132
-1   1.9762221880929451
-1   1.9762221880929465
-1   2.2951801860492886
-1   2.2951801860492882
-1   1.9989057408231541
-1   1.9989057408231474
-1   2.5123005448240945
-1   2.5123005448240985
-1   2.4206957579387387
-1   1.7196828948602731
-1   1.9853073423597594
-1   1.9853073423597465
-1   2.6421519977212848
-1   1.9830314906349149
-1   1.9830314906349091
-1   1.9768360613680933
-1   2.0213780227603935
-1   2.0213780227603975
-1   2.4003520758254702
-1   1.8096082387668071
-1   1.8096082387668084
-1   2.3215896111426129
-1   2.3215896111426337
-1   2.3216350614191845
-1   2.3216350614191903
-1   2.2382609502731374
-1   2.238260950273149
-1   1.827002990904226
-1   1.8270029909042238
-1   2.0580558925513248
-1   2.0580558925513208
-1   2.0606526809859651
-1   2.0606526809859682
-1   1.9013727006261938
-1   1.9013727006261791
-1   2.0611716532468609
-1   2.3518691895205581
-1   2.3518691895205595
-1   1.8716192482743321
-1   1.8940810592933173
-1   1.8940810592933324
-1   1.9987243299922866
-1   1.9987243299922892
-1   1.969478333326983
-1   1.9955350147276469
-1   1.9955350147276518
-1   1.9766698959214328
-1   1.9766698959214386
-1   2.0758715310640961
-1   2.0758715310640992
-1   2.2006120737900128
-1   2.2006120737900194
-1   2.0898342591851882
-1   1.7757097950426397
-1   1.7757097950426468
-1   2.2040153412701238
-1   2.2040153412701304
-1   2.3428907416554328
-1   1.9353157896123561
-1   1.935315789612349
-1   2.1374675089025597
-1   1.7090004588497667
-1   1.7090004588497618
-1   1.8287972213146091
-1   1.8287972213146197
-1   1.7902734052685108
-1   1.9950842672961167
-1   1.9950842672961238
-1   1.8732548216567952
-1   1.8732548216568041
-1   2.2354811474674867
-1   2.2354811474674454
-1   1.8358771088888659
-1   1.8358771088889263
-1   1.8390235759536364
-1   1.8390235759536386
-1   2.0610741768373737
-1   2.0610741768373866
-1   2.2457009876272211
-1   1.8617799269146773
-1   1.7436949515763431
-1   1.7436949515763476
-1   1.8212076694913266
-1   1.8212076694913297
-1   1.8594013210148357
-1   1.8594013210148232
-1   1.9413327736599522
-1   1.9413327736599513
-1   1.7817230693626889
-1   1.8998157414016932
-1   1.8998157414016785
-1   1.9563722573923283
-1   1.9563722573923328
-1   1.8779665294191457
-1   1.8779665294191696
-1   1.9094514198309387
-1   1.9094514198309591
-1   1.8155423892315503
-1   1.8155423892315676
-1   1.7322905344947568
-1   1.7322905344947412
-1   1.9683115359867172
-1   1.9683115359867185
-1   2.0172898453514092
-1   2.0172898453514061
-1   1.5260068694393469
-1   2.2889107319061432
-1   2.2889107319061406
-1   1.8885915468808672
-1   1.7807970117066851
-1   1.9368002320098614
-1   1.9368002320098672
-1   1.8372932681873295
-1   1.8372932681873522
-1   2.0181882672490983
-1   2.0181882672491001
-1   1.5340828151965296
-1   1.5340828151965549
-1   1.7220405282355484
-1   1.7220405282355418
-1   1.9566709314649406
-1   1.9566709314649344
-1   1.4131733024886577
-1   2.2870299571254318
-1   1.6633566767518153
-1   1.6633566767518189
-1   1.8044753057440799
-1   1.7637609445526068
-1   1.7637609445526095
-1   1.9932683145827621
-1   1.8208369665138191
-1   1.7654206613365524
-1   1.7654206613365671
-1   1.7947560809019958
-1   1.794756080902002
-1   2.1277122818013465
-1   1.9391323036046475
-1   1.9191882280851953
-1   1.9191882280852224
-1   1.5278930010068592
-1   1.7299778944141231
-1   1.7299778944141249
-1   1.6810294630376945
-1   1.9792276654105962
-1   1.9792276654106149
-1   1.903111876913234
-1   1.9031118769132362
-1   1.5315857430257354
-1   1.53158574302573
-1   1.9962859636582513
-1   1.9962859636582491
-1   1.6570231087768001
-1   1.6570231087768152
-1   1.555994801876174
-1   1.3037351241235693
-1   1.3037351241235746
-1   1.2761980774667558
-1   1.5737825254854125
-1   1.5737825254854134
-1   1.6888574817497934
-1   1.688857481749805
-1   1.5501349517104441
-1   1.5501349517104459
-1   1.8855856229182897
-1   1.8855856229183825
-1   1.4742627749090835
-1   1.4742627749089614
-1   1.692437632024955
-1   1.6924376320249674
-1   1.7144413655107504
-1   1.7144413655107571
-1   1.875710293672245
-1   1.8757102936722561
-1   2.3068916563193778
-1   1.8018680253530213
-1   1.8018680253530284
-1   2.1074633373684049
-1   1.851712853880557
-1   1.8517128538805543
-1   2.2210075394693263
-1   2.2210075394693374
-1   1.0535810499154916
-1   1.0535810499154894
-1   1.7146197146879665
-1   1.7146197146879611
-1   1.8870819923728845
-1   1.8870819923728837
-1   1.7020989427105118
-1   1.875045045928474
-1   1.9506522416323806
-1   1.4481178239663972
-1   1.4481178239664056
-1   1.8216279629959611
-1   1.8856277387653755
-1   1.8856277387653875
-1   2.0980184402460655
-1   1.6570034799870026
-1   1.6570034799870093
-1   1.4639104591643912
-1   1.4639104591643919
-1   1.503995995390897
-1   1.5039959953908997
-1   1.5687018305157094
-1   1.5687018305157121
-1   2.0233238858101461
-1   2.0233238858101528
-1   1.4254740742418304
-1   1.4254740742418246
-1   1.6080813675589072
-1   1.6080813675589063
-1   1.7471819293583946
-1   1.7471819293584083
-1   1.404314720939728
-1   1.4043147209396252
-1   1.3109523181143232
-1   1.6279350257526235
-1   1.627935025752532
-1   1.8106622812759756
-1   1.8106622812760071
-1   1.9276123115744848
-1   1.5954932962164614
-1   1.5954932962164854
-1   1.3107376367663011
-1   1.310737636766268
-1   1.5498240874122957
-1   1.5498240874122744
-1   1.3247487395082143
-1   1.3247487395082223
-1   1.1812502530929341
-1   1.1812502530929418
-1   1.1374693875788786
-1   1.1374693875788804
-1   1.0911766419872722
-1   1.0784721658803995
-1   1.0784721658804022
-1   1.042180965016128

0   2.8285663160024765
0   2.7510911179863062
0   2.751091117986292
0   2.5308819429189908
0   2.5308819429189469
0   2.2049259910723067
0   2.2049259910722832
0   1.8383541121909066
0   1.83835411219088
0   1.5314071109254086
0   1.5314071109253935
0   1.4073698666660139
0   3.1484112538660081
0   2.570461278663084
0   3.0107177559362661
0   3.0107177559362603
0   2.5833150657626613
0   2.583315065762581
0   2.6654532531212469
0   2.6654532531212345
0   2.5860949952131409
0   2.5860949952130761
0   2.5018290808240375
0   2.5018290808240184
0   2.2458445897122115
0   2.2458445897122021
0   2.2824961499762959
0   2.2824961499762884
0   1.8891861968540473
0   1.8891861968540473
0   1.9958893965696776
0   1.9958893965696576
0   1.6790997590802768
0   1.6790997590802541
0   1.85234309901952
0   1.6154706945644737
0   2.6109637942092383
0   2.1559205456750092
0   2.599549881113997
0   2.5995498811139308
0   2.1557136634410483
0   2.1557136634410057
0   2.5777648281971306
0   2.5777648281971128
0   2.1532633431266497
0   2.1532633431265915
0   2.4573517153312099
0   2.4573517153312148
0   2.175023568885754
0   2.1750235688857456
0   2.1982772941291375
0   2.1982772941291207
0   2.3259829986679423
0   2.3259829986678988
0   2.8544667718696797
0   2.6355705770959181
0   2.635570577095895
0   1.9195358450732898
0   1.9195358450732569
0   1.7904611482799391
0   2.4150264923087157
0   2.4348428597359781
0   2.4348428597359728
0   2.2551109665830502
0   2.2426098181845342
0   2.24260981818454
0   2.1496518586608886
0   2.149651858660889
0   2.456108854046315
0   2.456108854046303
0   1.8962821692103375
0   1.8962821692103318
0   2.4742905577640206
0   2.4742905577639744
0   2.3760902683694138
0   2.3760902683693885
0   1.8886656640582093
0   1.8886656640582165
0   2.0492670666574075
0   2.0492670666573933
0   2.13777016659323
0   2.1377701665932261
0   2.2847610720529814
0   1.7069597094051705
0   2.6151825001429545
0   1.6064944343629293
0   2.6155470125755707
0   2.615547012575568
0   1.4443730719059793
0   1.4443730719059997
0   2.5325645338178644
0   2.5325645338178573
0   1.5373313935600885
0   1.5373313935600783
0   2.2593501958785538
0   2.25935019587854
0   1.8854492494768023
0   1.885449249476792
0   2.2604568853399711
0   2.2604568853399858
0   2.5232700537195405
0   2.5232700537195263
0   1.8710545709934725
0   1.8710545709934654
0   2.6165283960278294
0   1.5270461861344988
0   1.5270461861344899
0   1.3846280988509982
0   3.8768193976218583
0   2.1011663366693019
0   2.6975911082691302
0   2.6975911082691151
0   2.809943404193131
0   2.8099434041931111
0   3.6112858314879324
0   3.611285831487927
0   2.6138669486499504
0   2.6138669486499633
0   1.9029444638363167
0   1.90294446383631
0   3.1765070655777681
0   3.1765070655777392
0   1.9096155565038395
0   1.9096155565038324
0   2.6312661428443938
0   2.6312661428443826
0   2.0666262067686518
0   2.0666262067686452
0   2.4961230012613695
0   2.4961230012613553
0   2.8092089549585286
0   1.7767023852041928
0   2.2403161862975223
0   2.5102756738423673
0   2.5102756738423597
0   1.7629976554354605
0   1.7629976554354116
0   2.3440583966546251
0   2.3440583966546247
0   1.6706797801473541
0   2.5771099057751385
0   2.5771099057751141
0   2.8432202611958681
0   2.0294406497391648
0   2.0294406497391586
0   1.5772477842049719
0   2.1209801682318457
0   2.1209801682318452
0   2.6082387908517033
0   1.9380860598389349
0   1.9380860598389091
0   1.8035087757466286
0   2.1829960601171532
0   2.1829960601171883
0   2.3401706607964874
0   2.340170660796463
0   1.6959263777211389
0   1.6959263777211309
0   1.4961744203679728
0   1.4961744203679703
0   1.8758005813769096
0   1.8758005813769087
0   1.8028955090572425
0   1.8028955090572345
0   1.817180715522015
0   1.8171807155220097
0   1.8365767886596363
0   1.8365767886596327
0   1.6830765232842682
0   1.6830765232842695
0   1.3556257166067893
0   1.3556257166067824
0   1.7019814842830603
0   1.2545751575718012
0   2.4237946800174286
0   2.3002351236431871
0   2.3002351236431746
0   2.1451834308279141
0   2.4580261856321766
0   2.4580261856321801
0   1.8988653425774493
0   1.8988653425774435
0   2.1807805324936371
0   2.1807805324936402
0   2.2035778898607905
0   2.2035778898607874
0   2.3228016941830765
0   2.322801694183072
0   2.3095758206576145
0   2.3095758206576051
0   1.7589716909897528
0   1.7589716909897413
0   2.0283436132726944
0   2.0283436132726993
0   1.6860409345907974
0   1.6860409345908036
0   2.2648590378892561
0   1.4936414647236347
0   3.5582924865795205
0   2.8446209616710432
0   2.8446209616710396
0   2.7993406056891637
0   2.7993406056891632
0   2.2488865585244375
0   2.2488865585244406
0   2.5280731674862147
0   1.6919021996399781
0   2.4334120049703074
0   2.4334120049703163
0   2.4433771162443585
0   2.4433771162443509
0   2.7453772785228052
0   2.7453772785228052
0   2.9397397892447179
0   2.9397397892447268
0   2.2841656505456744
0   2.2841656505456549
0   2.1501399484472268
0   2.2874882820347602
0   2.287488282034758
0   2.514741741020027
0   2.5147417410200301
0   3.2244773871691979
0   2.1040994422867354
0   2.1040994422867367
0   1.950357538223364
0   1.9503575382233658
0   2.3723645603281454
0   2.3723645603281418
0   2.7633021591697609
0   2.3524244511894077
0   2.1327025537745463
0   2.1327025537745525
0   2.0853280727331009
0   2.0853280727330965
0   2.7125823633849797
0   2.7125823633849864
0   2.4405416591476543
0   2.4405416591476548
0   1.791380249069344
0   1.7913802490693351
0   2.4467316422588805
0   2.446731642258885
0   1.9827659843468322
0   1.9827659843468335
0   1.7070975840658611
0   2.0964842348728845
0   2.2267247215792643
0   2.2267247215792607
0   2.4274636575419386
0   2.4274636575419404
0   2.3450915835703015
0   2.3450915835703068
0   1.9126843489005689
0   1.9126843489005676
0   2.4838558420666086
0   2.3445367712825043
0   2.3445367712824967
0   2.4827106408906987
0   2.482710640890708
0   2.1158061700187019
0   2.1158061700187067
0   2.3347680478147872
0   2.3347680478147894
0   1.6304621998320705
0   1.8703296133919589
0   2.2827068372290173
0   2.28270683722902
0   2.1928624237679393
0   2.1928624237679304
0   2.2854094924727835
0   2.2854094924727706
0   2.1672472772803109
0   2.1672472772803122
0   2.2138776766858741
0   2.2138776766858714
0   2.1253558014582992
0   2.1253558014583027
0   2.1809193413822978
0   2.1809193413822943
0   2.2320426642877993
0   2.2320426642877993
0   2.5543870236315143
0   2.396694220476522
0   2.1303319404352963
0   2.1303319404353132
0   2.3314398819751516
0   2.3314398819751578
0   1.7297055373968928
0   1.9022415055661277
0   1.9022415055661317
0   1.6679059619591832
0   1.6679059619591796
0   2.4184289052973496
0   2.0260589890338658
0   2.0260589890338658
0   1.9198972283675459
0   1.9198972283675402
0   1.3781840048260319
0   2.0623820811677254
0   2.0623820811677258
0   2.0004859442542706
0   2.0004859442542808
0   2.002996899385256
0   2.002996899385264
0   2.1540289892587055
0   2.1540289892587099
0   1.9652304252128565
0   1.965230425212853
0   2.0921227798924473
0   2.0921227798924473
0   1.6808170431131302
0   1.6641290929028822
0   1.66412909290288
0   1.7964672300666167
0   1.7964672300666131
0   1.6267607914298017
0   1.9281804123523902
0   2.3716037109470869
0   2.0689086329258326
0   2.4963010951261313
0   2.4963010951261437
0   2.0124791130608464
0   2.0124791130608544
0   2.2280994790821635
0   1.6972670781480197
0   2.0675770834410478
0   2.0675770834410603
0   1.952198414185617
0   1.9521984141856166
0   2.1690775373466975
0   2.1555572117641137
0   2.1555572117641173
0   1.7550958548037534
0   1.9518403290432658
0   1.9518403290432662
0   1.7014010632981158
0   1.7014010632981167
0   1.9784251856987773
0   1.9784251856987782
0   1.733718950474
0   1.733718950473996
0   1.7097743357766726
0   1.7097743357766713
0   2.4086587439786613
0   2.4086587439786604
0   2.8349009478510863
0   1.7047689785083757
0   1.7047689785083788
0   2.8121878592733647
0   2.8121878592733762
0   2.4095958793690304
0   2.4095958793690344
0   1.9750936850295009
0   1.9750936850295
0   2.3272191903244921
0   2.3272191903244974
0   2.3331228027533557
0   2.3331228027533597
0   2.0102991502666803
0   2.0102991502666896
0   1.9773261023550077
0   1.9773261023550042
0   2.4536268153201441
0   2.4536268153201548
0   2.0308065293287907
0   3.089107465739616
0   3.0891074657396245
0   2.4587325832566407
0   2.4587325832566433
0   2.3543471829059857
0   2.6218047349385345
0   2.6218047349385372
0   2.6811679406769469
0   2.0108304423777814
0   2.010830442377781
0   1.9631778927479036
0   1.9631778927479147
0   2.2244633578168211
0   2.2244633578168438
0   1.8987882535907001
0   1.8987882535907104
0   1.9907723629496834
0   2.1362653715258082
0   2.1362653715258033
0   2.3132644537317213
0   2.009392342481831
0   2.0093923424818319
0   2.3387546124882066
0   2.3387546124882057
0   1.6070209690784565
0   1.6070209690784596
0   2.4023982758744142
0   2.4023982758744094
0   2.2895471933017912
0   2.2895471933017739
0   1.94321915346893
0   1.9432191534689345
0   2.2238646829794941
0   2.2238646829794999
0   1.7293666011443647
0   2.170328918230954
0   2.1703289182309562
0   2.3039597139034771
0   2.3039597139034798
0   2.7213261216025351
0   2.7213261216025333
0   2.2678903209503316
0   2.2678903209503338
0   2.559385979753912
0   2.5593859797539147
0   2.0393897564836156
0   1.9975098330147607
0   2.3341794104750098
0   2.3341794104750089
0   2.4113426843268493
0   2.4113426843268519
0   2.2416823513426629
0   2.8170524099772987
0   2.3695964379480898
0   2.3695964379480943
0   2.287131506222067
0   1.9779145954446018
0   1.977914595444604
0   1.8596543268195052
0   1.8596543268195007
0   1.9748327213298968
0   1.9748327213299057
0   2.398357156416195
0   2.3983571564162114
0   2.1524884586413919
0   2.1524884586413977
0   2.3741678184354749
0   2.1505670386117739
0   2.150567038611785
0   2.0096017508663291
0   2.0096017508663295
0   2.405209502555774
0   1.943868164905556
0   1.8033880899453028
0   1.8033880899453019
0   1.9148594658745339
0   1.914859465874537
0   2.0947774080846857
0   1.7981513997416578
0   2.1169885882736978
0   2.1169885882737014
0   2.2389953792749266
0   1.5293916172334878
0   1.8732212690073275
0   2.3924754431761581
0   2.1547069016898845
0   2.1547069016898757
0   2.1532995805446413
0   2.1532995805446471
0   2.0059000955302202
0   2.0059000955302229
0   1.9465990660687358
0   1.9465990660687327
0   2.1749294588611456
0   2.1749294588611541
0   1.8710818915028606
0   1.7832908905777827
0   1.7832908905777853
0   2.0572328505592385
0   2.0572328505592368
0   1.9279508085472576
0   1.9279508085472554
0   1.980205595698163
0   1.9802055956981661
0   2.1322474343448508
0   2.132247434344861
0   1.9914946703756278
0   1.9914946703756371
0   1.8672256822105964
0   1.8672256822106044
0   1.7200603752431087
0   2.0883068125984283
0   2.088306812598431
0   1.869519201344624
0   1.8695192013446276
0   1.7900024643025687
0   1.7900024643025749
0   1.8101300501824662
0   1.8101300501824675
0   2.1515795429292557
0   2.1515795429292588
0   2.0292101951213386
0   2.0292101951213408
0   2.1086192374550925
0   2.0792162041325186
0   1.6624098602634865
0   1.6624098602634887
0   1.7003430095804153
0   1.70034300958041
0   2.1968406122381987
0   2.1968406122381996
0   1.8297836167105124
0   1.8297836167105133
0   2.0241986042171631
0   2.0241986042171738
0   1.5942685000240795
0   1.5942685000240737
0   1.8833814571434226
0   1.8833814571434186
0   1.7864270292982174
0   1.7864270292982187
0   1.8185873721519896
0   1.8185873721519914
0   2.1858814974157168
0   1.7796471065147474
0   1.9384318301823438
0   1.9384318301823509
0   2.1929248397564489
0   2.1929248397564458
0   1.6635722756942823
0   1.6635722756942823
0   1.806251906542701
0   2.4737302385648512
0   1.7851408285263926
0   1.7851408285263926
0   1.7547239882973682
0   1.7547239882973731
0   1.68042064799095
0   1.9501125146348723
0   1.9501125146348683
0   1.6731921178233229
0   1.6731921178233242
0   1.8679455746631413
0   1.8679455746631488
0   1.7231199357246751
0   1.7231199357246823
0   1.7747851431557122
0   1.7747851431557176
0   1.7941171813559396
0   2.0375076937847214
0   2.0375076937847734
0   1.6453194243954812
0   1.6453194243954896
0   1.7372589790624837
0   1.7372589790624833
0   1.7101139243064596
0   1.7101139243064019
0   1.9452704205286784
0   1.9452704205286846
0   1.9078558634190559
0   1.9078558634190577
0   1.9230197191469376
0   1.9230197191469416
0   1.8792490308606817
0   1.879249030860688
0   2.2077004799222859
0   2.0635542364772657
0   1.7670308556072953
0   1.7670308556072913
0   1.8493552116204679
0   1.9174153178093167
0   2.0580895797320005
0   2.0775797286914925
0   2.0775797286914934
0   1.5778820202268666
0   1.5778820202267339
0   2.4015123899213959
0   2.4015123899215145
0   2.0993857756101009
0   2.0993857756101013
0   1.3700183810719313
0   1.8467946588767039
0   1.8467946588767057
0   1.9751824877579098
0   1.9751824877579134
0   1.7647034630793939
0   1.7647034630793916
0   2.2939961764243937
0   2.2939961764243821
0   1.1844755948557169
0   2.7635120760906084
0   2.4780404667529154
0   2.4780404667529141
0   2.1718754565201146
0   2.1718754565201137
0   1.8164547937705708
0   1.8164547937705731
0   2.5099245895493056
0   2.5099245895492972
0   1.8892596334012679
0   1.6988431829587514
0   1.6988431829587616
0   1.9443735807830644
0   1.898905587250534
0   1.8989055872505358
0   1.7426951511492197
0   1.8408209608556536
0   1.8408209608556607
0   2.3255193945782868
0   2.4500375521865347
0   2.4500375521865458
0   2.4212611163268623
0   2.4212611163268596
0   2.1043224297421763
0   2.1043224297421803
0   1.9385380619030297
0   1.9385380619030257
0   1.9755184673276878
0   1.9755184673276882
0   1.8047800026434042
0   1.8047800026434073
0   2.515281500215266
0   2.6391999334881238
0   2.6391999334881131
0   1.8597249917006109
0   1.85972499170061
0   2.1059860158190382
0   2.1059860158190435
0   2.148773153228321
0   1.6416082587368845
0   1.6416082587368868
0   1.8792769045603199
0   1.8792769045603213
0   1.4341248549951175
0   1.4341248549951169
0   2.006122987459471
0   2.4747931654182485
0   2.4747931654182458
0   1.7827494300856173
0   1.7827494300856204
0   1.8916546858783869
0   1.8916546858783865
0   1.4347344200039978
0   1.8499313319049153
0   1.8499313319049175
0   1.5088924036308176
0   2.1529887120655671
0   2.1529887120655706
0   1.7688996940390895
0   1.768899694039094
0   1.6037944536336397
0   1.6037944536336131
0   2.1904583886967117
0   2.190458388696725
0   2.2547154646359604
0   2.2547154646359577
0   2.3095174639224072
0   2.309517463922425
0   1.9990154001028824
0   1.692159281640734
0   1.6921592816407407
0   2.1664187855604529
0   2.1664187855604644
0   2.164192940180953
0   1.8226274690072302
0   1.8226274690072177
0   1.4702096340620452
0   1.4702096340620427
0   1.9064289224631423
0   1.9064289224631401
0   1.8715694053272434
0   1.8715694053272403
0   1.8180597667719565
0   1.8180597667719574
0   2.160283285650872
0   2.1602832856508782
0   1.8909733278674339
0   1.6292059751396297
0   1.4664478325249126
0   1.4664478325249195
0   1.7881923079463622
0   1.7881923079463604
0   1.7752521744624143
0   1.7752521744624148
0   1.4050580729702495
0   1.4050580729702618
0   1.6963437132445041
0   1.6963437132445041
0   1.870359808154737
0   1.8703598081547472
0   1.682338201297259
0   1.6823382012972563
0   1.880128326721374
0   1.880128326721386
0   2.2044475455974366
0   2.2044475455974433
0   2.1409304366240898
0   2.140930436624112
0   2.1783465059330251
0   1.8431166287353711
0   1.8431166287353764
0   1.8162404930989773
0   1.8162404930989786
0   2.5406697492689312
0   1.7717674289527698
0   1.7717674289527787
0   1.8406274116861892
0   1.8406274116862016
0   1.7574469612897756
0   1.7574469612897778
0   1.9322114814506661
0   1.591305609607959
0   1.9011311595809155
0   1.6819961178849936
0   1.6819961178849963
0   2.2544853068545541
0   2.2544853068545496
0   1.3875353076563297
0   1.9032939627944114
0   1.5966601914591254
0   1.7494465150828122
0   2.2269195103460375
0   2.2269195103460424
0   1.9019349374644703
0   1.901934937464473
0   1.3831057009098107
0   1.5942532476587146
0   1.5942532476587177
0   1.6952938348153479
0   1.6952938348153666
0   1.4093374168719286
0   1.4093374168719284
0   1.8051094782150594
0   1.8051094782150479
0   1.5841050950133888
0   1.5841050950133995
0   1.9516870579507426
0   1.951687057950735
0   1.5936859414124518
0   1.5936859414124536
0   1.6492246244902131
0   1.6492246244902171
0   1.5802811919699478
0   1.7337568648286119
0   1.7337568648286128
0   1.8367622305012925
0   1.8367622305012921
0   1.7156122868390136
0   1.7156122868390158
0   1.9728059233279382
0   1.9529732069735246
0   1.3301508801004438
0   1.0122294313578559
0   2.0228762970893945
0   2.0228762970893976
0   1.2941134920984076
0   1.2941134920984132
0   1.660561177555536
0   1.6605611775555302
0   1.6527610686305612
0   1.6527610686305643
0   1.9507689004773741
0   1.0468351950248203
0   1.4927009294528359
0   1.4927009294528431
0   1.6349667785930895
0   1.6349667785931019
0   1.2305183036157534
0   1.2305183036157519
0   1.8923528222065018
0   1.892352822206496
0   1.3102580744727865
0   1.3102580744727979
0   1.7800301349608421
0   1.7800301349608403
0   1.7971159578773857
0   2.0722948752964676
0   1.9652339290851217
0   1.9652339290851208
0   1.0926897995036922
0   1.0926897995037372
0   1.5310362263553219
0   1.5310362263553299
0   1.3637898290943642
0   1.3637898290944006
0   1.8722417214385243
0   1.8822555845600148
0   1.8822555845600157
0   1.8855092595860761
0   1.8855092595860468
0   1.9855964407498674
0   1.9855964407498812
0   2.1889440644367482
0   2.1889440644367446
0   1.6698976775766368
0   1.6698976775766421
0   2.0052353033378041
0   2.0052353033378094
0   1.7394559111763126
0   2.0206526664837585
0   2.0206526664837705
0   1.7589536162673816
0   1.7589536162673811
0   1.6819950568447664
0   1.6819950568447579
0   2.0469873840285451
0   2.0469873840285588
0   1.931785281260801
0   1.9317852812607916
0   1.8943812624972924
0   2.1228772738113353
0   1.4969933008694278
0   1.4969933008694243
0   1.6376585521427645
0   1.6376585521427605
0   1.2918385519608533
0   1.5368228210046433
0   1.5368228210046464
0   2.1678580941610539
0   1.8302690525752281
0   1.830269052575237
0   2.3596162595067915
0   2.3596162595067915
0   2.1726970496490976
0   2.2172020297945645
0   2.2172020297945787
0   2.2955313072100503
0   1.420956344638189
0   1.4209563446381797
0   1.1805705676952218
0   1.6654691873941805
0   1.6654691873941956
0   1.5727765849860003
0   1.5960545227068339
0   1.5960545227068259
0   1.5544930869391931
0   1.554493086939206
0   1.2233463872185086
0   1.22334638721851
0   1.8290297241925568
0   1.8290297241925577
0   1.6833726574462791
0   1.6833726574462871
0   1.4043574330344679
0   1.4043574330344752
0   1.5119613936785079
0   1.5643073943580488
0   1.485560211312716
0   1.512702272845317
0   1.5127022728453214
0   1.7677111671140313
0   1.7677111671140433
0   1.3474101846684394
0   1.3474101846684461
0   1.7501740566204136
0   1.6238085365077843
0   1.6238085365077799
0   1.189427993782916
0   1.252230136998334
0   1.2522301369983346
0   1.6399723107618374
0   1.4531887140428703
0   1.2898276821596639
0   1.1770899028132782
0   1.1770899028132871
0   1.4250859083378267
0   1.4250859083378313
0   1.2870702309895921
0   1.6453147736883529
0   1.6453147736883573
0   1.8017608159794811
0   1.8017608159794838
0   1.2077576819680755
0   1.2077576819680789
0   1.2094827949542764
0   1.2094827949542764
0   1.5296717592703981
0   1.5296717592703963
0   1.1586260915754865
0   1.1586260915754878
0   1.1782570823490002
0   1.178257082348998
0   1.2691684770338316
0   1.2691684770338305
0   1.5027734380575977
0   1.5140274911592648
0   1.5730857980328703
0   1.5730857980326722
0   1.3439647732305229
0   1.3439647732305249
0   1.2449609306188927
0   1.2449609306188725
0   1.5468902529796176
0   1.5468902529798312
0   1.1141459157120484
0   1.114145915712055
0   1.8660106616075622
0   1.8660106616075849
0   1.6006452251935617
0   1.6006452251935706
0   1.5049623232490807
0   1.5049623232490799
0   1.0643504790540743
0   1.0643504790540792
0   1.8126245823248222
0   1.8126245823248328
0   0.77245617999465455
0   0.77245617999464411
0   0.78207427368901117
0   0.94836450614012713
0   0.94836450614012957
0   1.8715500030644505
0   1.0323814283691826
0   1.0323814283691795
0   1.048934250218249
0   0.93382128847036006
0   0.93382128847038048
0   1.0445805281328273
0   1.0445805281328289
0   0.51126533464275603
0   0.51126533464275825
0   0.99999999999999978
0   1.0000000000000036
0   1.0153967988474777
0   1.0030352724951379
0   1.003035272495139
0   1.0047296881788454
0   1.0047296881788523
0   1.0136949367443902
0   1.0136949367443921
0   0.33878600373708545
0   0.33878600373708856
0   0.30569250343130649
0   1.0099727208616953
0   1.0099727208617124
0   1.0169070376162792
0   0
0   0

1   2.9794888099122945
1   2.9036275995640271
1   2.9036275995640359
1   2.6900883975959986
1   2.6900883975960013
1   2.3799240609793419
1   2.3799240609793393
1   2.0406624966159317
1   2.0406624966159308
1   1.7660356785762561
1   1.7660356785762552
1   1.6580318620972321
1   3.305346092966444
1   3.1382138397320936
1   3.1382138397320194
1   2.7011534873162635
1   2.6744050391208085
1   2.6744050391207854
1   2.7433952810529649
1   2.743395281052956
1   2.5773798184537688
1   2.5773798184537626
1   2.476550522227269
1   2.4765505222272775
1   2.5924215666166677
1   2.5924215666166637
1   2.5164919647227091
1   2.5164919647227095
1   2.2770283605928108
1   2.2770283605928046
1   2.1873338569781837
1   2.1873338569781589
1   1.995781186704503
1   1.9957811867045181
1   2.013296487709678
1   1.899495591891752
1   3.0151132721298763
1   2.8763757679206114
1   2.8763757679206137
1   2.7296934636328598
1   2.7296934636328509
1   2.5913780204529711
1   2.5913780204529502
1   2.3852765212352969
1   2.3852765212352267
1   2.2383277682113065
1   2.2383277682112754
1   2.2072499578518232
1   2.8452187851335311
1   2.7194179484986969
1   2.7194179484986734
1   2.5603574072790249
1   2.5603574072790187
1   2.4309800819934564
1   2.4309800819934546
1   2.3577365343794296
1   2.3577365343794194
1   2.2733876689979287
1   2.2733876689979216
1   2.2279753495606682
1   2.3960385780417637
1   2.4345131937606119
1   2.4345131937606164
1   2.37111301507107
1   2.3711130150710686
1   2.4112134675286105
1   2.4112134675285923
1   2.2753693489321929
1   2.2753693489321849
1   2.327554530408853
1   2.2763421508258772
1   2.2763421508258679
1   2.451373781526974
1   2.4513737815269665
1   2.5142388442350034
1   2.5142388442350065
1   2.3029234411892423
1   2.3029234411892419
1   2.6499820810198988
1   2.6499820810199077
1   2.0592371952754847
1   2.0592371952754722
1   2.8135318552051842
1   1.769134603392216
1   2.1317967800814306
1   2.5163234496952067
1   2.6547785256408143
1   2.6547785256408383
1   2.6893534625675852
1   2.689353462567595
1   1.8861460876930805
1   1.8861460876930627
1   2.4936951152583045
1   2.4936951152583209
1   2.1159207287613424
1   2.1159207287612305
1   2.758175733799801
1   2.6401800670196951
1   2.6401800670196431
1   2.3278498908653202
1   2.3278498908653087
1   1.9476187560267566
1   1.9476187560267708
1   1.7843238978858613
1   1.7843238978859839
1   1.7037288395831611
1   1.7037288395831847
1   1.5927840877733903
1   3.9448752548061918
1   3.6909858353879139
1   3.6909858353879219
1   2.581520838679042
1   2.5815208386790403
1   2.6367904673411084
1   2.7189812089047312
1   2.7189812089047432
1   2.5832425839955584
1   2.583242583995558
1   2.2034956026852308
1   2.2034956026852495
1   3.3677738655892568
1   3.3677738655892453
1   2.3189226874815736
1   2.3189226874815718
1   2.3833139114655113
1   2.3833139114654891
1   2.2325496734318282
1   2.2325496734318264
1   2.7897806331582524
1   2.2003799571703935
1   2.2003799571703704
1   2.5060646354276712
1   2.7250874439553097
1   2.7250874439552977
1   2.3784126093166735
1   2.3784126093166611
1   2.2738751525870771
1   2.2738751525870562
1   2.5856763771007429
1   2.5581839195696627
1   2.5581839195696614
1   1.6976528755286822
1   2.0931799021791884
1   2.0931799021791826
1   2.7252642354450511
1   2.2624391778885204
1   2.1854065479558011
1   2.185406547955802
1   2.2144936835686191
1   2.2144936835686164
1   2.2161668255669351
1   2.2161668255669267
1   2.0558406722494964
1   2.0558406722494826
1   1.757336084190138
1   1.7573360841901406
1   2.5159187728432637
1   2.0333955927938643
1   2.0333955927938541
1   2.4779871331565899
1   2.4779871331565895
1   2.3066623230229557
1   2.306662323022945
1   1.9286975707582692
1   1.7415150173095819
1   1.7415150173095797
1   1.9535437438104384
1   1.9535437438104379
1   2.4154774744141241
1   2.415477474414113
1   2.2950046233889068
1   2.2950046233889072
1   2.5266453835898703
1   2.5266453835898726
1   2.6356887829903513
1   2.6356887829903464
1   2.6580437843831164
1   2.3925157943382982
1   2.3925157943382929
1   2.3830279945290944
1   2.3830279945290855
1   2.0092429293100742
1   2.0092429293100769
1   2.1401953915688878
1   2.1401953915688896
1   1.959847914637753
1   1.9598479146377636
1   2.0573821577889015
1   2.0573821577889024
1   2.0948065543043026
1   1.8586960552684011
1   1.7354720636215442
1   3.3092364232095766
1   2.7993225521073111
1   2.7993225521073102
1   2.6614388242838638
1   2.6614388242838576
1   2.8457129233481719
1   2.8457129233481671
1   2.4388749238925285
1   2.4388749238925254
1   2.428941234396595
1   2.4289412343966004
1   2.1762399923897533
1   2.9853414919592898
1   2.8440176630235254
1   2.8440176630234895
1   2.8443124669657522
1   2.3174715348966295
1   2.3174715348966362
1   2.4443368952697422
1   2.4443368952697306
1   2.7743871854553874
1   2.2678559891596373
1   2.2678559891596377
1   2.719801972588896
1   2.7198019725888924
1   3.1898439019633118
1   3.1898439019632998
1   2.1415272030047032
1   2.1415272030046881
1   2.4062652601901995
1   2.406265260190203
1   2.2727542107063421
1   2.7322239451281929
1   2.7322239451281782
1   2.3419869008936192
1   2.3419869008936187
1   2.3427461097036391
1   2.4571115780746378
1   2.4571115780746333
1   3.0516128366741402
1   2.6327554117832745
1   2.6327554117832808
1   2.4250725325486604
1   2.4250725325486711
1   2.473847241694719
1   2.4738472416947328
1   2.5443377442520072
1   2.5443377442520032
1   2.5591859740478187
1   2.2860290458452819
1   2.2860290458452779
1   2.3307049672626001
1   2.3307049672625997
1   2.7809027299240001
1   2.7809027299240028
1   2.0053436059672736
1   2.626111810880241
1   2.6261118108802433
1   2.1255047304077666
1   2.1255047304077697
1   2.3621227880572726
1   2.3621227880572713
1   2.6362494307916067
1   2.6362494307916138
1   2.7004392229989334
1   2.2938495175499036
1   2.2938495175499072
1   2.4473244678787887
1   2.447324467878786
1   2.167320565229431
1   2.1673205652294265
1   2.3272397394554045
1   2.3272397394554001
1   2.0219828595320859
1   2.0219828595320877
1   2.4022412242089404
1   1.9045848845634756
1   1.9045848845634676
1   2.335424808554726
1   2.3354248085547251
1   1.6863639251626936
1   2.6058937131232538
1   2.6058937131232467
1   1.9196504708070536
1   1.9196504708070647
1   1.83817274977753
1   2.6443866256007955
1   2.6443866256008075
1   2.3869531650234883
1   2.3869531650234812
1   2.4550819653656379
1   2.4550819653656348
1   2.0895591597358836
1   2.0895591597358796
1   2.4959836657085024
1   2.1125950373837759
1   2.1125950373837732
1   1.9812970477538352
1   1.981297047753833
1   2.2368819281450869
1   2.2368819281450829
1   2.0858500314274031
1   2.3707074560430712
1   2.3707074560430681
1   2.4801778383650088
1   1.7790264203038726
1   1.779026420303873
1   2.0426966538112867
1   2.4018641773174081
1   2.038064766132329
1   2.0380647661323303
1   2.608779494859661
1   2.6087794948596641
1   2.2766629548018344
1   2.2766629548018327
1   2.4486972151371416
1   2.4486972151371487
1   2.0748098017786289
1   2.0748098017786298
1   2.4674053503124664
1   2.3293529421004844
1   2.3293529421004964
1   2.0732816278037967
1   2.1583862206986475
1   2.1583862206986391
1   1.8912672314164181
1   1.8912672314164221
1   1.8577779934310659
1   1.8577779934310681
1   1.9931096950612628
1   2.0580469694866572
1   2.0149408304041141
1   1.9557583305683908
1   1.9557583305683908
1   2.596143584577558
1   2.5961435845775642
1   2.4011426764992541
1   2.4011426764992532
1   1.9949981036176871
1   1.9949981036176947
1   1.9550338916181871
1   2.6220446154967889
1   2.6220446154967894
1   2.0560256067400671
1   2.0560256067400662
1   2.0325839065815665
1   2.0325839065815687
1   2.6541734673578166
1   2.6541734673578237
1   2.8804978850085661
1   2.3024196634919103
1   2.3024196634919072
1   1.9723454761670833
1   1.9723454761670665
1   1.8868518972830968
1   1.8868518972830941
1   3.0595121548985325
1   2.6027319386505821
1   2.6027319386505821
1   2.4291542780039519
1   2.4291542780039546
1   2.5588763606649554
1   2.5588763606649558
1   2.2582025238647732
1   2.2582025238647763
1   2.5774117864480202
1   2.5774117864480242
1   2.2229597115964146
1   2.2229597115964133
1   2.5778110489352195
1   2.577811048935216
1   2.3002227196141392
1   2.3541520583375104
1   2.3541520583375015
1   2.4463413771245044
1   2.4463413771245071
1   2.3982676452390286
1   2.6099380858294139
1   2.6099380858294174
1   2.6227412922157436
1   2.4550348709983427
1   2.4550348709983463
1   2.1805392543818805
1   2.1805392543818525
1   2.2409277573308959
1   2.2409277573309279
1   2.1931658467205639
1   2.1931658467205715
1   2.5020465526548676
1   2.5020465526548645
1   2.5637255288268221
1   2.5637255288268266
1   2.425928698855631
1   2.102075042714227
1   2.1020750427142305
1   2.1907523670479869
1   2.3135053133300838
1   2.3135053133300953
1   2.6992460559447289
1   2.4759555147512726
1   2.475955514751278
1   2.1737305053886335
1   2.173730505388634
1   2.3193435894537253
1   2.319343589453724
1   2.0092023248087032
1   2.1512886346371864
1   2.1512886346371887
1   2.0046692802582395
1   2.3339549288180104
1   2.3339549288180099
1   2.2551888066147909
1   2.2551888066147918
1   1.8632753539412286
1   2.5504526635117442
1   1.7863758811829697
1   1.7863758811829697
1   2.1410658300452092
1   2.1410658300452146
1   2.2747804290994638
1   2.274780429099466
1   1.8110741405434667
1   2.3895227895664357
1   2.3895227895664397
1   1.9247807181437468
1   1.9247807181437531
1   2.1192174936036334
1   2.119217493603637
1   2.3632905120745571
1   2.3632905120745571
1   2.8578583566832658
1   2.4158867051427042
1   2.4158867051427118
1   1.8443291996290427
1   1.8443291996290458
1   2.4249126044726128
1   2.4249126044726119
1   2.2618205830406186
1   2.1708400078280761
1   2.1708400078280787
1   2.3604642934745934
1   2.3604642934745921
1   2.0861493306307795
1   2.1970478789400105
1   2.1970478789400127
1   2.1342518415072442
1   2.1342518415072504
1   2.1021719984372838
1   2.1021719984372829
1   2.1192142487089631
1   2.1192142487089667
1   2.8280764051386331
1   2.4517729525052938
1   2.121126644846985
1   2.3362627296462035
1   2.3362627296462106
1   2.2060610649976207
1   2.206061064997618
1   2.352670123013259
1   2.3526701230132625
1   2.6656645103627148
1   2.293131226542211
1   2.4077823201308077
1   2.4077823201308073
1   1.9545774733044761
1   1.9338288777624517
1   1.9338288777624482
1   2.2201142335781778
1   2.2201142335781801
1   1.9595713820281446
1   2.1703339802467374
1   2.1703339802467396
1   2.2569506705775577
1   2.2569506705775546
1   2.2435315815768142
1   2.2435315815768155
1   2.1499831923428907
1   2.1499831923428876
1   2.5227996040341472
1   2.5227996040341512
1   2.2986036212923771
1   2.2986036212923784
1   2.171892850562259
1   2.3773166559703816
1   2.3773166559703784
1   2.2536722892403103
1   2.2536722892403116
1   2.0068217788565303
1   2.2815834952306049
1   2.281583495230608
1   1.7531524238495781
1   1.753152423849575
1   2.0947850181955938
1   2.0947850181955947
1   1.9173433488290121
1   1.9173433488290086
1   2.3209201827552035
1   1.6553650200228156
1   1.6553650200228103
1   1.7659008099371869
1   1.7659008099371718
1   2.0141432155050318
1   2.0141432155050309
1   2.2302735216278333
1   2.1546284920022094
1   2.1546284920022338
1   2.0449665337185108
1   2.0449665337185299
1   2.2089633844636278
1   2.2089633844636425
1   2.0378170941216722
1   2.0378170941216731
1   1.9419844150430561
1   1.9419844150430388
1   1.784629107883398
1   2.1362260848012955
1   2.1362260848012813
1   1.6592900167237263
1   1.6592900167237294
1   1.6646630490716139
1   1.6646630490716077
1   2.1905734946847892
1   1.8874898224522521
1   1.8874898224522556
1   2.4096094652481836
1   1.6390069339193833
1   1.9796482737223267
1   1.9796482737223271
1   1.8527516205226653
1   1.8527516205226666
1   2.1243313629219589
1   2.1243313629219638
1   2.5783439540263275
1   2.5783439540263267
1   2.7539651448612155
1   2.3353575392003876
1   2.3353575392003951
1   2.1826060627424768
1   2.1826060627424742
1   2.133743727031197
1   2.1337437270311792
1   2.0512173726528315
1   2.0512173726528293
1   2.0122830173062982
1   2.0469408845210579
1   2.0469408845210624
1   2.2291881786973677
1   2.2291881786973633
1   2.0518239964765437
1   2.0518239964765801
1   2.1411504279974158
1   2.1411504279974207
1   2.1740055105767544
1   2.1740055105767633
1   1.7392297680997033
1   1.99088648038996
1   1.9486778650140164
1   1.9486778650140346
1   1.7743572279963167
1   1.7743572279963176
1   2.296595869921485
1   2.2965958699214908
1   2.3564838798289145
1   2.3564838798289105
1   1.9762221880929505
1   1.97622218809293
1   2.2951801860492851
1   2.2951801860492909
1   1.9989057408231488
1   1.9989057408231456
1   2.5123005448240843
1   2.5123005448240994
1   2.4206957579387369
1   1.7196828948602771
1   1.9853073423597491
1   1.9853073423597585
1   2.6421519977212742
1   1.9830314906349149
1   1.983031490634914
1   1.9768360613680933
1   2.021378022760389
1   2.0213780227604041
1   2.4003520758254644
1   1.8096082387668018
1   1.8096082387668027
1   2.3215896111426351
1   2.3215896111426195
1   2.3216350614191867
1   2.3216350614191832
1   2.238260950273137
1   2.2382609502731419
1   1.8270029909042256
1   1.8270029909042078
1   2.0580558925513173
1   2.0580558925513301
1   2.0606526809859664
1   2.0606526809859811
1   1.9013727006261867
1   1.9013727006261889
1   2.0611716532468547
1   2.3518691895205648
1   2.3518691895205555
1   1.8716192482743326
1   1.8940810592933288
1   1.8940810592933297
1   1.9987243299922794
1   1.9987243299922772
1   1.9694783333269861
1   1.9955350147276421
1   1.9955350147276509
1   1.9766698959214257
1   1.9766698959214333
1   2.0758715310640943
1   2.0758715310641018
1   2.2006120737900101
1   2.2006120737900225
1   2.0898342591851895
1   1.7757097950426286
1   1.7757097950426326
1   2.2040153412701344
1   2.20401534127013
1   2.3428907416554354
1   1.9353157896123681
1   1.9353157896123463
1   2.1374675089025579
1   1.709000458849752
1   1.7090004588497751
1   1.8287972213146251
1   1.8287972213146202
1   1.7902734052685183
1   1.9950842672961158
1   1.995084267296122
1   1.8732548216567992
1   1.8732548216568032
1   2.2354811474674801
1   2.2354811474674401
1   1.8358771088889227
1   1.8358771088888934
1   1.8390235759536346
1   1.8390235759536377
1   2.0610741768373746
1   2.0610741768373853
1   2.2457009876272207
1   1.8617799269146742
1   1.7436949515763454
1   1.7436949515763533
1   1.8212076694913328
1   1.8212076694913253
1   1.8594013210148228
1   1.8594013210148255
1   1.9413327736599602
1   1.9413327736599526
1   1.7817230693626862
1   1.8998157414016772
1   1.8998157414017132
1   1.9563722573923257
1   1.9563722573923443
1   1.8779665294191568
1   1.8779665294191417
1   1.9094514198309125
1   1.9094514198309653
1   1.8155423892315827
1   1.8155423892315716
1   1.7322905344947563
1   1.7322905344947306
1   1.9683115359867069
1   1.968311535986726
1   2.0172898453514061
1   2.0172898453514532
1   1.5260068694393447
1   2.2889107319061459
1   2.288910731906145
1   1.8885915468808574
1   1.7807970117066825
1   1.9368002320098636
1   1.9368002320098672
1   1.8372932681873224
1   1.8372932681873388
1   2.0181882672491045
1   2.0181882672491072
1   1.534082815196558
1   1.5340828151965424
1   1.72204052823554
1   1.7220405282355364
1   1.9566709314649313
1   1.9566709314649353
1   1.4131733024886601
1   2.2870299571254433
1   1.6633566767518198
1   1.6633566767518162
1   1.8044753057440732
1   1.763760944552601
1   1.7637609445525988
1   1.993268314582759
1   1.8208369665138182
1   1.765420661336552
1   1.7654206613365568
1   1.7947560809019989
1   1.7947560809019936
1   2.1277122818013332
1   1.9391323036046417
1   1.9191882280852339
1   1.9191882280852304
1   1.5278930010068748
1   1.7299778944141226
1   1.7299778944141155
1   1.6810294630376976
1   1.9792276654105816
1   1.9792276654106047
1   1.9031118769132331
1   1.9031118769132407
1   1.5315857430257331
1   1.5315857430257389
1   1.9962859636582428
1   1.9962859636582428
1   1.6570231087768121
1   1.6570231087768055
1   1.5559948018761629
1   1.3037351241235651
1   1.303735124123419
1   1.2761980774667514
1   1.5737825254854032
1   1.5737825254854054
1   1.6888574817498037
1   1.6888574817498161
1   1.5501349517105854
1   1.5501349517104481
1   1.8855856229183026
1   1.8855856229183621
1   1.4742627749090584
1   1.4742627749089801
1   1.6924376320249594
1   1.6924376320249612
1   1.7144413655107509
1   1.7144413655107598
1   1.8757102936722525
1   1.8757102936722529
1   2.3068916563193769
1   1.801868025353027
1   1.8018680253530226
1   2.107463337368404
1   1.8517128538805512
1   1.8517128538805534
1   2.2210075394693343
1   2.2210075394693374
1   1.0535810499154905
1   1.0535810499154925
1   1.714619714687954
1   1.7146197146879576
1   1.8870819923728912
1   1.8870819923728837
1   1.7020989427105246
1   1.8750450459284695
1   1.9506522416323815
1   1.4481178239663961
1   1.4481178239664043
1   1.8216279629959535
1   1.8856277387653786
1   1.8856277387653786
1   2.0980184402460527
1   1.6570034799869959
1   1.6570034799870097
1   1.4639104591643886
1   1.4639104591643952
1   1.5039959953908957
1   1.5039959953909028
1   1.5687018305157081
1   1.5687018305157236
1   2.023323885810155
1   2.0233238858101585
1   1.4254740742418244
1   1.4254740742418306
1   1.6080813675588979
1   1.6080813675589041
1   1.7471819293584026
1   1.7471819293584065
1   1.4043147209396969
1   1.4043147209397218
1   1.3109523181143261
1   1.6279350257525627
1   1.6279350257525524
1   1.8106622812759747
1   1.8106622812759885
1   1.9276123115744905
1   1.5954932962165436
1   1.5954932962163713
1   1.310737636766208
1   1.310737636766423
1   1.5498240874123126
1   1.5498240874123028
1   1.3247487395082198
1   1.324748739508226
1   1.181250253092939
1   1.1812502530929443
1   1.1374693875788815
1   1.1374693875788828
1   1.0911766419872679
1   1.0784721658804033
1   1.0784721658804033
1   1.0421809650161271

2   3.4002021897367323
2   3.3257583014999978
2   3.3257583015000005
2   3.1232045311112704
2   3.1232045311112642
2   2.8462253097507078
2   2.8462253097507051
2   2.5660672997473104
2   2.5660672997473131
2   2.3569722951879726
2   2.3569722951879735
2   2.2792111252296379
2   3.6939618571695672
2   3.4708910397819084
2   3.4708910397818835
2   3.0597944583168704
2   3.0597944583168446
2   2.8277347704329734
2   2.8277347704329618
2   2.8860055429307803
2   2.8860055429307625
2   3.0563209004125467
2   3.0563209004125387
2   3.138006667483511
2   3.0622335892484522
2   3.0622335892484487
2   3.0838387564168634
2   3.0838387564168603
2   2.7689902034759939
2   2.7689902034760014
2   2.5545181008505349
2   2.8738524937850278
2   2.8738524937850367
2   2.6340348947031287
2   2.6340348947031287
2   2.5314143844103509
2   3.720649042385646
2   3.2979218087289452
2   3.2979218087289293
2   3.2078325221936979
2   3.207832522193697
2   3.1551305530592839
2   3.1551305530592875
2   2.8959955679172018
2   2.8959955679171991
2   2.803595722803093
2   2.8035957228030894
2   2.7963372802860533
2   3.1236401853771261
2   3.1236401853771203
2   3.2800531366320929
2   3.2800531366320929
2   2.6403754665842873
2   2.7807293793668788
2   2.7807293793668761
2   2.5616310775404205
2   2.5616310775404254
2   2.7129310851776927
2   2.7737211065666147
2   2.773721106566617
2   3.1784206684352494
2   2.6509944861779515
2   2.6509944861779551
2   2.7757612204195969
2   2.7757612204195961
2   3.055109650920762
2   3.0551096509207669
2   2.9484285312912388
2   2.9484285312912308
2   3.0340264754755242
2   3.0340264754755202
2   3.1049797485181458
2   2.9144515944555538
2   2.9144515944555414
2   2.9388654009394966
2   2.9388654009395005
2   2.8766934435565883
2   2.8766934435565719
2   2.5121623505566131
2   2.967702274528381
2   2.5041687079364245
2   2.5041687079364223
2   2.7792066041928916
2   2.7792066041928991
2   3.2572842146650425
2   3.257284214665038
2   3.2727261831624381
2   3.2727261831624328
2   3.038587082118803
2   3.0841837269774759
2   2.9498706975361535
2   2.9498706975361562
2   2.8170099271706373
2   2.817009927170631
2   2.6254554604757567
2   2.6254554604757487
2   2.5179136444238992
2   2.5179136444238948
2   2.4823011520348937
2   2.4823011520348977
2   3.361725578061614
2   2.223173916863932
2   2.2231739168639288
2   2.2781972445757384
2   2.2781972445757357
2   2.314166826014223
2   2.6904381408662998
2   2.1829817332408461
2   2.1829817332408434
2   3.5215144780019072
2   3.5215144780019001
2   3.2149637656147672
2   3.2149637656147636
2   2.8615951495923131
2   2.8615951495923184
2   2.9877948159878169
2   2.9877948159878125
2   3.2263473429104166
2   3.2263473429104019
2   3.1802388510941628
2   3.2231952497574254
2   2.7934480135238111
2   2.7934480135238129
2   2.5929243837955127
2   2.592924383795514
2   3.0341991408979583
2   3.0341991408979463
2   2.7006543581521201
2   2.7006543581521196
2   2.9467153788155183
2   2.946715378815516
2   2.8183028291703116
2   2.9492734148938746
2   3.0479550557542767
2   3.0479550557542767
2   2.8082017900275753
2   3.0036507147549081
2   3.0036507147549085
2   2.7287830619225613
2   2.8264184324252613
2   2.8264184324252568
2   3.4633201973843399
2   2.7283382663581999
2   2.7283382663581999
2   3.1848789258987593
2   3.1848789258987624
2   2.6606407952103344
2   2.6606407952103335
2   2.6271121578378214
2   2.8287936408990011
2   2.8287936408989927
2   2.923432539121106
2   2.9234325391211047
2   2.805292067855313
2   2.8052920678553135
2   2.5068906298745026
2   2.5068906298745048
2   2.3885905484373655
2   2.3885905484373646
2   3.4123495678517206
2   3.424823087932638
2   3.4248230879326362
2   2.8798534876639366
2   2.8798534876639312
2   2.386404990658257
2   2.386404990658257
2   2.7984090751605692
2   2.7984090751605692
2   2.4459738206767545
2   2.7184354651991582
2   2.718435465199164
2   2.7826261785825124
2   2.7826261785825115
2   2.9713891294520685
2   2.9713891294520702
2   2.311558125126858
2   2.4742356701169017
2   2.474235670116911
2   2.6172557299176233
2   2.6172557299176216
2   2.7654049099482023
2   2.7654049099482019
2   3.11527993607314
2   3.1152799360731334
2   3.5214187027498101
2   2.7117738029653222
2   2.5802124621878488
2   2.652642033126162
2   2.6526420331261593
2   3.6321047347821596
2   3.6321047347821542
2   3.6392530268912662
2   3.6392530268912662
2   2.9544249267314102
2   2.9544249267313991
2   2.8025456306372134
2   2.8025456306372112
2   3.1576341325580142
2   3.1576341325580168
2   2.8816343927612471
2   2.881634392761252
2   3.1102424772782129
2   3.1102424772782085
2   2.4169956192741533
2   2.7734569743049313
2   2.5953267688971033
2   2.5953267688971038
2   2.7173857596874451
2   2.8582924935443716
2   2.8582924935443699
2   2.6839178217770545
2   2.6839178217770545
2   2.5011630216512111
2   2.5011630216512111
2   2.765056779157876
2   2.6876917659463793
2   2.9226141200155777
2   3.1898069947940013
2   3.1898069947939987
2   2.7786932797461419
2   2.7786932797461334
2   3.5549851251642863
2   3.5549851251642792
2   2.6984902646230231
2   2.69849026462302
2   2.3640082488811114
2   2.6968821770273537
2   2.6968821770273612
2   2.9423408953909012
2   2.9423408953909056
2   2.6372432839683722
2   2.6372432839683744
2   2.5730756504356465
2   2.5730756504356456
2   2.905414668371987
2   2.9054146683719839
2   2.8397700659898679
2   2.8397700659898639
2   2.6694048369561574
2   2.669404836956152
2   2.5443726807912457
2   2.5443726807912439
2   2.7110089839729961
2   2.7110089839729974
2   3.0514997424537578
2   3.0514997424537591
2   2.6809488588419779
2   2.6809488588419774
2   2.854689915452556
2   3.1486245057491202
2   2.5262869619756279
2   2.5262869619756265
2   2.6388143189622317
2   2.6388143189622277
2   2.9999999999999991
2   2.5679117545426262
2   2.5679117545426244
2   2.6194883338667583
2   2.6194883338667574
2   2.702509064018999
2   2.7815536758732002
2   2.5936239927485265
2   2.5936239927485283
2   3.1078343257040184
2   2.5945502982576172
2   2.5945502982576181
2   2.5024978993225302
2   2.5024978993225311
2   2.4675123021449634
2   2.4675123021449643
2   2.5909943051849402
2   2.5909943051849416
2   2.7763494091994505
2   2.7763494091994536
2   2.4314772794643718
2   2.4314772794643731
2   2.9344154374165918
2   2.9344154374165914
2   2.5471739797624462
2   2.5471739797624493
2   2.5842167890282539
2   2.7552816815710379
2   2.7552816815710415
2   2.1571842015074894
2   2.4772553421088372
2   2.6075889578589599
2   2.6075889578589599
2   2.3905278659803111
2   2.3905278659803102
2   2.4072510363430513
2   2.4072510363430561
2   2.8768295687686507
2   2.8768295687686525
2   3.2385477929837663
2   2.7901330886157969
2   2.7901330886158031
2   2.3720949507511704
2   2.5291498944344535
2   2.5777277655480018
2   2.5777277655480018
2   2.8063587093273994
2   2.8063587093274016
2   2.7724571908902282
2   2.6405642600834009
2   2.6405642600834058
2   2.3190651505590956
2   2.549377070404677
2   2.5493770704046801
2   2.4574265743673833
2   2.457426574367386
2   2.5703601053757308
2   2.570360105375729
2   3.1000605371814807
2   2.3355215346948297
2   2.3355215346948306
2   2.6399497561613603
2   2.6399497561613479
2   2.4362899960585267
2   2.436289996058512
2   2.6590367386742506
2   2.613762325007285
2   2.6137623250072841
2   2.7043159899770153
2   2.7043159899770259
2   2.4915753492327055
2   2.4915753492327104
2   2.5028006611665035
2   2.5028006611665061
2   2.6611971473637932
2   2.661197147363795
2   2.802227352718992
2   2.516352229160729
2   2.5163522291607245
2   2.9317511859589858
2   2.4721483470833578
2   2.4721483470833596
2   2.3526782218777615
2   2.352678221877762
2   2.2451841300057889
2   2.2451841300057893
2   2.5269984374218182
2   2.5269984374218204
2   2.9487754678697331
2   2.94877546786973
2   2.9203282445461527
2   3.1120872949767495
2   3.1120872949767566
2   2.9432715610812252
2   2.9432715610812297
2   2.5753535203540392
2   2.5772381666702198
2   2.3672186614571307
2   2.3672186614571333
2   2.7092432702391673
2   2.7092432702391704
2   2.4950421182081648
2   2.4950421182081652
2   2.4502261203041091
2   2.5121734549413683
2   2.5121734549413604
2   2.9716057033396188
2   2.9716057033396188
2   2.8414665004844815
2   2.7434534962643129
2   2.743453496264312
2   2.8517201283799838
2   2.8517201283799842
2   2.4893495766351781
2   2.489349576635179
2   2.2983749955981021
2   2.2983749955981008
2   2.1600069557561201
2   2.1600069557561219
2   2.5887208434992779
2   2.7380034482952933
2   2.7380034482952933
2   2.4230938141515108
2   2.4230938141515126
2   2.5051954622210286
2   2.5126110669023358
2   2.5126110669023394
2   2.3286150335634046
2   2.3286150335634037
2   2.1694932094346822
2   2.4581626277217037
2   2.458162627721705
2   2.7011993977462621
2   2.4674532888417589
2   2.4674532888417633
2   2.4590407344895446
2   2.4590407344895349
2   2.5270227760225552
2   2.5270227760225552
2   2.5175815757342894
2   2.5175815757343032
2   3.0215021791936989
2   2.3993193810872269
2   2.3993193810872286
2   2.4770389580315637
2   2.4770389580315659
2   2.0899816471709038
2   2.4461634085530011
2   2.4461634085530042
2   2.5621214562120911
2   2.5621214562120977
2   2.668184312159116
2   2.6681843121591289
2   2.5466262771244796
2   2.546626277124489
2   2.3561882188700536
2   2.3561882188700598
2   2.6747179540290715
2   2.2714447684345012
2   2.2714447684345078
2   2.2211438932590704
2   2.221143893259061
2   2.1746590544195916
2   2.1746590544195992
2   2.5492038628627371
2   2.549203862862742
2   2.4062337640452953
2   2.3399815845209617
2   2.3399815845209644
2   2.5739914316257297
2   2.5739914316257302
2   2.1336390845203841
2   2.180697491515601
2   2.1806974915156054
2   2.2603673956083674
2   2.2603673956083679
2   2.2792799347301957
2   2.2792799347302002
2   2.1972548343720231
2   2.1972548343720253
2   2.5363937452880623
2   2.2514081903726559
2   2.4109577061770326
2   2.410957706177034
2   2.427079489527082
2   2.4270794895270882
2   2.3274555534572219
2   2.3274555534572237
2   2.4944871400673554
2   2.4944871400673563
2   2.3899374367909205
2   2.389937436790921
2   2.3564645672283953
2   2.3564645672283984
2   2.2926408516300802
2   2.007128289401404
2   2.3608302306998041
2   2.3608302306998081
2   2.0879735295429414
2   2.1019801989077695
2   2.1019801989077722
2   2.0072998553506274
2   2.5118197204097652
2   2.5118197204097674
2   2.2556806774793836
2   2.5679853869768992
2   2.5679853869768952
2   2.3193779474544498
2   2.3193779474544507
2   2.4140057024996735
2   2.4140057024996762
2   2.3420978205645113
2   2.3420978205645118
2   2.3579375197325714
2   2.3579375197325745
2   2.6820724886629201
2   2.322237527364055
2   2.3222375273640647
2   2.3811481041235676
2   2.5378072421181512
2   2.5378072421181557
2   2.5409977421462941
2   2.1476189094753071
2   2.1476189094753071
2   2.2498234129708212
2   2.2498234129708217
2   2.2046612038431017
2   2.1049528663367916
2   2.1049528663367947
2   2.3747205746663709
2   2.1727910906364731
2   2.172791090636478
2   2.0988538633978591
2   2.0988538633978631
2   2.070581134597604
2   2.0705811345976124
2   2.0933070354954149
2   2.0933070354954229
2   2.2166108965761899
2   2.2166108965761997
2   2.1572519032029267

3   4.0648946969881088
3   3.9675048345400645
3   3.967504834540061
3   3.7350106194751955
3   3.735010619475192
3   3.4770575192351658
3   3.4770575192351627
3   3.2725121699592004
3   3.2725121699591977
3   3.1488601159155682
3   3.1488601159155647
3   3.1081748358746766
3   4.7373967973310451
3   4.1520444101246241
3   4.1520444101246179
3   3.6187989274881893
3   3.6187989274881875
3   3.3622523381777598
3   3.3622523381777585
3   3.4316453936883433
3   3.4316453936883429
3   3.5825120560904677
3   3.582512056090466
3   3.6502285032644117
3   3.3826979789640839
3   3.3826979789640754
3   3.9873686968707309
3   3.9873686968707265
3   3.0000000000000013
3   4.4295516458075888
3   3.7317982808219794
3   3.7317982808219714
3   3.7879575177008693
3   3.7497804778478558
3   3.7497804778478541
3   3.700836571175711
3   3.7008365711757127
3   3.1875893624969898
3   3.1875893624969796
3   4.1768314167955634
3   4.1768314167955571
3   3.5962159555035393
3   3.5962159555035278
3   3.7264662636101571
3   3.7264662636101562
3   3.7534843500663078
3   3.7534843500663024
3   3.5497634565255316
3   3.5497634565255307
3   3.1312857367502032
3   3.1312857367502023
3   3.4602833177855641
3   3.4571301157822596
3   3.45713011578226
3   3.9193056928693428
3   3.9193056928693428
3   3.5458735596857345
3   3.9248169659923544
3   3.92481696599235
3   3.0000000000000009
3   3.4889397871461481
3   3.0782121850528137
3   3.0782121850528115
3   3.5562168113191746
3   3.5562168113191719
3   3.9963108533149647
3   3.9963108533149656
3   3.895930021630079
3   3.8959300216300763
3   3.8610286248953818
3   3.6103766213190438
3   3.6103766213190456
3   3.3670090449822396
3   3.3670090449822392
3   3.4946747971756316
3   3.4946747971756325
3   3.2638738347368239
3   3.2638738347368155
3   3.7526856362958299
3   3.5601950256314927
3   3.3612328642723464
3   3.3612328642723512
3   3.1122456974129067
3   3.1122456974129054
3   3.9182627715975658
3   3.3971233751804348
3   3.3971233751804362
3   3.3722376024861989
3   3.3722376024861975
3   3.4419071408340636
3   3.5056820820395371
3   3.2537010951974339
3   3.2537010951974352
3   3.2288192800947968
3   3.2288192800947972
3   3.1896849097805764
3   3.1896849097805733
3   3.2916412976194551
3   3.2916412976194533
3   3.3146215080757946
3   3.3146215080757937
3   3.5060685243321288
3   3.506068524332127
3   3.3610853414417665
3   3.1718494173856429
3   3.1718494173856446
3   3.0993947637502397
3   3.0993947637502401
3   3
3   3.0610449297002256
3   3.0610449297002238
3   3.1791288312732426
3   3.1791288312732422
3   3.5200370646798769
3   3.5200370646798733
3   3.1474271188459477
3   3.1474271188459446
3   3.3780746394873526
3   3.0000000000000004
3   3.0113473427741311
3   3.0113473427741306
3   3.0638164296255463
3   3.0638164296255455
3   3.667498610564194
3   3.6674986105641896
3   3.3920680689334666
3   3.5415470505170203
3   3.5415470505170177
3   3.5708184437332884
3   3.5708184437332893
3   3.3646209132952691
3   3.3646209132952687
3   3.1973455141999394
3   3.3688881557707258
3   3.3688881557707258
3   3.554708848055748
3   3.5547088480557463
3   3.1228424573146087
3   3.1228424573146087
3   3.2737518796621989
3   3.2737518796621967
3   3.3893996109136788
3   3.3893996109136753
3   3.6357320464359031
3   3.5850769800047457
3   3.585076980004744
3   3.0000000000000004
3   3.5461498601110639
3   3.5461498601110648
3   3.4519874695210602
3   3.4519874695210602
3   3.721488783763566
3   3.7943337326853248
3   3.7943337326853257
3   3.1752275171897679
3   3.1752275171897648
3   3.1089343787861874
3   3.1089343787861901
3   3.2621890972238492
3   3.3239475243045327
3   3.3239475243045322
3   3.4087034820384141
3   3.4087034820384128
3   3.0731787775170267
3   3.073178777517025
3   3.1762139734078731
3   3.1167264257789959
3   3.1167264257789951
3   3.2715143476674875
3   3.0063745773662012
3   3.006374577366199
3   3.4993507210355799
3   3.4379684162807589
3   3.4379684162807598
3   3.3652342316772481
3   3.3652342316772459
3   3.1282096031846445
3   3.1282096031846449
3   3.1174127933824649
3   3.1174127933824618
3   2.9999999999999996
3   3.0969791800905826
3   3.0969791800905813
3   3.1658140631809273
3   3.1658140631809273
3   3.3386745899198766
3   3.2666445248276639
3   3.2666445248276603
3   3.4553444815723844
3   3.4553444815723866
3   3.3259455243868707
3   3.2977683791685166
3   3.2977683791685131
3   3.4329567821049523
3   3.1802176902486154
3   3.180217690248611
3   3.0414024641634088
3   3.0414024641634088
3   3.2704983322210319
3   3.2704983322210328
3   3.2833923917912156
3   3.2833923917912191
3   3.0418277933019988
3   3.0330775100410374
3   3.033077510041037
3   3.017167699663577
3   3.0171676996635788
3   3.0993297112261335
3   3.0993297112261344
3   3.004748044454332
3   3.0047480444543373
3   3.0080173083451598
3   3.0080173083451651
3   3.05845471310603
3   3.0000000000000027
3   3.0216180879126329
3   3.0216180879126417
3   3.0018311500488526
3   3.0018311500488548
3   3.0020895059759263

4   4.9903973800052217
4   4.7381424817872242
4   4.7381424817872215
4   4.3754936514275249
4   4.3754936514275222
4   4.1744104111510083
4   4.1744104111510065
4   4.074832237914376
4   4.0748322379143733
4   4.0202235712633847
4   4.0202235712633847
4   4.0000000000000027
4   5.1446041778551246
4   4.2651324007340703
4   4.2651324007340721
4   4.124905287295638
4   4.1249052872956371
4   4.6530696355678538
4   4.5082654719087678
4   4.5082654719087678
4   4.148454041941533
4   4.1484540419415339
4   4.2768939592163813
4   4.2768939592163813
4   4.03588089067709
4   4.5519532811062167
4   4.5519532811062176
4   4.0331793645159539
4   4.033179364515953
4   4.7219071357623044
4   4.7219071357623044
4   4.5027051488995227
4   4.5027051488995244
4   4.6274015714848877
4   4.6274015714848824
4   4.3877843367678224
4   4.0456373491757756
4   4.0456373491757702
4   4
4   4.0057208759389047
4   4.0057208759389056
4   4.0062985427202262
4   4.0062985427202262
4   4.0172553675228118
4   4.0024468982852213
4   4.0024468982852213
4   4.0317530627532774
4   4.0317530627532765
4   4.0173306730838183
4   4.0173306730838183
4   4.0061555241952895
4   4.0060462812307582
4   4.0060462812307582
4   4
4   4.0011647812520641
4   4.0011647812520641
4   4.0001577885310935
4   4.0001577885310935
4   4.000336523798107
4   4.0000410931288819
4   4.0000410931288801
4   4.0001342540532656
4   4.0001342540532647
4   4.0013711788831987
4   4.0013711788831969
4   4.0012376017844122

5   6
5   5
5   5
5   5
5   5
5   5
5   5
5   5
5   5
5   5
5   5
5   4.9999999999999991

6   6

