-6   6

-5   6
-5   5
-5   5
-5   5.0000000000000009
-5   5.0000000000000009
-5   5
-5   5
-5   5
-5   5
-5   5
-5   5
-5   5.0000000000000009

-4   4.769548441746422
-4   4.6285432275716607
-4   4.6285432275716571
-4   4.3798189932923899
-4   4.3798189932923881
-4   4.1982850097596129
-4   4.1982850097596121
-4   4.0890297785141687
-4   4.0890297785141678
-4   4.0240206029297738
-4   4.0240206029297747
-4   4.0000000000000009
-4   4.8594886319676007
-4   4.3049972759770858
-4   4.3049972759770849
-4   4.5629008386801813
-4   4.0020320671447216
-4   4.0020320671447198
-4   4.4332724197171007
-4   4.433272419717099
-4   4.2071556932298435
-4   4.2071556932298426
-4   4.0522992432473872
-4   4.0522992432473863
-4   4.5907226385590292
-4   4.6469202003071031
-4   4.6469202003070942
-4   4.1108284839014519
-4   4.1108284839014502
-4   4.7856977686084354
-4   4.7856977686084328
-4   4.5645236043320381
-4   4.5645236043320345
-4   4.4783105783096149
-4   4.6742510199986143
-4   4.674251019998624
-4   4.0415295736348202
-4   4.0415295736348327
-4   4
-4   4.0175501836147429
-4   4.017550183614742
-4   4.0081568417710924
-4   4.0081568417710907
-4   4.0352659442870884
-4   4.0014530493219826
-4   4.0014530493219826
-4   4.0406840143534541
-4   4.0406840143534515
-4   4.0247301983965489
-4   4.024730198396548
-4   4.0092636742135763
-4   4.0109216947037263
-4   4.0109216947037254
-4   4
-4   4.0021593508091486
-4   4.0021593508091469
-4   4.0001121220115214
-4   4.0001121220115206
-4   4.0005539937069727
-4   4.0000653138836144
-4   4.0000653138836135
-4   4.0002101836554234
-4   4.0002101836554216
-4   4.0019234963782573
-4   4.0019234963782564
-4   4.002072900951136

-3   3.8860205141689432
-3   3.8213134062258174
-3   3.8213134062258103
-3   3.6560912483606467
-3   3.6560912483606476
-3   3.4544940132458057
-3   3.4544940132458053
-3   3.2768739020499695
-3   3.2768739020499682
-3   3.1599145617528714
-3   3.1599145617528688
-3   3.1195765613532283
-3   4.2121385204956061
-3   3.9740646220647475
-3   3.9740646220647404
-3   3.5927733983765568
-3   3.5927733983765542
-3   3.377770992588065
-3   3.3777709925880592
-3   3.4098897268145296
-3   3.4098897268145252
-3   3.5379476521676985
-3   3.537947652167702
-3   3.6005667539344044
-3   3.176533851281977
-3   3.1765338512819739
-3   2.9999999999999996
-3   3.4556116445361971
-3   3.4556116445361997
-3   3.5696787754852837
-3   3.5696787754852739
-3   3.5493352446561
-3   3.5812065962924615
-3   3.581206596292466
-3   3.559875280096799
-3   3.5598752800967963
-3   4.7680615426640029
-3   3.5524834260939446
-3   3.5524834260939473
-3   4.5037316652689459
-3   4.5037316652689414
-3   3.7478108178688991
-3   3.7478108178688965
-3   3.7806105496359592
-3   3.7806105496359637
-3   3.8570654829267337
-3   3.8570654829267328
-3   3.2481540304487968
-3   3.2481540304487968
-3   3.6066694908865395
-3   3.6066694908865404
-3   3.4796932433493857
-3   3.5256052669398983
-3   3.5256052669398938
-3   3.0000000000000004
-3   3.8692901747767774
-3   3.8692901747767756
-3   3.625745072768165
-3   3.7177249639000838
-3   3.7177249639000802
-3   3.5902762659783969
-3   3.1204731284581526
-3   3.1204731284581491
-3   3.5309435798738376
-3   3.5309435798738367
-3   3.4407635005066037
-3   3.4407635005065904
-3   3.7604348923987674
-3   3.7604348923987878
-3   3.6797553603073183
-3   3.3131870764673965
-3   3.3131870764673921
-3   3.5333101814965122
-3   3.5333101814964882
-3   3.5226271786144912
-3   3.5226271786144769
-3   3.4759942322185804
-3   3.4759942322185777
-3   3.5772214342004132
-3   3.6473177774841732
-3   3.1610395615413447
-3   3.1610395615413447
-3   3.3361982650026869
-3   3.3361982650026865
-3   3.3129640545030141
-3   3.3129640545030115
-3   3.3283176898400333
-3   3.3283176898400328
-3   3.4470735953017142
-3   3.6230671345258409
-3   3.2459791818593473
-3   3.245979181859346
-3   3.1927077484091222
-3   3.1927077484091204
-3   3.1672767949811456
-3   3.1672767949811473
-3   3.4339285155955341
-3   3.2514313108963302
-3   3.2514313108963324
-3   3.2511581323219163
-3   3.251158132321915
-3   3.4602938381201445
-3   3.460293838120144
-3   3.2023222398024589
-3   3.2023222398024567
-3   3.1378331704093507
-3   3.1378331704093521
-3   3.0000000000000004
-3   3.3528143704683724
-3   3.0934644578995809
-3   3.09346445789958
-3   3.1953059232074899
-3   3.195305923207489
-3   3.0043878839772939
-3   3.0043878839772935
-3   2.9999999999999996
-3   3.0099637776528114
-3   3.0099637776528105
-3   3.0651707345708399
-3   3.0651707345708381
-3   3.920281959466827
-3   3.6273049598719638
-3   3.6273049598719593
-3   3.8024682862234362
-3   3.8024682862234327
-3   3.7384182019686172
-3   3.8328361788101706
-3   3.832836178810167
-3   3.442893214706503
-3   3.4428932147065021
-3   3.7304066071468647
-3   3.7304066071468638
-3   3.295120649688549
-3   3.2951206496885481
-3   3.2759609924882969
-3   3.1510689052302965
-3   3.1510689052302951
-3   3.4323136631204556
-3   3.4323136631204529
-3   3.2771683751695773
-3   3.2771683751695773
-3   3.3758364135238916
-3   3.3758364135238912
-3   3.5085647668714168
-3   3.0000000000000004
-3   3.4417856744035578
-3   3.4417856744035551
-3   3.1625123646939741
-3   3.162512364693971
-3   3.6061820565912228
-3   3.606182056591221
-3   3.7086854529352431
-3   3.7086854529352431
-3   3.1253972830283714
-3   3.1253972830283683
-3   3.6910075513369032
-3   3.0876169314894573
-3   3.0876169314894581
-3   3.4504340409812553
-3   3.4504340409812553
-3   3.2558050532012306
-3   3.3320656248807157
-3   3.3320656248807139
-3   3.3103436521485006
-3   3.3103436521485028
-3   3.0190974110634068
-3   3.0190974110634068
-3   3.0822412505695245
-3   3.1618251165718969
-3   3.1618251165718902
-3   3.1158886095096019
-3   3.1694843216317117
-3   3.1694843216317077
-3   3.3580954739125368
-3   3.3580954739125364
-3   3.3559404453705834
-3   3.3559404453705826
-3   3.1213497706525759
-3   3.1213497706525755
-3   2.9999999999999987
-3   3.6381572310535351
-3   3.3739139633327078
-3   3.3739139633327055
-3   3.4607638123280227
-3   3.4607638123280222
-3   3.4824425723544894
-3   3.4824425723544903
-3   3.504115481708336
-3   3.5127595556662712
-3   3.5127595556662703
-3   3.4750991589793543
-3   3.3760436766929849
-3   3.3760436766929844
-3   3.5054017022232395
-3   3.2780122618378265
-3   3.2780122618378273
-3   3.0930763271729065
-3   3.0930763271729065
-3   3.3836684913408872
-3   3.3836684913408899
-3   3.3410191069595578
-3   3.3410191069595578
-3   3.089298886463081
-3   3.0758190286125111
-3   3.0758190286125142
-3   3.0340765109292009
-3   3.0340765109292036
-3   3.1536935244724003
-3   3.153693524472402
-3   3.0100024806554573
-3   3.0100024806554626
-3   3.0163553000467678
-3   3.0163553000467749
-3   3.09057998695019
-3   2.9999999999999996
-3   3.037319634414966
-3   3.0373196344149722
-3   3.0030115171859788
-3   3.0030115171859797
-3   3.0035679104958986

-2   3.2271968714261785
-2   3.1700706906636866
-2   3.1700706906636871
-2   3.0117908170874932
-2   3.011790817087491
-2   2.7893809383342876
-2   2.7893809383342876
-2   2.5579924872137125
-2   2.5579924872137112
-2   2.3814248837698804
-2   2.3814248837698782
-2   2.3149853118862005
-2   3.3709685073087514
-2   3.2392978029242752
-2   3.2392978029242663
-2   2.9612811961275178
-2   2.9612811961275178
-2   2.7861920697969871
-2   2.7861920697969857
-2   2.8465993481713627
-2   2.8465993481713667
-2   3.0172198720849903
-2   3.0172198720849885
-2   3.1009357556411636
-2   2.8145005261065505
-2   2.8145005261065412
-2   2.8975238370132255
-2   2.897523837013229
-2   2.592626042942455
-2   2.5926260429424475
-2   2.46791445323217
-2   2.7744124277540316
-2   2.7744124277540316
-2   2.5635247793204012
-2   2.5635247793203955
-2   2.4597971835321601
-2   3.6185897660483413
-2   3.4355455510425545
-2   3.4355455510425501
-2   3.3127854235784446
-2   3.3127854235784331
-2   3.2208789686582815
-2   3.2208789686582793
-2   3.0126244620370826
-2   3.0126244620370639
-2   2.894505695275071
-2   2.8945056952750692
-2   2.8755761557438095
-2   2.943170403944706
-2   2.9431704039446971
-2   3.001304533226008
-2   3.0013045332260151
-2   2.5141521639450279
-2   2.5937108462147402
-2   2.5937108462147305
-2   2.5995801032446506
-2   2.5995801032446493
-2   2.736271738961026
-2   2.5992019432384925
-2   2.5992019432384912
-2   2.9154334341357901
-2   2.7373411274793744
-2   2.7373411274793784
-2   2.7416116371324195
-2   2.741611637132424
-2   2.8676792519534358
-2   2.8676792519534304
-2   2.8576286307280712
-2   2.8576286307280685
-2   2.8711514982910225
-2   2.8711514982910162
-2   2.9003812854187636
-2   2.8104447835798618
-2   2.8104447835798663
-2   2.8009891978955426
-2   2.8009891978955235
-2   2.7702863383002265
-2   2.770286338300219
-2   2.5516955080523278
-2   2.7749149747702413
-2   2.5402937913069779
-2   2.5402937913069805
-2   2.647811796758722
-2   2.6478117967587171
-2   3.0719816087911127
-2   3.0719816087910945
-2   2.9940942678018021
-2   3.0507311684583898
-2   3.0507311684583773
-2   2.9361123292404225
-2   2.8684535245201075
-2   2.8684535245200999
-2   2.7571183723211248
-2   2.7571183723211341
-2   2.6671632685597415
-2   2.6671632685597313
-2   2.4962626176502578
-2   2.4962626176502782
-2   2.4994931842819557
-2   2.4994931842819526
-2   2.2610868918663636
-2   2.3161299509831323
-2   2.3161299509831279
-2   2.236130938985518
-2   2.2361309389855144
-2   2.3430171619690054
-2   2.2138953500889991
-2   2.2138953500889769
-2   3.7749205743214409
-2   3.5161608837674727
-2   3.5161608837674692
-2   3.1059391500938287
-2   3.1059391500938309
-2   3.0209720579384127
-2   3.0209720579384012
-2   2.9233607262175672
-2   2.9233607262175649
-2   3.0325814096198243
-2   3.0325814096198194
-2   3.0848952136598164
-2   3.0002866645108699
-2   2.7037711774003861
-2   2.7037711774003852
-2   2.936824352314118
-2   2.9368243523141122
-2   2.8962251163596209
-2   2.8962251163596076
-2   2.7644736630447215
-2   2.7644736630447166
-2   2.9699440797359888
-2   2.9699440797359893
-2   2.7899890736956143
-2   2.9184163093217488
-2   2.899988331123097
-2   2.8999883311231089
-2   2.7669522223561236
-2   2.7887838585261573
-2   2.7887838585261546
-2   2.6962474350663226
-2   2.8735217689108561
-2   2.8735217689108463
-2   3.1523395680756519
-2   3.0243432869406601
-2   3.0243432869406677
-2   2.6486917316005383
-2   2.6486917316005378
-2   2.6427749315989777
-2   2.6427749315989688
-2   2.5965407439917874
-2   2.7441697664148759
-2   2.7441697664148736
-2   2.8772659309871491
-2   2.8772659309871536
-2   2.6592418510155862
-2   2.659241851015584
-2   2.4715621592625423
-2   2.4715621592625454
-2   2.411895497115502
-2   2.4118954971154971
-2   2.3231308590834061
-2   2.3231308590834034
-2   2.2639388752861862
-2   2.3236054218506776
-2   2.3236054218506776
-2   2.5571166216109549
-2   2.5571166216109473
-2   2.1953144963652478
-2   2.7084099492711675
-2   2.7084099492711724
-2   2.5938299346289506
-2   2.5938299346289484
-2   2.6169335335813075
-2   2.6169335335813049
-2   2.5182213447393798
-2   3.8679486213642562
-2   3.0762655649752086
-2   3.0762655649752091
-2   3.5637596632788293
-2   3.5637596632788346
-2   3.105614184198727
-2   3.1056141841987235
-2   3.0060993193665997
-2   3.0060993193665979
-2   3.2211276957206891
-2   3.2211276957206856
-2   2.9601391828645842
-2   3.5950158530791754
-2   2.8220686521940124
-2   2.8220686521940035
-2   3.0558658689066234
-2   3.0558658689066203
-2   3.3012701878176101
-2   3.3012701878176149
-2   3.4617615584185684
-2   3.4617615584185657
-2   2.7565273407665858
-2   2.7565273407665805
-2   3.6094980490497406
-2   3.6094980490497433
-2   3.1418395374302293
-2   3.1418395374302244
-2   2.7935881275220122
-2   2.793588127522014
-2   2.4128911422427937
-2   2.8460195583758776
-2   2.8460195583758678
-2   2.8187308065115877
-2   2.9866799482633954
-2   2.8451516233915335
-2   2.8451516233915308
-2   2.6228961829284954
-2   2.6228961829284962
-2   2.762204776062779
-2   2.899201142604519
-2   2.8992011426045177
-2   3.2963462759526596
-2   3.2963462759526605
-2   2.7719433522995711
-2   2.9110443144477358
-2   2.7230455496067698
-2   2.7230455496067649
-2   2.41363208220235
-2   2.7241021600757453
-2   2.7241021600757476
-2   2.812235575801183
-2   2.8122355758011777
-2   2.7987599088480835
-2   2.7987599088480852
-2   3.0992363648311638
-2   3.0992363648311394
-2   3.0416130098715897
-2   3.0416130098716057
-2   2.5846756284529668
-2   2.5846756284529651
-2   2.6005564763725935
-2   2.6005564763725948
-2   2.6137027824089079
-2   2.6137027824089074
-2   2.7262562344639929
-2   2.7262562344639956
-2   2.7576508762684311
-2   2.7576508762684298
-2   2.6031476387408246
-2   2.6031476387408268
-2   2.8187547840637164
-2   2.6745051898407275
-2   2.6745051898407266
-2   2.9266796405219058
-2   3.0000000000000031
-2   2.4966432236201137
-2   2.4966432236201137
-2   2.8383086193478921
-2   2.8383086193478944
-2   2.6337500156756528
-2   2.6337500156756533
-2   2.5199675941160207
-2   2.5199675941160171
-2   2.5362061182691615
-2   2.7620324799242111
-2   2.7620324799242106
-2   2.9527809577838342
-2   2.6323662030571953
-2   2.632366203057197
-2   2.802304499713212
-2   2.7256119375187962
-2   2.7256119375187997
-2   2.4886232002743469
-2   2.4886232002743487
-2   2.5139458313556791
-2   2.5139458313556808
-2   2.6230073839397634
-2   2.6230073839397638
-2   2.6424467209110709
-2   2.6424467209110722
-2   2.5090346362013634
-2   2.5090346362013651
-2   2.5222797939088037
-2   2.5222797939088051
-2   2.8114648306269658
-2   2.8114648306269663
-2   2.427103315334183
-2   2.201721793649499
-2   2.4523708113642044
-2   2.632121684011195
-2   2.6321216840111954
-2   2.4341723056066757
-2   2.4341723056066762
-2   2.3954989603385504
-2   2.3954989603385535
-2   2.4984793953447557
-2   2.4984793953447539
-2   2.6957591899649334
-2   2.6957591899649382
-2   2.3612327528016559
-2   2.486180339891785
-2   2.5057509475872868
-2   2.5057509475872872
-2   2.7688230848092599
-2   2.6674754956109425
-2   2.6674754956109492
-2   2.5169124144026522
-2   2.5169124144026509
-2   2.4710850255362855
-2   2.4710850255362833
-2   2.3381722440059236
-2   2.3381722440059232
-2   2.2930491416937917
-2   2.6444761175320854
-2   2.4172533940105008
-2   2.4172533940105021
-2   2.2126509479883394
-2   2.2126509479883398
-2   2.3080200106138373
-2   2.3080200106138373
-2   2.5054351123707521
-2   2.5054351123707503
-2   2.7040186455669777
-2   2.5222164545655112
-2   2.5222164545655161
-2   2.5044272510558865
-2   2.5044272510558905
-2   2.5908977534024453
-2   2.5908977534024484
-2   2.3324808480655146
-2   2.3324808480655164
-2   2.3500274703866095
-2   2.3500274703866113
-2   2.7011430895342787
-2   2.4553330905554009
-2   2.4553330905554023
-2   3.4700522234643461
-2   3.3153021613205476
-2   3.3153021613205507
-2   2.5413302267324216
-2   2.5413302267324216
-2   2.6193219444219875
-2   2.619321944421988
-2   2.6829316455131749
-2   2.6829316455131735
-2   3.3495013880214555
-2   2.6830258681001253
-2   2.6830258681001213
-2   3.1655504631500002
-2   3.2499866524727357
-2   3.2499866524727388
-2   2.9615712613777392
-2   3.0264168400450497
-2   3.0264168400450555
-2   2.5451182755640707
-2   2.5451182755640693
-2   3.1470726865819501
-2   3.1470726865819607
-2   2.950857905852287
-2   2.7201533398527378
-2   2.720153339852732
-2   2.6451288347289426
-2   2.645128834728943
-2   2.6930175278276631
-2   2.6930175278276605
-2   2.5080138675263712
-2   2.4880750073095199
-2   2.4880750073095257
-2   2.9210564943190365
-2   2.9361030773253427
-2   2.9361030773253578
-2   2.7573836239838965
-2   2.7573836239839031
-2   2.4811743951673946
-2   2.4811743951673919
-2   2.7788198434630158
-2   2.7788198434630136
-2   2.6407063785819789
-2   2.6407063785819691
-2   3.0621907428369552
-2   3.0621907428369557
-2   2.4414931699186919
-2   2.4414931699186835
-2   2.3803176193736757
-2   2.6828839672852069
-2   2.6020963498888623
-2   2.3445630519289504
-2   2.3445630519289509
-2   2.6939228028287792
-2   2.6939228028287787
-2   2.6363554041229702
-2   2.6242319753560648
-2   2.624231975356067
-2   2.6955807239260623
-2   2.6955807239260636
-2   2.560692098188432
-2   2.5606920981884387
-2   2.5504989287012898
-2   2.5504989287012907
-2   2.6009472339538005
-2   2.600947233953812
-2   2.5694210348710285
-2   2.5694210348710258
-2   2.1960792311372139
-2   2.9186754903512977
-2   2.4967093837198222
-2   2.4967093837198289
-2   2.6328675073489176
-2   2.6328675073489185
-2   2.4589391596791734
-2   2.4589391596791761
-2   2.5728699882555293
-2   2.5728699882555319
-2   2.4103538691870061
-2   2.4103538691870021
-2   2.3682356338275197
-2   2.3682356338275214
-2   2.6845159459390415
-2   2.2926447739807614
-2   2.2926447739807641
-2   2.2300232542553431
-2   2.2300232542553462
-2   2.4645196990355549
-2   2.4645196990355549
-2   2.4647969570542272
-2   2.1953754443582767
-2   2.5697741103646066
-2   2.5697741103646137
-2   2.3592868859409495
-2   2.3592868859409535
-2   2.1446371702603999
-2   2.1446371702603981
-2   2.0634815581169095
-2   2.0634815581169113
-2   2.4899688447282924
-2   2.4899688447282959
-2   2.4922148152424235
-2   2.455386764183308
-2   2.45538676418332
-2   2.2344053780505999
-2   2.2344053780506026
-2   2.2631121958020355
-2   2.3544922740864438
-2   2.3544922740864389
-2   2.4460821712096976
-2   2.4460821712096981
-2   2.39706628959576
-2   2.397066289595768
-2   2.411147000884045
-2   2.4111470008840459
-2   2.0130125428747871
-2   2.2448984180424074
-2   2.2862783457893898
-2   2.286278345789388
-2   2.428530732783956
-2   2.428530732783952
-2   2.1007029387115801
-2   2.1007029387115814
-2   2.3294557813750583
-2   2.3294557813750632
-2   2.0494676105163463
-2   2.0117543987657589
-2   2.5501087151996211
-2   2.6487814880208584
-2   2.6487814880208638
-2   2.646859094256214
-2   2.6468590942562202
-2   2.5610226809974348
-2   2.5610226809974379
-2   2.5944069802918435
-2   2.5944069802918435
-2   2.5468153570717544
-2   2.5468153570717562
-2   2.52927414028427
-2   2.5292741402842682
-2   2.531078036771909
-2   2.5310780367719112
-2   2.5925497376604079
-2   2.6094145256542749
-2   2.6057199067958252
-2   2.6057199067958297
-2   2.5477569905378887
-2   2.3008455869583866
-2   2.300845586958391
-2   2.3507097991527908
-2   2.3507097991527979
-2   2.299570487175572
-2   2.1956645572208635
-2   2.1956645572208635
-2   2.2628392756365039
-2   2.262839275636511
-2   2.3749616606935624
-2   2.1671733207943222
-2   2.1671733207943262
-2   2.1224337172080752
-2   2.1224337172080778
-2   2.1020688638020268
-2   2.1020688638020348
-2   2.3428799620322254
-2   2.3428799620322347
-2   2.3008049767082048

-1   2.7945729505824022
-1   2.7325319675605244
-1   2.7325319675605213
-1   2.5573525576130689
-1   2.5573525576130742
-1   2.302256094151514
-1   2.3022560941515131
-1   2.0238121802381857
-1   2.023812180238187
-1   1.8002832100480992
-1   1.800283210048097
-1   1.7131732418583718
-1   2.9802339654316929
-1   2.8643158908708961
-1   2.864315890870869
-1   2.6938000950960186
-1   2.6307992954809825
-1   2.6307992954809465
-1   2.5804445779552179
-1   2.5804445779552205
-1   2.4693011186324707
-1   2.4693011186323472
-1   2.3781085718584203
-1   2.3781085718584487
-1   2.4246999079134977
-1   2.4246999079135274
-1   2.3111470861350121
-1   2.3111470861349686
-1   2.2305922847207911
-1   2.2305922847209207
-1   2.0456763626251635
-1   2.0456763626251595
-1   1.9596402200065111
-1   1.9596402200064729
-1   1.9166092717229879
-1   1.8443457444301306
-1   2.9730679796554531
-1   2.9088406521386618
-1   2.9088406521386458
-1   2.7821188330698128
-1   2.782118833069807
-1   2.6244810934684675
-1   2.6244810934684639
-1   2.4399606818103869
-1   2.4399606818103892
-1   2.3066535405542288
-1   2.3066535405542212
-1   2.2670844932988357
-1   2.635797339503462
-1   2.5824901684554082
-1   2.5824901684553949
-1   2.4725628951296312
-1   2.472562895129625
-1   2.3719199750503965
-1   2.371919975050361
-1   2.2852199010697585
-1   2.2852199010697265
-1   2.1944606123810337
-1   2.1944606123810533
-1   2.1487263271189847
-1   2.1185491524514064
-1   2.2852331710266078
-1   2.2852331710266149
-1   2.2975107033648157
-1   2.2975107033648099
-1   2.1155885164948933
-1   2.115588516494872
-1   2.1804270211954249
-1   2.1804270211954195
-1   2.2662013400104803
-1   2.1169252514805752
-1   2.1169252514805512
-1   2.2479316917493293
-1   2.2479316917493324
-1   2.3102453282273792
-1   2.3102453282273854
-1   2.1528183817411186
-1   2.1528183817411048
-1   2.447588826565215
-1   2.4475888265652173
-1   1.9624378706716534
-1   1.9624378706716668
-1   2.5620286470208065
-1   1.7898249851074222
-1   2.3669923934895256
-1   2.4487909188031742
-1   2.4487909188030876
-1   1.9835012497748088
-1   2.463614811439482
-1   2.4636148114395278
-1   1.8859112969621639
-1   1.8859112969621341
-1   2.2688172437114913
-1   2.2688172437114833
-1   1.9717368408771327
-1   1.9717368408770279
-1   2.5725599930077583
-1   2.486583286817317
-1   2.4865832868173916
-1   2.2603859919010278
-1   2.2603859919009675
-1   2.00290577593716
-1   2.002905775937164
-1   1.8356571546735276
-1   1.8356571546734446
-1   1.6934799557128342
-1   1.6934799557127893
-1   1.6134467712689142
-1   3.8018261308835051
-1   2.734646496728935
-1   2.7346464967289341
-1   2.716928546058492
-1   3.4204859331031692
-1   3.4204859331031483
-1   2.9652010272919505
-1   2.9652010272919425
-1   2.6576445591370126
-1   2.6576445591370117
-1   2.426226287870767
-1   2.4262262878707435
-1   3.152718131367823
-1   3.1527181313678243
-1   2.7016564470517683
-1   2.7016564470517763
-1   2.3716982087008516
-1   2.3716982087008516
-1   2.3671704931719217
-1   2.3671704931719333
-1   2.8738362435616702
-1   2.1281709261414865
-1   2.1281709261414918
-1   2.5227952497175052
-1   2.2065724762837209
-1   2.2065724762837142
-1   1.8715941878940363
-1   2.4264985892161568
-1   2.6572192133591268
-1   2.657219213359117
-1   2.3382479029308572
-1   2.3382479029308447
-1   2.05617358533808
-1   2.0561735853380765
-1   2.367049347542431
-1   2.3670493475424443
-1   2.1362683412130115
-1   2.1362683412130292
-1   1.8906786596544238
-1   1.8906786596544172
-1   2.2319735618695775
-1   2.231973561869578
-1   2.5876897197536453
-1   2.2943816685237466
-1   1.7013164397841551
-1   1.7013164397841534
-1   2.2092107153218885
-1   2.2092107153218916
-1   2.4050435910933552
-1   1.9477067378497295
-1   1.9477067378497166
-1   2.3376163699716486
-1   2.3376163699716477
-1   1.6904839112983332
-1   2.1656991290665455
-1   2.1656991290665384
-1   1.762631098243006
-1   1.7626310982430016
-1   1.8214767830639622
-1   1.8214767830639693
-1   2.3235519788981023
-1   2.3235519788981076
-1   2.2473988215135918
-1   2.2473988215135909
-1   2.2822904128755264
-1   2.2822904128755193
-1   2.101927104379711
-1   2.1019271043798113
-1   1.8743234926147641
-1   1.8743234926147543
-1   1.900333787515319
-1   1.8049514932586495
-1   2.337693624089952
-1   2.337693624089952
-1   2.3204716099708182
-1   2.3204716099708995
-1   2.4602698727082211
-1   1.9878811376932908
-1   1.9878811376932939
-1   2.1879953674409238
-1   2.1879953674409216
-1   1.9958651768860927
-1   1.9958651768860816
-1   1.8028278118396943
-1   3.1005371267086996
-1   2.8206274891163976
-1   2.8206274891163883
-1   2.7543543064755198
-1   2.7543543064755047
-1   2.5809592587949486
-1   2.5809592587949397
-1   2.758866405538384
-1   2.7588664055383774
-1   2.4148660052332711
-1   2.5112276244591847
-1   2.5112276244591758
-1   2.4077393878337476
-1   2.4077393878337445
-1   2.4545660795985786
-1   2.4545660795985689
-1   2.1769030302643753
-1   2.1769030302643824
-1   2.4982771202392078
-1   2.4982771202392255
-1   2.1416623310522533
-1   2.141662331052252
-1   2.8100161688174077
-1   2.212684127415836
-1   2.3106870456818673
-1   2.5759899154997643
-1   2.5759899154997759
-1   2.4482868124303505
-1   2.5151823254073293
-1   2.5151823254073356
-1   2.5211256501932882
-1   2.5211256501932886
-1   2.4270660846326342
-1   2.427066084632624
-1   2.2783410418583405
-1   2.2783410418583316
-1   2.766979858492808
-1   3.0025503780940386
-1   3.0025503780940297
-1   3.0511867544227029
-1   2.5259945685912739
-1   2.5259945685912863
-1   2.5964277924162151
-1   2.59642779241622
-1   2.7101404044915305
-1   2.7101404044915323
-1   2.4136240264659312
-1   2.4136240264659188
-1   2.5201565299942219
-1   2.3515411971170086
-1   2.3515411971169877
-1   2.0869954225205682
-1   2.3336747445153452
-1   2.3336747445153505
-1   2.6270075503534054
-1   2.6270075503534116
-1   2.1828744011462815
-1   2.1828744011462802
-1   2.2803428976783704
-1   2.2803428976783739
-1   2.3371008950994838
-1   2.3371008950994807
-1   2.5191578900788625
-1   2.5191578900788563
-1   2.2073314983779579
-1   2.2073314983779566
-1   2.2777307702576883
-1   2.2777307702576848
-1   2.407576968464419
-1   2.4075769684644168
-1   2.1805949182947613
-1   2.180594918294759
-1   2.060561912125769
-1   2.0605619121257663
-1   2.5183642956751475
-1   2.2874537050271937
-1   1.9817079240088655
-1   1.9817079240088269
-1   1.6788641386186423
-1   2.2412796573742431
-1   2.2412796573742435
-1   1.8412416212584608
-1   1.8412416212584621
-1   1.7489801761693911
-1   2.4388462201074286
-1   2.4388462201074326
-1   2.4645708017377301
-1   2.4645708017377319
-1   2.391829717177222
-1   2.3918297171772309
-1   2.1220983732050227
-1   2.1220983732050285
-1   2.1441715360786695
-1   2.1441715360786668
-1   2.0676818301905908
-1   2.0676818301905953
-1   2.1257622644838934
-1   2.1257622644838947
-1   2.2069666579317135
-1   2.2069666579317131
-1   1.9774752649141027
-1   2.2932500680218837
-1   2.2932500680218832
-1   2.1865877411877053
-1   2.0120403709830015
-1   1.8656772566816229
-1   1.865677256681622
-1   2.2172812504518276
-1   1.958374909196964
-1   1.958374909196976
-1   2.2115071042093439
-1   2.2115071042093533
-1   2.276089983088895
-1   2.039107555787568
-1   2.1142833965743359
-1   1.9900895421147715
-1   1.9900895421147746
-1   2.085196948665287
-1   2.085196948665283
-1   2.1660222165750116
-1   2.16602221657502
-1   2.0508890011069578
-1   2.05088900110696
-1   1.8468188894743927
-1   1.8468188894744006
-1   1.8224915267614197
-1   1.8224915267614259
-1   1.9546833270302013
-1   1.7743670001597849
-1   1.774367000159784
-1   1.7964665679014615
-1   1.7964665679014571
-1   1.9717938951138803
-1   1.8979250951163853
-1   1.9201359752997842
-1   1.9201359752997833
-1   1.8833682189034011
-1   1.8833682189033998
-1   1.8699754316743173
-1   1.8699754316743231
-1   1.8289258908885087
-1   1.8289258908885082
-1   1.7243758968778948
-1   1.7243758968778926
-1   3.4338379965527701
-1   3.0366865819565301
-1   3.0366865819565345
-1   2.6472256016253222
-1   2.6472256016253222
-1   2.973510529630504
-1   2.7311082329526335
-1   2.7311082329526366
-1   2.5414209230774163
-1   2.5414209230774176
-1   2.9513041399808464
-1   2.9513041399808566
-1   3.1330192486854735
-1   2.3930603580118457
-1   2.3930603580118452
-1   2.7396597531254581
-1   2.7396597531254527
-1   2.3845032290274992
-1   2.3845032290275121
-1   2.746095216168603
-1   2.746095216168599
-1   2.2578453988014964
-1   2.2578453988014946
-1   2.6180219322042135
-1   2.6180219322042184
-1   2.2133544339914004
-1   2.6010557124953757
-1   2.6010557124953815
-1   2.6011600956945564
-1   2.6011600956945622
-1   2.2866889482859767
-1   2.2866889482859807
-1   2.3444435726377906
-1   2.6841787785933562
-1   2.68417877859335
-1   2.5487335700997669
-1   2.5976477777840423
-1   2.5976477777840459
-1   2.6211718733019334
-1   2.6211718733019524
-1   2.3234548730833953
-1   2.3234548730834295
-1   2.4317015718620785
-1   2.4671661326253922
-1   2.4671661326253989
-1   2.4811196075627797
-1   2.4811196075627735
-1   2.28300561348428
-1   2.2830056134842902
-1   2.3885485893272262
-1   2.2734048921269565
-1   2.2734048921269454
-1   2.1670040554530816
-1   2.1670040554530687
-1   2.5122317229232056
-1   2.5122317229232314
-1   2.2345825937488688
-1   2.2885082264644221
-1   2.2885082264644354
-1   2.1222842407146914
-1   2.1222842407146891
-1   2.3741772982974623
-1   2.100004074284386
-1   2.4978247310054793
-1   2.4978247310054824
-1   2.0094791167762063
-1   2.0094791167762156
-1   2.3041760288098372
-1   2.3041760288098363
-1   2.2638536228395427
-1   2.2638536228395449
-1   2.5370405368893518
-1   2.1835446094343554
-1   2.1835446094343531
-1   1.993411222653485
-1   2.1543026720498544
-1   2.0980447454711859
-1   2.0980447454711868
-1   2.0333973722895102
-1   2.033397372289512
-1   2.194737260447488
-1   2.1947372604474915
-1   2.1780665344831269
-1   2.178066534483134
-1   1.9272457768656208
-1   1.9272457768656408
-1   2.0759987794323225
-1   2.0759987794323349
-1   2.3838496156564837
-1   2.383849615656485
-1   2.6260214376932534
-1   2.5148863427350125
-1   2.5148863427350103
-1   2.187734164530788
-1   2.3147512649788644
-1   2.3147512649788653
-1   2.0983291880832358
-1   2.0983291880832335
-1   2.0209711673536663
-1   2.020971167353677
-1   2.1280913074919505
-1   2.128091307491955
-1   1.8531103069604384
-1   2.1468732730615741
-1   2.1468732730615865
-1   2.2842663761626154
-1   2.2842663761626159
-1   2.0692450440462626
-1   2.3155811788362621
-1   2.315581178836271
-1   2.3252833900715624
-1   2.1579167351363093
-1   2.157916735136312
-1   2.2317653547885206
-1   2.2317653547885175
-1   2.188051503814473
-1   2.1880515038144828
-1   2.3520205003073613
-1   2.406238887458354
-1   1.9793406943208236
-1   1.9793406943208214
-1   2.5197109350461182
-1   1.8203719472627684
-1   2.1795751252810445
-1   2.1795751252810525
-1   2.1355222308204795
-1   2.0673418832745889
-1   2.0673418832745929
-1   2.0788467923221305
-1   2.0788467923221314
-1   2.1141161822504251
-1   2.114116182250426
-1   1.9988928103415788
-1   1.9988928103415828
-1   2.2514043287216912
-1   2.2514043287216934
-1   2.2932027806804518
-1   2.2932027806804531
-1   1.8902348574772847
-1   1.8902348574772834
-1   2.0848494273990386
-1   2.1648802677180226
-1   2.1648802677180234
-1   1.825645181455787
-1   1.8256451814557897
-1   2.1727856419958265
-1   2.1727856419958171
-1   2.0867991152396472
-1   2.0867991152396463
-1   1.7970398447225184
-1   1.797039844722494
-1   1.9970082342541415
-1   1.9970082342540958
-1   1.7593031489580029
-1   1.7593031489580064
-1   2.1534406307060485
-1   1.949463554604784
-1   1.9494635546047916
-1   1.7485514492764858
-1   1.7485514492764898
-1   2.237317725793448
-1   2.1034220189362673
-1   2.1034220189362731
-1   2.0318724512369388
-1   2.0318724512369397
-1   2.1181851978342485
-1   2.118185197834265
-1   1.9032664346895776
-1   1.9032664346895842
-1   1.9680131599236215
-1   1.9680131599237249
-1   2.0954742608907182
-1   2.0954742608908261
-1   1.8204432437570728
-1   1.6584132142221617
-1   1.8723018242569718
-1   1.6579988502596739
-1   1.6579988502596734
-1   1.7610786135150733
-1   1.761078613515076
-1   1.8717187192826943
-1   1.8717187192826925
-1   1.8336705195096399
-1   1.8336705195096425
-1   1.929832679137915
-1   1.9298326791379137
-1   2.8892179552269113
-1   1.7898135586459847
-1   1.7898135586459936
-1   2.1195427864252023
-1   1.6274402559204662
-1   1.6274402559204684
-1   1.5146115987726128
-1   2.6113627890076625
-1   2.0860751039122141
-1   2.0860751039122132
-1   2.106531209508105
-1   2.1065312095081037
-1   2.6744339907493004
-1   2.674433990749304
-1   2.6107267382230703
-1   2.6107267382230783
-1   2.3805898781270818
-1   2.691066351508169
-1   2.6910663515081308
-1   2.2779816360086746
-1   2.2779816360087368
-1   2.3110251879169383
-1   2.3110251879169361
-1   2.9480650891748059
-1   2.5442509192264873
-1   2.544250919226493
-1   2.7493681296709958
-1   2.7493681296710135
-1   2.3855646263700097
-1   2.3855646263700083
-1   2.1367351440008999
-1   2.2215060735647647
-1   2.2215060735647985
-1   2.5512279119099674
-1   2.5512279119099648
-1   2.5226302176264723
-1   2.4178642315661256
-1   2.4178642315661252
-1   2.6070235953564929
-1   2.607023595356512
-1   2.0506372493713063
-1   2.0506372493713187
-1   2.2852170133995435
-1   2.2852170133995293
-1   2.5559153621381649
-1   2.5559153621381911
-1   2.7300320512056264
-1   2.0886426599029924
-1   2.0886426599030115
-1   2.3188231557278742
-1   1.9349597463449801
-1   1.934959746344973
-1   2.0124487858163955
-1   2.0124487858163946
-1   2.5475968739731791
-1   2.2759347042928595
-1   2.2759347042928959
-1   2.3077369506528926
-1   2.3077369506529162
-1   2.3147362482610925
-1   2.3147362482611014
-1   2.2594139370131314
-1   2.2594139370131452
-1   2.2800096752756627
-1   2.2800096752756986
-1   2.2721377387061765
-1   2.2721377387061628
-1   1.9772087099718085
-1   2.362700699147906
-1   1.9102339199647975
-1   1.910233919964798
-1   2.3675413571627306
-1   2.3675413571627253
-1   2.0970544097071753
-1   2.1585739351814706
-1   2.1585739351815194
-1   2.1951959328304702
-1   2.1951959328304165
-1   2.3208103039836372
-1   2.320810303983639
-1   2.1741408947137866
-1   2.1741408947137821
-1   1.7593522824769865
-1   1.759352282476971
-1   2.1386656859342583
-1   2.1386656859342206
-1   2.0534492777041846
-1   2.12153975212907
-1   2.1215397521290762
-1   1.8915878188122779
-1   1.8915878188123165
-1   2.2238350825660529
-1   1.8376350606571101
-1   1.8376350606571639
-1   1.8652493615217933
-1   1.8773942898728131
-1   1.877394289872814
-1   2.0987213178464414
-1   2.0987213178464161
-1   1.9586699116279602
-1   1.9586699116279753
-1   2.3253171712695142
-1   2.0380418518979764
-1   2.0380418518979644
-1   2.1281704268738566
-1   2.1281704268738095
-1   2.1006924230349924
-1   2.1006924230350554
-1   2.0144075624163906
-1   2.0913971486621254
-1   2.0913971486621348
-1   2.3103217905052413
-1   1.7895799038218607
-1   1.7895799038218607
-1   1.8607009019256258
-1   1.8607009019256311
-1   1.9088422528612936
-1   1.9088422528612985
-1   1.9068295366277983
-1   1.906829536627789
-1   1.9896166705876741
-1   1.9896166705876701
-1   1.9226693129566788
-1   1.8752845748980671
-1   1.8752845748980729
-1   1.8511435569256669
-1   1.85114355692567
-1   1.8983007938791769
-1   1.8983007938791587
-1   1.8535667790430619
-1   1.8535667790430717
-1   2.0439330424919411
-1   2.0439330424919429
-1   1.9896220859759026
-1   1.9896220859759248
-1   1.9781379149936722
-1   1.9781379149936309
-1   1.9484212693883438
-1   1.6300729226014004
-1   2.0114813241230292
-1   2.0114813241230469
-1   1.763408272495155
-1   1.7634082724952251
-1   2.1006085915933483
-1   2.100608591593339
-1   1.9417349102745858
-1   1.9417349102745853
-1   1.9064794122013291
-1   1.4092364437941132
-1   1.5509574274066193
-1   1.550957427406642
-1   2.0141811129777936
-1   2.0141811129778029
-1   1.7827220918397084
-1   1.7827220918397018
-1   2.0071903843534145
-1   2.0071903843534322
-1   2.1670912083345515
-1   1.8104751241628376
-1   1.810475124162843
-1   1.6875588064017992
-1   1.785113546336583
-1   1.7183001643745119
-1   1.7183001643744928
-1   1.8854931572971259
-1   1.9704774362356363
-1   2.0888247725918108
-1   1.5999683451859985
-1   1.7654261709252461
-1   1.7654261709252492
-1   1.6955114051494045
-1   1.6955114051494249
-1   1.7518204546020533
-1   1.7518204546020542
-1   1.6757478417684029
-1   1.6757478417684153
-1   1.5670784147407955
-1   1.5670784147407995
-1   1.8771332584540414
-1   1.8771332584540503
-1   1.2763052541454891
-1   1.2763052541454918
-1   1.5278726187674825
-1   1.3274563952398266
-1   1.4862577219081023
-1   1.4862577219081041
-1   1.700907434344082
-1   1.7009074343440993
-1   1.5867737625131486
-1   1.5867737625131473
-1   1.4569712040693525
-1   1.4569712040693532
-1   1.4839705953077444
-1   1.4839705953077513
-1   1.5990674162528329
-1   1.5990674162528391
-1   2.1717343627245822
-1   1.034513043330177
-1   1.0345130433301799
-1   2.2010061423350424
-1   2.2010061423350478
-1   2.4416833721465871
-1   2.4416833721465987
-1   2.1082392212802805
-1   2.1082392212802876
-1   2.178389877388919
-1   2.1783898773889181
-1   2.1383181918887004
-1   2.1383181918887106
-1   2.3022569773406043
-1   2.3022569773406221
-1   2.465791639651568
-1   2.3360096115450717
-1   2.1289040915587645
-1   2.1289040915587769
-1   2.2480615557503412
-1   2.2480615557503509
-1   2.0715972521306845
-1   2.0715972521307044
-1   1.9853499859654349
-1   1.9853499859654367
-1   1.7887807416684676
-1   2.0509563187769779
-1   1.6123063488023446
-1   1.6123063488023512
-1   2.1250044536670298
-1   1.8963167418488904
-1   1.9958178867093954
-1   1.9958178867094012
-1   1.6446785293853448
-1   1.6446785293853483
-1   2.1699598997760616
-1   1.8485316491711918
-1   1.8485316491712092
-1   1.6265076919849517
-1   1.6265076919849486
-1   1.7263462035788431
-1   1.726346203578863
-1   2.186156550806126
-1   2.1861565508061358
-1   1.5918777711776615
-1   1.5918777711776504
-1   1.7174145156110154
-1   1.7174145156110239
-1   1.8220069110317256
-1   1.8220069110317239
-1   1.5184018787820435
-1   1.4896718759702277
-1   1.4896718759702166
-1   1.7459271691048097
-1   1.7459271691048261
-1   1.8254554133572896
-1   1.8254554133573313
-1   1.9188563637219045
-1   1.4524058586881099
-1   1.4524058586881297
-1   1.6611313323951298
-1   1.6611313323951666
-1   1.6321600508881158
-1   1.6321600508881051
-1   1.4495465905676821
-1   1.4495465905676921
-1   1.2713746082338682
-1   1.2713746082338728
-1   1.2285946214411385
-1   1.2285946214411358
-1   1.1629324957672191
-1   1.1318934211038392
-1   1.1318934211038465
-1   1.0732015542671782

0   2.6375715902943142
0   2.5730214208761288
0   2.5730214208761204
0   2.3896045991010872
0   2.3896045991010753
0   2.1190790303403495
0   2.1190790303403233
0   1.8180701416438154
0   1.8180701416438096
0   1.5707584670291084
0   1.5707584670290995
0   1.4726301951224463
0   2.8204504172829488
0   2.5655305007093832
0   2.7339484383573014
0   2.7339484383572978
0   2.5372596900286455
0   2.5372596900286326
0   2.5007207345551556
0   2.5007207345551432
0   2.4444624931365744
0   2.4444624931365455
0   2.275616041387599
0   2.2756160413875866
0   2.1879923697704244
0   2.1879923697704244
0   2.0462180622534296
0   2.046218062253415
0   1.8810938587014889
0   1.8810938587014832
0   1.8277024060209577
0   1.8277024060209413
0   1.6598831741612603
0   1.6598831741612488
0   1.7339869842233777
0   1.5796289120167777
0   2.5652854525797326
0   2.1798361386047702
0   2.5744344041052152
0   2.5744344041052152
0   2.156290352884314
0   2.1562903528842945
0   2.5657355199820575
0   2.5657355199820464
0   2.1243156221839543
0   2.1243156221839454
0   2.453680174702348
0   2.4536801747023422
0   2.1754352768252301
0   2.1754352768252239
0   2.3665454620262993
0   2.3665454620262949
0   2.2010063793575152
0   2.2010063793575187
0   2.6145974789077893
0   2.6145974789077879
0   2.7339896300948605
0   1.902153548811452
0   1.9021535488114489
0   1.7602366745731897
0   2.003579220356178
0   2.1794432950652509
0   2.1026223035683058
0   2.102622303568304
0   2.0675054541314819
0   2.0675054541314872
0   1.9109361554380158
0   1.9109361554380104
0   2.1981304089939009
0   2.1981304089938796
0   2.2646223953845146
0   2.2646223953845133
0   1.750230659565061
0   1.7502306595650481
0   2.1453858104859891
0   2.1453858104860055
0   1.8164673331478292
0   1.8164673331478172
0   1.8463180650600828
0   1.8463180650600726
0   2.0454491067308722
0   2.0454491067308629
0   2.167424992239332
0   1.6502169424192816
0   2.3757016230822519
0   1.5305310436044808
0   2.3691509244205116
0   2.3691509244204947
0   1.5133067902050263
0   1.513306790205021
0   2.2930912402666879
0   2.2930912402666879
0   1.5876101124588562
0   1.5876101124588837
0   2.0812392241542694
0   2.0812392241542756
0   1.8287077238819984
0   1.8287077238819873
0   2.1232560923453376
0   2.1232560923453345
0   1.7712109010915329
0   1.7712109010915302
0   2.3439208643426492
0   2.343920864342635
0   2.423509069807058
0   1.4831162067794272
0   1.4831162067794266
0   1.3619579420986634
0   3.6625693457963528
0   2.3192233916905223
0   2.8104063314835397
0   2.8104063314835308
0   2.927326819774319
0   2.9273268197743056
0   3.4217413736780009
0   3.421741373677964
0   2.6581988581911435
0   2.6581988581911227
0   2.1196042973076747
0   2.1196042973076739
0   2.9385107865383926
0   2.9385107865383908
0   2.0778158337928088
0   2.0778158337927892
0   2.662633170265905
0   2.6626331702659036
0   2.0867960029178483
0   2.0867960029178474
0   1.972943159511674
0   2.0167440020641973
0   2.0167440020641854
0   1.8697760753399018
0   2.2773166322281648
0   2.2773166322281737
0   2.7358455284291598
0   2.3320007635711484
0   2.4355326293384816
0   2.4355326293384745
0   2.3584283360867686
0   2.3584283360867642
0   2.4280997848960668
0   2.4280997848964643
0   2.1595715653954519
0   2.1595715653954684
0   2.2594258327565226
0   2.2594258327565266
0   2.7164194085794913
0   2.1119830098471031
0   2.1119830098466372
0   1.6150800238010801
0   1.9493195227741693
0   2.2936655750048192
0   2.141264255910067
0   2.1412642559100576
0   2.1501785421775028
0   2.1501785421774979
0   1.6169560061464376
0   1.616956006146455
0   1.6038628992047212
0   1.6038628992047284
0   1.8566075244209461
0   1.8566075244209532
0   1.6315349255733613
0   1.6315349255733538
0   1.7249624214156469
0   1.7249624214156465
0   1.6426338400692804
0   1.6426338400692622
0   1.3281505856628268
0   1.3281505856628164
0   1.505944614672952
0   1.5059446146729485
0   1.3922972662744926
0   1.1157941139288134
0   2.1470083595632397
0   2.0853693800030944
0   2.085369380003085
0   2.0266883371391984
0   2.2766576958346048
0   2.2766576958346012
0   1.8114526163622449
0   1.811452616362244
0   2.0430640838359433
0   2.0430640838359331
0   2.0100923610437214
0   2.0100923610437267
0   2.1816986486168579
0   2.1816986486168584
0   2.1315730746474646
0   2.1315730746474628
0   1.7401923755547468
0   1.7401923755547362
0   1.6542562689442062
0   1.6542562689442026
0   1.9367350240633527
0   1.9367350240633416
0   2.1405557185744177
0   1.4971850029262577
0   3.0941709325769708
0   2.4750702904449438
0   2.7197321115537534
0   2.7197321115537521
0   2.3221643378452805
0   2.448440354413155
0   2.4484403544131639
0   2.3485192768600349
0   2.3485192768600469
0   1.7803024675448698
0   2.1079809296807608
0   2.1079809296807541
0   2.2587496659567394
0   2.2587496659567385
0   2.6377446186545614
0   2.637744618654561
0   2.3784506652271871
0   2.3784506652271893
0   2.1518764646463353
0   2.1518764646463295
0   2.0344304046479511
0   2.0344304046479489
0   2.8392073386097354
0   2.8392073386097509
0   1.741776413294462
0   1.7417764132944527
0   2.466327368650854
0   2.4663273686508416
0   2.4675182389474903
0   2.4675182389474926
0   1.8983744985380726
0   1.8983744985380699
0   2.3984815167485816
0   2.3984815167485989
0   2.0310986542892411
0   2.0310986542892402
0   2.3588465607566063
0   2.3588465607566076
0   1.9649937060635154
0   1.9649937060635052
0   2.5859564739402989
0   1.6628172374961347
0   2.21577252998385
0   2.2157725299838491
0   2.1851216014348429
0   2.2500881094032752
0   2.2500881094032854
0   2.4145168402423649
0   2.800256125618557
0   2.5826534789704327
0   2.5826534789704199
0   2.0060655379462196
0   2.0060655379462147
0   2.3226611118566987
0   2.3226611118566947
0   2.2654878665630087
0   2.2654878665630021
0   1.6759509533830403
0   2.496446048902226
0   2.2653865939540538
0   2.2653865939540627
0   2.4872372930049704
0   2.4872372930049731
0   2.062447184806488
0   2.0624471848064894
0   1.963094803983843
0   2.1573609053866853
0   2.1573609053866836
0   2.3418065943930109
0   2.3418065943930078
0   2.1986095849630192
0   2.1986095849630236
0   2.1570791222617869
0   2.1570791222617927
0   2.1536427846069746
0   2.1536427846069812
0   2.0605219876895715
0   2.0605219876895671
0   2.1776658203688006
0   2.1776658203688002
0   1.9342495151114312
0   1.9342495151114272
0   2.0756784969032753
0   2.0756784969032682
0   2.2079193851326386
0   1.8417187673741657
0   1.8417187673741764
0   2.1197854426202456
0   2.1197854426202531
0   1.5260977151980124
0   1.5260977151980168
0   1.4932884002598379
0   2.2539117363567165
0   1.5800296987178259
0   1.5800296987178331
0   1.3533826273206793
0   1.949313282072596
0   1.9493132820726093
0   2.0249369543498821
0   2.0249369543498861
0   2.0822990195140472
0   2.0822990195140472
0   1.9702788638257682
0   1.9702788638257647
0   1.9079243834345663
0   1.9079243834345627
0   1.7494894108953938
0   1.749489410895384
0   1.962473477239151
0   1.9624734772391514
0   1.8962306666129796
0   1.896230666612984
0   1.9473789387660037
0   1.9702056180180416
0   1.9702056180180376
0   1.855799061285953
0   1.8557990612859596
0   1.7545200289498264
0   1.6995510661202546
0   1.8118705402283637
0   2.1628445632338162
0   1.6076473935658093
0   2.0263997462452967
0   1.9369749425122293
0   1.9369749425122391
0   1.7474307198421153
0   1.9228145221424437
0   1.9228145221424433
0   1.6176007714352729
0   1.6176007714352756
0   1.6723329384558334
0   1.6723329384558383
0   1.7207891919137852
0   1.7207891919137821
0   1.8229174998304769
0   1.8229174998304738
0   1.6164438158996295
0   1.6164438158996313
0   1.6614658773907047
0   1.6614658773907078
0   1.4653254654579813
0   1.4653254654579715
0   1.5771605403660529
0   1.5771605403660489
0   3.4292679960428893
0   2.7189536741725844
0   2.4415818830652798
0   2.4415818830652847
0   2.8952635604822134
0   2.8952635604822352
0   3.1875729466394618
0   3.1875729466394569
0   2.5727856517606478
0   2.5727856517606731
0   2.547322135504126
0   3.050173662940594
0   3.0501736629406038
0   2.3913409141534707
0   2.3913409141534734
0   2.1234847382811761
0   2.1234847382811837
0   2.4544331156393073
0   2.4544331156392976
0   2.4201753661037166
0   2.4201753661037197
0   2.2862712159396037
0   2.2862712159396024
0   1.9498616885152029
0   2.3175650727482124
0   2.3175650727482275
0   2.8894047816534418
0   2.8894047816534454
0   2.1366173867287928
0   2.0732382866125278
0   2.0732382866125358
0   2.7152230717418235
0   2.7152230717418231
0   2.1330773536862027
0   2.133077353686204
0   2.3435869582708118
0   2.3435869582708229
0   1.8117804312496597
0   1.8117804312496624
0   2.3975770141069992
0   2.3975770141070001
0   2.2999551459205558
0   2.3223863341068203
0   2.1381787152063065
0   2.1381787152063065
0   2.3258823442593761
0   1.6085841093080129
0   1.6085841093080138
0   2.2670586454796173
0   2.2670586454796182
0   2.1048699533503186
0   2.1048699533503226
0   2.3089144753106248
0   2.3089144753106416
0   2.1678766024569702
0   2.167876602456972
0   1.6789189756268956
0   1.6789189756268978
0   1.7002023586983688
0   2.2801872838800081
0   2.2801872838800095
0   2.1999048375361698
0   2.1999048375361694
0   2.1152193372884387
0   2.2680935079984281
0   2.2680935079984308
0   1.632734576096436
0   2.3098704770621286
0   2.3098704770621317
0   2.445475489160144
0   2.4454754891601489
0   2.5340423593703059
0   2.368359497466006
0   2.3683594974660167
0   2.3124338819166073
0   2.3124338819166095
0   2.4213338963365949
0   2.4213338963365976
0   2.5169066281897816
0   2.0914328707918393
0   2.091432870791841
0   2.3212623859967625
0   2.321262385996762
0   2.2791395920676627
0   2.2791395920676627
0   2.214992093923402
0   2.122988356039448
0   2.122988356039452
0   2.0270344721013638
0   2.0270344721013651
0   1.8537512181688363
0   1.8537512181688363
0   2.2219013990712253
0   2.22190139907124
0   1.8893126304065113
0   1.8045622931604797
0   1.8291743762492674
0   1.8291743762492758
0   2.2354476143625246
0   2.2354476143625295
0   2.1650471307952293
0   2.5303349866424401
0   1.7463115210839288
0   2.2267223150522795
0   2.2267223150522719
0   1.5070016495272265
0   2.3385475476910873
0   2.1165579960773697
0   2.2065020713152443
0   1.9283248634574783
0   1.928324863457465
0   1.9898719965024076
0   1.9898719965023948
0   1.5664672860713389
0   1.566467286071334
0   1.9877703862083513
0   1.9877703862083558
0   2.0207371678630652
0   2.0207371678630688
0   2.0691382750359617
0   2.0691382750359582
0   2.1549660670072375
0   2.1549660670072339
0   2.0067515126073068
0   2.0067515126073143
0   1.9827489297915815
0   1.9827489297915735
0   1.9801641118369107
0   1.9801641118369133
0   1.8477243413261921
0   1.8604536307971076
0   1.8319415381001205
0   1.8319415381001223
0   2.0049042047091783
0   2.0049042047091974
0   2.0039204380391364
0   2.0039204380391524
0   1.7580140661914587
0   1.7580140661914823
0   1.584251346703855
0   1.5842513467038639
0   2.0231207433479939
0   2.023120743347993
0   2.0427967905987074
0   2.0427967905987123
0   1.8324027866750474
0   2.0992876154167286
0   2.0992876154167242
0   1.6049478467010969
0   1.6049478467010951
0   2.0021411185411662
0   1.632481906954045
0   1.6324819069540517
0   1.4344436454900629
0   1.4344436454900749
0   2.0201248078313419
0   2.0201248078313441
0   1.7845680362310281
0   1.7845680362310272
0   1.6844926377830713
0   1.6844926377830762
0   2.0790754350441762
0   2.0790754350441736
0   1.7422081507776874
0   1.7422081507776865
0   1.7772955189294293
0   1.7772955189294315
0   1.8022278682838544
0   1.7709788999795997
0   1.7709788999796046
0   2.1048579987479359
0   1.7038271781615384
0   1.7038271781615393
0   1.6821486991129353
0   1.6821486991129317
0   1.6894546359737292
0   1.6894546359737279
0   1.7432947651172306
0   1.7378809142147515
0   1.737880914214748
0   2.0101737801940169
0   2.0101737801940294
0   1.7025070477600277
0   1.6324720141218081
0   1.6324720141218134
0   1.9292784438425485
0   1.9292784438425525
0   1.7364986920349899
0   1.736498692034997
0   1.719527697023024
0   1.7195276970230262
0   2.2276698640666854
0   1.6768304034250625
0   1.6768304034250647
0   1.9043908218845851
0   1.9043908218847867
0   1.7606919289202567
0   1.7606919289202643
0   1.708152392687655
0   1.7081523926876616
0   1.6714660098488308
0   1.671466009849051
0   1.6677322099549508
0   1.6677322099549534
0   1.6798077261962936
0   1.6798077261963003
0   1.6401319322430177
0   1.6401319322430172
0   1.4946617150508112
0   1.4946617150508119
0   1.7332015757477621
0   1.3598955444445344
0   1.359895544444534
0   1.5220082606857699
0   1.2937834845180545
0   1.0335667737511298
0   2.7960353162358045
0   2.4709192701262457
0   1.9818869428778889
0   2.2329628387505491
0   2.4797923973085783
0   2.4797923973085836
0   2.6941958994976147
0   2.6941958994976187
0   2.040903604667625
0   2.0409036046676214
0   2.1431831209761669
0   2.1431831209761723
0   2.5203403489455898
0   2.5203403489455929
0   2.0955059734355883
0   2.095505973435595
0   2.3529750781574514
0   2.3529750781574634
0   1.8684549511899697
0   1.8684549511899751
0   2.0847566743462451
0   2.0847566743462531
0   2.1983466435356727
0   2.1983466435356811
0   2.8081911018011048
0   2.4864711592454714
0   2.4864711592454625
0   2.7803702031564463
0   2.7803702031564583
0   1.8477611879645321
0   1.8477611879645295
0   2.1459935296852093
0   2.1459935296852146
0   1.8936555744934815
0   1.9627347388065877
0   2.0163873489861168
0   2.5290211562929219
0   2.5026367421892637
0   2.5026367421892588
0   2.2439350523357775
0   2.2439350523357895
0   2.0806641903502534
0   2.0806641903502561
0   1.9017257961212395
0   1.9017257961212266
0   2.0873694067537167
0   2.0873694067537207
0   2.008697848957127
0   2.0086978489571448
0   1.7406311149111056
0   1.7406311149111113
0   2.0063412152212909
0   2.0063412152213709
0   1.957713554930069
0   1.9577135549301543
0   2.6854604864340548
0   2.6854604864340561
0   2.1205124245680227
0   2.1956173252565576
0   2.1956173252565563
0   1.6591463858286679
0   1.6591463858286803
0   2.7811264428272158
0   1.5730837219206126
0   1.5620425643772715
0   1.689067298773073
0   1.6890672987730748
0   2.5965556259581839
0   2.5965556259581333
0   1.7141305842455807
0   1.7141305842455932
0   2.0948167724345579
0   2.0948167724345645
0   1.9809599848358013
0   1.9809599848357311
0   1.7965212502522907
0   1.7965212502523
0   2.1101278991912555
0   2.1101278991912613
0   1.9639786224229892
0   2.1720817246494439
0   2.1720817246494328
0   1.9631565789892438
0   1.9631565789892491
0   2.0012439945138363
0   1.7818360542828837
0   1.7818360542828859
0   2.2282922321481236
0   2.2282922321481275
0   2.1222823185837081
0   2.122282318583709
0   1.9300331148365606
0   1.930033114836557
0   2.1576805539627992
0   2.1576805539628086
0   1.9248388703854791
0   1.924838870385488
0   2.2408349884820806
0   2.2408349884820908
0   2.1419257343601843
0   1.9868125709825155
0   1.986812570982512
0   1.8013355343935609
0   1.8013355343935622
0   1.6198078631003505
0   1.619807863100359
0   1.8415676220081978
0   1.8415676220082062
0   1.4189629292651154
0   1.4189629292651205
0   2.2081510829903364
0   1.6432702651488404
0   1.6432702651488471
0   1.8871874854980315
0   1.887187485498024
0   1.9115273438913913
0   1.9115273438914042
0   1.7907281613465198
0   1.7907281613465331
0   2.0617173682354255
0   2.0617173682354428
0   1.8112973142057878
0   1.8112973142057913
0   1.8236209373911385
0   1.8236209373911301
0   1.9855654304548329
0   1.9855654304548387
0   2.0783080481116625
0   2.0783080481116625
0   1.8445331265345088
0   1.8445331265345151
0   1.8284692296941247
0   1.8774506527956412
0   1.877450652795623
0   1.8811653072832568
0   1.5364269195787763
0   1.6184791662851623
0   1.6184791662851787
0   1.7206894971703437
0   1.7206894971703477
0   1.4266989358139612
0   1.7897619582561854
0   1.3242899220634077
0   1.5441776512331273
0   2.0936098706616426
0   2.0936098706616524
0   2.0345403828168793
0   2.0345403828168793
0   1.7770714169562676
0   1.6795818922515893
0   1.6795818922515888
0   2.6239400435146432
0   1.4344544757847077
0   1.4344544757847169
0   1.4898510758079264
0   1.4898510758079297
0   1.4739151032396585
0   1.4739151032396616
0   1.6273963304004151
0   1.62739633040042
0   1.695956906464446
0   1.6959569064644411
0   1.6311899316083975
0   1.6311899316083984
0   1.5715514538137225
0   1.5715514538137234
0   1.6353853095543522
0   1.9528180454921089
0   1.9758733913964881
0   1.0256981870324118
0   1.7714145053076336
0   1.9666944899137344
0   1.0554951644161215
0   1.526439398693658
0   1.5264393986936589
0   2.3106044111373696
0   1.6140743317780171
0   1.6140743317780286
0   1.845766344960758
0   1.8457663449607566
0   1.6059219972294945
0   1.6059219972294976
0   1.6967145991770227
0   1.6967145991770249
0   1.26379645542343
0   1.2637964554234278
0   1.4632866118451309
0   1.4632866118451366
0   1.8630790888601636
0   1.1677318108412431
0   1.1677318108412478
0   2.6139319346027663
0   2.6139319346027818
0   0.95918521302517212
0   0.95918521302517235
0   1.2069121984656705
0   1.2069121984656688
0   2.5911317616241245
0   2.5911317616241263
0   2.133550153619252
0   2.1335501536192512
0   1.9365562996455616
0   1.9365562996455665
0   1.8930100672670727
0   1.8930100672670735
0   2.0284398568321995
0   2.0284398568322168
0   2.1601296664712302
0   1.9994844371577272
0   1.9994844371577485
0   2.1454981027835616
0   2.5510338721073178
0   2.551033872107336
0   2.028927141328821
0   2.0289271413288437
0   2.329727633068523
0   2.06127630430246
0   2.0612763043024573
0   2.3861754284970749
0   2.3861754284970802
0   2.053362296930755
0   2.0533622969307546
0   1.9426113375232736
0   1.9426113375232728
0   1.9624606737962327
0   2.117192634863966
0   2.1171926348639656
0   2.1110204168704891
0   2.11102041687051
0   2.2703882294613078
0   2.2703882294613069
0   1.8064933322547363
0   1.8064933322547438
0   2.1219386936880511
0   1.8414787286655265
0   1.8414787286655296
0   2.0686365959353825
0   1.9916202416621047
0   1.99162024166211
0   1.8948821549863526
0   1.8948821549863619
0   1.8056957840384618
0   1.8056957840384613
0   1.4195512103629107
0   1.9072217110261631
0   1.9072217110261609
0   2.3622488492835227
0   1.3727886253801878
0   2.0365241187628573
0   2.0365241187628551
0   2.2353968382112859
0   2.3653942167474806
0   2.3653942167474913
0   1.5539616625856967
0   1.5539616625857056
0   2.1205256981257512
0   2.1205256981257943
0   2.3717340856809792
0   2.3717340856810107
0   1.6178326186881797
0   2.3238011661351994
0   1.3274108771602953
0   1.3274108771602999
0   1.6930595110524975
0   1.6930595110525077
0   1.8106744513862849
0   1.8106744513862654
0   1.7033344311419727
0   1.7033344311419736
0   1.6090798233366326
0   1.6090798233366463
0   1.7862841520937938
0   1.5437244737882962
0   1.5437244737883007
0   2.0328672309116618
0   2.032867230911628
0   1.6903353028738684
0   1.7432914095997436
0   1.7597560825388427
0   1.7597560825388396
0   1.519494889033651
0   1.5194948890336519
0   1.777912367478216
0   1.3088650411300786
0   1.4099295539994625
0   1.4099295539994676
0   1.6479341878485689
0   1.6479341878485765
0   1.7824915429195154
0   1.7824915429195016
0   1.4088680538448997
0   1.4088680538449059
0   1.4616378843096747
0   1.711916272249618
0   1.5422426531201809
0   1.434656389375631
0   1.6932313480692338
0   1.6932313480692565
0   1.8065643465139218
0   1.8065643465139245
0   1.3071762120079153
0   1.3071762120079211
0   1.2743144222609379
0   1.2743144222609455
0   1.4410540021674847
0   1.4410540021674894
0   1.3367839560206489
0   1.3367839560206543
0   1.303029383911825
0   1.3030293839118272
0   1.5464110706598908
0   1.5464110706598646
0   1.5155822288866854
0   1.2947809500535423
0   1.2947809500535514
0   1.5536778091391201
0   1.6544702438904171
0   1.6544702438903807
0   1.1907537196788955
0   1.1907537196788993
0   1.4229557289890709
0   1.4229557289890644
0   1.5835149060911355
0   1.5835149060911351
0   1.8174335554017031
0   1.8174335554017094
0   1.6005378356456554
0   1.6005378356456506
0   1.4778908356719358
0   1.477890835671928
0   1.1101308236221086
0   1.1101308236221068
0   1.0448638903127037
0   1.0448638903126912
0   1.8066863389037051
0   1.8066863389036851
0   1.2825281426826416
0   1.2825281426826474
0   1.0130512288486426
0   1.8302375430234501
0   1.1618430902361037
0   1.1618430902361221
0   1.0532602457183793
0   1.0532602457183848
0   1.0808629094069895
0   1.0702395715048556
0   1.0702395715048534
0   0.72543722157857249
0   0.72543722157857271
0   1.0193045849106208
0   1.0000000000000024
0   1.0000000000000004
0   1.0178074207686882
0   1.017807420768694
0   1.0071795259718872
0   1.0071795259718899
0   1.0043606035493717
0   1.0043606035493724
0   0.50665068290779658
0   0.50665068290779636
0   0.45507429862399629
0   1.0163908292252115
0   1.0163908292252115
0   1.0269798351636263
0   0
0   0

1   2.794572950582404
1   2.7325319675605209
1   2.7325319675605186
1   2.5573525576130782
1   2.5573525576130716
1   2.3022560941515158
1   2.3022560941515136
1   2.023812180238187
1   2.0238121802381848
1   1.8002832100480965
1   1.8002832100480939
1   1.7131732418583709
1   2.9802339654316827
1   2.8643158908708815
1   2.8643158908708686
1   2.693800095096007
1   2.6307992954809345
1   2.6307992954809336
1   2.5804445779552325
1   2.5804445779552356
1   2.4693011186325142
1   2.4693011186324054
1   2.3781085718584363
1   2.3781085718584358
1   2.4246999079135056
1   2.4246999079134954
1   2.3111470861349637
1   2.3111470861349463
1   2.2305922847207462
1   2.230592284720859
1   2.0456763626251626
1   2.0456763626251551
1   1.9596402200065488
1   1.9596402200065257
1   1.9166092717229817
1   1.8443457444301297
1   2.9730679796554589
1   2.9088406521386472
1   2.908840652138649
1   2.7821188330698079
1   2.782118833069811
1   2.6244810934684804
1   2.624481093468471
1   2.4399606818103918
1   2.4399606818103807
1   2.306653540554223
1   2.3066535405542172
1   2.2670844932988321
1   2.6357973395034517
1   2.5824901684554002
1   2.5824901684553896
1   2.472562895129629
1   2.4725628951296215
1   2.3719199750503766
1   2.3719199750503792
1   2.285219901069742
1   2.2852199010697407
1   2.1944606123810351
1   2.1944606123810244
1   2.1487263271189816
1   2.1185491524514108
1   2.2852331710266092
1   2.2852331710266012
1   2.2975107033648055
1   2.2975107033648068
1   2.1155885164948858
1   2.1155885164948938
1   2.1804270211954151
1   2.1804270211954231
1   2.266201340010483
1   2.1169252514805521
1   2.116925251480565
1   2.2479316917493426
1   2.2479316917493262
1   2.310245328227384
1   2.3102453282273783
1   2.152818381741108
1   2.1528183817411537
1   2.4475888265652048
1   2.4475888265652483
1   1.9624378706716943
1   1.9624378706716543
1   2.5620286470208047
1   1.7898249851074306
1   2.3669923934895305
1   2.4487909188031205
1   2.4487909188030836
1   1.9835012497748159
1   2.4636148114395042
1   2.463614811439482
1   1.8859112969621465
1   1.885911296962115
1   2.26881724371147
1   2.2688172437114171
1   1.9717368408770484
1   1.9717368408771923
1   2.5725599930077672
1   2.4865832868173774
1   2.4865832868173845
1   2.2603859919010416
1   2.2603859919010096
1   2.0029057759372444
1   2.00290577593718
1   1.8356571546733793
1   1.8356571546734801
1   1.6934799557128071
1   1.6934799557128106
1   1.613446771268912
1   3.8018261308835068
1   2.7346464967289399
1   2.7346464967289354
1   2.7169285460584973
1   3.4204859331031563
1   3.4204859331031723
1   2.9652010272919478
1   2.9652010272919376
1   2.6576445591370264
1   2.6576445591370197
1   2.4262262878707581
1   2.4262262878707546
1   3.1527181313678367
1   3.1527181313678319
1   2.7016564470517812
1   2.7016564470517701
1   2.3716982087008573
1   2.3716982087008485
1   2.367170493171932
1   2.3671704931719293
1   2.8738362435616605
1   2.128170926141487
1   2.1281709261414847
1   2.522795249717495
1   2.2065724762837133
1   2.2065724762837178
1   1.8715941878940296
1   2.4264985892161506
1   2.6572192133591224
1   2.6572192133591273
1   2.3382479029308589
1   2.3382479029308567
1   2.0561735853380831
1   2.0561735853380751
1   2.3670493475424541
1   2.3670493475424474
1   2.1362683412130083
1   2.1362683412130101
1   1.8906786596544181
1   1.8906786596544247
1   2.2319735618695868
1   2.23197356186957
1   2.5876897197536581
1   2.2943816685237319
1   1.7013164397841551
1   1.7013164397841471
1   2.2092107153218818
1   2.2092107153219014
1   2.4050435910933516
1   1.9477067378497273
1   1.9477067378497264
1   2.3376163699716455
1   2.3376163699716468
1   1.6904839112983363
1   2.1656991290665424
1   2.1656991290665419
1   1.7626310982430233
1   1.7626310982430016
1   1.8214767830639698
1   1.8214767830639671
1   2.3235519788981067
1   2.3235519788981005
1   2.2473988215135892
1   2.2473988215135892
1   2.282290412875521
1   2.2822904128755153
1   2.1019271043798153
1   2.1019271043798438
1   1.8743234926147676
1   1.8743234926147592
1   1.9003337875153106
1   1.8049514932586508
1   2.3376936240899457
1   2.3376936240899475
1   2.3204716099708085
1   2.3204716099707658
1   2.4602698727082162
1   1.9878811376932886
1   1.9878811376932815
1   2.1879953674409225
1   2.1879953674409145
1   1.9958651768860958
1   1.9958651768860896
1   1.8028278118396885
1   3.1005371267086899
1   2.8206274891163821
1   2.8206274891163932
1   2.7543543064755154
1   2.7543543064755198
1   2.5809592587949393
1   2.5809592587949401
1   2.7588664055383925
1   2.7588664055383809
1   2.4148660052332782
1   2.5112276244591842
1   2.5112276244591794
1   2.4077393878337436
1   2.4077393878337445
1   2.454566079598576
1   2.4545660795985746
1   2.1769030302643819
1   2.176903030264377
1   2.4982771202392837
1   2.4982771202391816
1   2.1416623310522507
1   2.1416623310522676
1   2.8100161688174152
1   2.2126841274158369
1   2.3106870456818749
1   2.5759899154997146
1   2.5759899154998029
1   2.4482868124303563
1   2.5151823254073293
1   2.515182325407328
1   2.5211256501932779
1   2.5211256501932851
1   2.4270660846326222
1   2.4270660846326266
1   2.2783410418583312
1   2.2783410418583312
1   2.7669798584928
1   3.0025503780940381
1   3.0025503780940337
1   3.0511867544227038
1   2.5259945685912735
1   2.525994568591273
1   2.5964277924162169
1   2.5964277924162134
1   2.7101404044915256
1   2.7101404044915283
1   2.4136240264659139
1   2.4136240264659294
1   2.5201565299942281
1   2.3515411971170037
1   2.3515411971169975
1   2.0869954225205616
1   2.3336747445153456
1   2.3336747445153447
1   2.6270075503534085
1   2.627007550353408
1   2.1828744011462771
1   2.1828744011462775
1   2.2803428976783757
1   2.2803428976783833
1   2.3371008950994865
1   2.3371008950994887
1   2.5191578900788558
1   2.5191578900788629
1   2.2073314983779437
1   2.2073314983779455
1   2.2777307702576781
1   2.2777307702576906
1   2.4075769684644261
1   2.4075769684644222
1   2.1805949182947528
1   2.1805949182947373
1   2.0605619121257832
1   2.0605619121257792
1   2.5183642956751422
1   2.2874537050271915
1   1.9817079240088487
1   1.9817079240088677
1   1.67886413861864
1   2.2412796573742511
1   2.2412796573742342
1   1.8412416212584661
1   1.8412416212584679
1   1.7489801761693919
1   2.4388462201074277
1   2.4388462201074352
1   2.4645708017377341
1   2.4645708017377226
1   2.391829717177222
1   2.3918297171772198
1   2.1220983732050267
1   2.12209837320502
1   2.1441715360786646
1   2.1441715360786668
1   2.067681830190593
1   2.0676818301905917
1   2.1257622644838929
1   2.1257622644838987
1   2.2069666579317069
1   2.2069666579317104
1   1.9774752649141054
1   2.2932500680218841
1   2.2932500680218837
1   2.1865877411877097
1   2.0120403709830001
1   1.8656772566816349
1   1.8656772566816269
1   2.2172812504518289
1   1.9583749091969711
1   1.958374909196968
1   2.211507104209347
1   2.2115071042093595
1   2.2760899830889332
1   2.0391075557875937
1   2.1142833965742929
1   1.9900895421147751
1   1.9900895421147751
1   2.0851969486652813
1   2.0851969486652768
1   2.1660222165750223
1   2.1660222165750196
1   2.0508890011069565
1   2.0508890011069587
1   1.8468188894743962
1   1.8468188894743953
1   1.822491526761425
1   1.822491526761429
1   1.9546833270301693
1   1.774367000159784
1   1.7743670001597858
1   1.796466567901458
1   1.7964665679014549
1   1.9717938951138851
1   1.8979250951163849
1   1.9201359752997851
1   1.9201359752997837
1   1.8833682189034038
1   1.8833682189034029
1   1.8699754316743169
1   1.8699754316743196
1   1.8289258908885033
1   1.8289258908885069
1   1.7243758968778922
1   1.7243758968778908
1   3.4338379965527652
1   3.0366865819565438
1   3.0366865819565398
1   2.6472256016253186
1   2.6472256016253271
1   2.9735105296305036
1   2.731108232952637
1   2.7311082329526406
1   2.5414209230774096
1   2.5414209230774136
1   2.9513041399808504
1   2.9513041399808646
1   3.1330192486854709
1   2.3930603580118399
1   2.3930603580118359
1   2.7396597531254487
1   2.7396597531254541
1   2.3845032290275063
1   2.3845032290275161
1   2.7460952161686047
1   2.7460952161685972
1   2.2578453988014857
1   2.2578453988014964
1   2.6180219322042193
1   2.6180219322042211
1   2.2133544339914062
1   2.6010557124953815
1   2.6010557124953815
1   2.6011600956945617
1   2.6011600956945657
1   2.2866889482859825
1   2.2866889482859798
1   2.3444435726377906
1   2.6841787785933531
1   2.684178778593342
1   2.5487335700997713
1   2.5976477777840388
1   2.5976477777840383
1   2.6211718733019644
1   2.6211718733019529
1   2.3234548730833797
1   2.3234548730834086
1   2.431701571862082
1   2.4671661326253953
1   2.4671661326253962
1   2.4811196075628499
1   2.4811196075627691
1   2.2830056134843004
1   2.2830056134842782
1   2.3885485893272214
1   2.2734048921269627
1   2.2734048921268766
1   2.1670040554530514
1   2.1670040554530789
1   2.5122317229232163
1   2.5122317229232167
1   2.234582593748903
1   2.288508226464423
1   2.2885082264644332
1   2.1222842407146847
1   2.1222842407146865
1   2.3741772982974316
1   2.1000040742843828
1   2.4978247310054815
1   2.4978247310054864
1   2.0094791167761974
1   2.0094791167762018
1   2.3041760288098416
1   2.3041760288098434
1   2.2638536228395547
1   2.2638536228395512
1   2.5370405368893607
1   2.1835446094343522
1   2.1835446094343527
1   1.9934112226534819
1   2.1543026720498619
1   2.098044745471185
1   2.0980447454711855
1   2.0333973722895031
1   2.0333973722895098
1   2.1947372604474777
1   2.1947372604474968
1   2.1780665344831336
1   2.1780665344831283
1   1.927245776865647
1   1.9272457768656364
1   2.0759987794323247
1   2.0759987794323194
1   2.383849615656485
1   2.3838496156564859
1   2.6260214376932556
1   2.5148863427350072
1   2.5148863427350063
1   2.1877341645307862
1   2.3147512649788649
1   2.3147512649788631
1   2.0983291880832322
1   2.0983291880832309
1   2.0209711673536681
1   2.0209711673536686
1   2.1280913074919536
1   2.1280913074919505
1   1.8531103069604371
1   2.1468732730615758
1   2.1468732730615789
1   2.2842663761626172
1   2.2842663761626141
1   2.0692450440462347
1   2.3155811788362639
1   2.3155811788362684
1   2.3252833900715615
1   2.1579167351363093
1   2.1579167351363124
1   2.2317653547885183
1   2.2317653547885223
1   2.1880515038144761
1   2.1880515038144819
1   2.3520205003073613
1   2.406238887458374
1   1.9793406943208174
1   1.9793406943208209
1   2.5197109350461169
1   1.8203719472627689
1   2.179575125281044
1   2.1795751252810525
1   2.1355222308204747
1   2.0673418832745942
1   2.0673418832745942
1   2.078846792322131
1   2.0788467923221301
1   2.1141161822504304
1   2.1141161822504313
1   1.9988928103415762
1   1.9988928103415828
1   2.2514043287216943
1   2.2514043287216872
1   2.2932027806804456
1   2.293202780680446
1   1.8902348574772883
1   1.8902348574772931
1   2.0848494273990434
1   2.1648802677180248
1   2.1648802677180248
1   1.8256451814557924
1   1.825645181455791
1   2.1727856419958336
1   2.1727856419958189
1   2.0867991152396552
1   2.0867991152396428
1   1.7970398447225056
1   1.7970398447225309
1   1.9970082342541065
1   1.9970082342541238
1   1.7593031489580087
1   1.7593031489580024
1   2.1534406307060658
1   1.9494635546047832
1   1.949463554604796
1   1.7485514492764729
1   1.7485514492764973
1   2.2373177257934369
1   2.103422018936258
1   2.1034220189362594
1   2.0318724512369419
1   2.0318724512369415
1   2.1181851978342618
1   2.1181851978342476
1   1.9032664346895922
1   1.903266434689586
1   1.968013159923732
1   1.9680131599237631
1   2.0954742608907129
1   2.0954742608906849
1   1.8204432437570746
1   1.6584132142221781
1   1.8723018242569691
1   1.6579988502596716
1   1.657998850259669
1   1.7610786135150751
1   1.7610786135150756
1   1.8717187192826872
1   1.8717187192826925
1   1.8336705195096368
1   1.8336705195096408
1   1.9298326791379119
1   1.9298326791379119
1   2.8892179552269051
1   1.7898135586459829
1   1.7898135586459896
1   2.1195427864251899
1   1.6274402559204679
1   1.6274402559204653
1   1.5146115987726181
1   2.6113627890076576
1   2.0860751039122079
1   2.0860751039122154
1   2.1065312095080961
1   2.1065312095080988
1   2.6744339907492973
1   2.674433990749308
1   2.6107267382230668
1   2.6107267382230863
1   2.3805898781270773
1   2.6910663515081432
1   2.6910663515081406
1   2.2779816360087137
1   2.2779816360087186
1   2.3110251879169383
1   2.311025187916949
1   2.948065089174809
1   2.5442509192264935
1   2.5442509192265024
1   2.7493681296710055
1   2.7493681296710095
1   2.3855646263700065
1   2.3855646263700137
1   2.1367351440009053
1   2.2215060735647989
1   2.22150607356479
1   2.5512279119099679
1   2.5512279119099692
1   2.5226302176264368
1   2.4178642315661203
1   2.4178642315661278
1   2.6070235953564835
1   2.6070235953565035
1   2.0506372493713125
1   2.0506372493713148
1   2.285217013399536
1   2.2852170133995453
1   2.5559153621381827
1   2.5559153621381707
1   2.7300320512056229
1   2.088642659903015
1   2.0886426599030092
1   2.3188231557279213
1   1.9349597463449952
1   1.934959746344981
1   2.0124487858163982
1   2.0124487858164026
1   2.5475968739731756
1   2.275934704292899
1   2.2759347042929008
1   2.3077369506529148
1   2.3077369506528909
1   2.314736248261104
1   2.3147362482611022
1   2.2594139370131412
1   2.2594139370131541
1   2.2800096752756565
1   2.2800096752756609
1   2.2721377387061477
1   2.2721377387061885
1   1.9772087099718192
1   2.36270069914791
1   1.9102339199647913
1   1.9102339199647984
1   2.3675413571627208
1   2.3675413571627422
1   2.0970544097071824
1   2.158573935181439
1   2.1585739351814519
1   2.1951959328304911
1   2.1951959328304969
1   2.3208103039836314
1   2.3208103039836407
1   2.1741408947137923
1   2.1741408947137875
1   1.7593522824769678
1   1.7593522824769852
1   2.1386656859342534
1   2.1386656859343116
1   2.0534492777041762
1   2.121539752129078
1   2.1215397521290909
1   1.8915878188122881
1   1.8915878188122872
1   2.2238350825660587
1   1.837635060657119
1   1.8376350606570493
1   1.8652493615217933
1   1.8773942898728051
1   1.877394289872814
1   2.0987213178464486
1   2.098721317846445
1   1.9586699116279247
1   1.9586699116280291
1   2.3253171712695204
1   2.038041851897983
1   2.0380418518979715
1   2.1281704268738326
1   2.1281704268738633
1   2.1006924230349657
1   2.1006924230350243
1   2.0144075624163835
1   2.0913971486621317
1   2.0913971486621334
1   2.3103217905052422
1   1.7895799038218581
1   1.7895799038218567
1   1.8607009019256338
1   1.8607009019256155
1   1.9088422528612954
1   1.9088422528612972
1   1.9068295366277797
1   1.9068295366277952
1   1.9896166705876692
1   1.9896166705876817
1   1.9226693129566739
1   1.8752845748980649
1   1.8752845748980702
1   1.8511435569256625
1   1.8511435569256678
1   1.8983007938791587
1   1.8983007938791459
1   1.8535667790430668
1   1.8535667790430779
1   2.0439330424919504
1   2.0439330424919393
1   1.9896220859759075
1   1.9896220859759337
1   1.9781379149936451
1   1.9781379149936544
1   1.9484212693883496
1   1.630072922601403
1   2.0114813241230287
1   2.0114813241230358
1   1.7634082724951865
1   1.7634082724952189
1   2.1006085915933466
1   2.1006085915933697
1   1.941734910274584
1   1.9417349102746106
1   1.9064794122013344
1   1.4092364437941189
1   1.5509574274066251
1   1.5509574274066198
1   2.0141811129778087
1   2.0141811129778082
1   1.782722091839696
1   1.7827220918396853
1   2.0071903843534296
1   2.0071903843534069
1   2.1670912083345599
1   1.8104751241628301
1   1.8104751241628407
1   1.6875588064018046
1   1.7851135463365848
1   1.7183001643745319
1   1.7183001643745084
1   1.8854931572971259
1   1.9704774362356354
1   2.0888247725918001
1   1.5999683451860038
1   1.765426170925247
1   1.7654261709252408
1   1.6955114051494125
1   1.6955114051494022
1   1.7518204546020524
1   1.7518204546020479
1   1.6757478417684122
1   1.6757478417684157
1   1.5670784147407977
1   1.567078414740799
1   1.8771332584540423
1   1.8771332584540406
1   1.2763052541454885
1   1.2763052541454916
1   1.5278726187674843
1   1.3274563952398273
1   1.4862577219081003
1   1.4862577219081032
1   1.7009074343440886
1   1.7009074343440926
1   1.5867737625131348
1   1.5867737625131513
1   1.456971204069353
1   1.4569712040693534
1   1.4839705953077524
1   1.4839705953077629
1   1.5990674162528391
1   1.5990674162528351
1   2.1717343627245791
1   1.0345130433301708
1   1.0345130433301764
1   2.2010061423350469
1   2.2010061423350522
1   2.4416833721465849
1   2.4416833721465858
1   2.1082392212802836
1   2.1082392212802774
1   2.1783898773889154
1   2.1783898773889221
1   2.1383181918887013
1   2.138318191888712
1   2.3022569773406087
1   2.3022569773406207
1   2.465791639651572
1   2.3360096115450779
1   2.1289040915587716
1   2.1289040915587716
1   2.2480615557503545
1   2.2480615557503656
1   2.0715972521306898
1   2.0715972521307009
1   1.9853499859654353
1   1.9853499859654353
1   1.7887807416684844
1   2.0509563187769912
1   1.6123063488023437
1   1.6123063488023499
1   2.1250044536670405
1   1.8963167418488682
1   1.9958178867093963
1   1.9958178867093816
1   1.6446785293853434
1   1.6446785293853452
1   2.1699598997760594
1   1.8485316491711852
1   1.8485316491711954
1   1.6265076919849459
1   1.6265076919849366
1   1.7263462035788675
1   1.7263462035788439
1   2.18615655080613
1   2.1861565508061322
1   1.5918777711776482
1   1.5918777711776682
1   1.7174145156110208
1   1.7174145156110212
1   1.822006911031731
1   1.8220069110317256
1   1.5184018787820523
1   1.4896718759702137
1   1.4896718759702221
1   1.7459271691048395
1   1.7459271691048524
1   1.82545541335727
1   1.8254554133572882
1   1.9188563637219027
1   1.4524058586880988
1   1.4524058586881168
1   1.6611313323951657
1   1.6611313323951813
1   1.632160050888106
1   1.6321600508881136
1   1.4495465905676941
1   1.4495465905676961
1   1.2713746082338715
1   1.2713746082338728
1   1.2285946214411316
1   1.228594621441139
1   1.162932495767216
1   1.1318934211038378
1   1.1318934211038412
1   1.0732015542671793

2   3.2271968714261803
2   3.1700706906636866
2   3.170070690663684
2   3.011790817087491
2   3.0117908170874905
2   2.789380938334284
2   2.7893809383342814
2   2.5579924872137116
2   2.5579924872137099
2   2.3814248837698799
2   2.3814248837698786
2   2.3149853118861996
2   3.370968507308735
2   3.239297802924276
2   3.2392978029242614
2   2.9612811961275054
2   2.9612811961275121
2   2.7861920697969857
2   2.786192069796984
2   2.8465993481713969
2   2.8465993481713627
2   3.0172198720850192
2   3.0172198720849934
2   3.1009357556411516
2   2.814500526106555
2   2.8145005261065492
2   2.8975238370132272
2   2.8975238370132232
2   2.5926260429424595
2   2.592626042942451
2   2.4679144532321868
2   2.7744124277540405
2   2.7744124277540418
2   2.563524779320399
2   2.5635247793203799
2   2.4597971835321655
2   3.618589766048351
2   3.4355455510425541
2   3.4355455510425523
2   3.3127854235784437
2   3.312785423578434
2   3.2208789686582704
2   3.2208789686582686
2   3.0126244620370817
2   3.0126244620370746
2   2.894505695275075
2   2.8945056952750696
2   2.8755761557438104
2   2.9431704039447113
2   2.9431704039447033
2   3.0013045332260151
2   3.0013045332260013
2   2.5141521639450235
2   2.5937108462147376
2   2.5937108462147309
2   2.5995801032446471
2   2.5995801032446457
2   2.7362717389610229
2   2.5992019432384867
2   2.5992019432384783
2   2.915433434135795
2   2.7373411274793842
2   2.737341127479374
2   2.7416116371324235
2   2.7416116371324262
2   2.8676792519534389
2   2.8676792519534429
2   2.8576286307280752
2   2.8576286307280712
2   2.8711514982910242
2   2.8711514982910118
2   2.9003812854187601
2   2.8104447835798596
2   2.8104447835798574
2   2.8009891978955337
2   2.8009891978955501
2   2.7702863383002163
2   2.770286338300215
2   2.5516955080523198
2   2.7749149747702506
2   2.5402937913069841
2   2.5402937913069872
2   2.6478117967587216
2   2.6478117967587202
2   3.0719816087910914
2   3.0719816087911052
2   2.9940942678018061
2   3.050731168458372
2   3.0507311684583915
2   2.936112329240419
2   2.8684535245200937
2   2.8684535245201088
2   2.7571183723211359
2   2.7571183723211221
2   2.6671632685597353
2   2.6671632685597304
2   2.4962626176502436
2   2.4962626176502427
2   2.4994931842819721
2   2.499493184281961
2   2.2610868918663627
2   2.316129950983131
2   2.3161299509831244
2   2.2361309389855144
2   2.2361309389855122
2   2.3430171619690081
2   2.2138953500890142
2   2.2138953500890044
2   3.7749205743214258
2   3.5161608837674683
2   3.5161608837674558
2   3.1059391500938198
2   3.1059391500938167
2   3.0209720579384114
2   3.0209720579384061
2   2.9233607262175618
2   2.9233607262175569
2   3.0325814096198225
2   3.0325814096198154
2   3.0848952136598102
2   3.0002866645108659
2   2.7037711774003856
2   2.7037711774003861
2   2.9368243523141131
2   2.9368243523141158
2   2.896225116359616
2   2.8962251163596093
2   2.7644736630447238
2   2.7644736630447224
2   2.9699440797359857
2   2.9699440797359822
2   2.7899890736956068
2   2.9184163093217514
2   2.8999883311231036
2   2.8999883311231032
2   2.76695222235612
2   2.7887838585261573
2   2.7887838585261524
2   2.6962474350663244
2   2.8735217689108574
2   2.8735217689108716
2   3.1523395680756541
2   3.0243432869406432
2   3.0243432869406597
2   2.6486917316005383
2   2.6486917316005383
2   2.6427749315989764
2   2.6427749315989741
2   2.5965407439917874
2   2.7441697664148768
2   2.744169766414875
2   2.8772659309871553
2   2.8772659309871522
2   2.6592418510155831
2   2.6592418510155822
2   2.4715621592625423
2   2.4715621592625379
2   2.4118954971155002
2   2.411895497115498
2   2.3231308590834057
2   2.3231308590834043
2   2.2639388752861902
2   2.3236054218506812
2   2.3236054218506808
2   2.55711662161095
2   2.5571166216109482
2   2.1953144963652482
2   2.7084099492711706
2   2.7084099492711684
2   2.5938299346289497
2   2.5938299346289457
2   2.6169335335813071
2   2.6169335335813071
2   2.5182213447393833
2   3.8679486213642615
2   3.0762655649752126
2   3.0762655649752069
2   3.5637596632788391
2   3.5637596632788346
2   3.1056141841987213
2   3.1056141841987186
2   3.006099319366601
2   3.0060993193665997
2   3.2211276957206971
2   3.22112769572069
2   2.9601391828645771
2   3.5950158530791745
2   2.8220686521940004
2   2.8220686521939982
2   3.0558658689066243
2   3.0558658689066149
2   3.3012701878176234
2   3.3012701878176056
2   3.4617615584185684
2   3.461761558418559
2   2.7565273407665827
2   2.7565273407665827
2   3.6094980490497379
2   3.6094980490497361
2   3.141839537430231
2   3.1418395374302306
2   2.7935881275220122
2   2.7935881275220082
2   2.4128911422427928
2   2.8460195583758789
2   2.8460195583758781
2   2.8187308065115939
2   2.986679948263391
2   2.8451516233915375
2   2.8451516233915282
2   2.6228961829284954
2   2.6228961829284949
2   2.762204776062775
2   2.8992011426045163
2   2.8992011426045186
2   3.2963462759526605
2   3.2963462759526583
2   2.7719433522995707
2   2.9110443144477376
2   2.7230455496067694
2   2.7230455496067667
2   2.4136320822023496
2   2.7241021600757467
2   2.7241021600757351
2   2.8122355758011781
2   2.8122355758011768
2   2.7987599088480888
2   2.7987599088480866
2   3.0992363648311558
2   3.0992363648311514
2   3.041613009871599
2   3.0416130098715963
2   2.5846756284529655
2   2.5846756284529655
2   2.6005564763725917
2   2.6005564763725921
2   2.6137027824089065
2   2.613702782408907
2   2.7262562344639978
2   2.7262562344640044
2   2.7576508762684315
2   2.7576508762684155
2   2.6031476387408259
2   2.6031476387408228
2   2.8187547840637177
2   2.6745051898407288
2   2.6745051898407297
2   2.9266796405219062
2   3.0000000000000018
2   2.4966432236201124
2   2.4966432236201128
2   2.8383086193478944
2   2.838308619347897
2   2.6337500156756524
2   2.6337500156756519
2   2.5199675941160189
2   2.519967594116018
2   2.5362061182691615
2   2.7620324799242111
2   2.7620324799242097
2   2.9527809577838315
2   2.6323662030572006
2   2.6323662030571979
2   2.802304499713212
2   2.7256119375187966
2   2.7256119375187988
2   2.4886232002743482
2   2.4886232002743505
2   2.5139458313556799
2   2.5139458313556773
2   2.6230073839397599
2   2.6230073839397621
2   2.6424467209110714
2   2.6424467209110714
2   2.5090346362013674
2   2.5090346362013678
2   2.5222797939088029
2   2.5222797939088011
2   2.8114648306269676
2   2.8114648306269694
2   2.4271033153341826
2   2.201721793649499
2   2.4523708113642075
2   2.6321216840112003
2   2.6321216840112012
2   2.4341723056066749
2   2.4341723056066749
2   2.3954989603385521
2   2.3954989603385508
2   2.4984793953447566
2   2.4984793953447562
2   2.6957591899649338
2   2.6957591899649369
2   2.361232752801655
2   2.4861803398917819
2   2.5057509475872832
2   2.5057509475872854
2   2.7688230848092594
2   2.667475495610943
2   2.667475495610943
2   2.5169124144026536
2   2.5169124144026536
2   2.4710850255362899
2   2.4710850255362886
2   2.3381722440059232
2   2.3381722440059218
2   2.2930491416937908
2   2.6444761175320846
2   2.4172533940105025
2   2.4172533940105057
2   2.2126509479883367
2   2.2126509479883385
2   2.3080200106138409
2   2.3080200106138409
2   2.505435112370753
2   2.505435112370749
2   2.7040186455669746
2   2.5222164545655135
2   2.5222164545655112
2   2.5044272510558816
2   2.5044272510558891
2   2.5908977534024467
2   2.5908977534024471
2   2.3324808480655124
2   2.332480848065519
2   2.3500274703866078
2   2.3500274703866086
2   2.7011430895342792
2   2.4553330905554045
2   2.4553330905554045
2   3.4700522234643438
2   3.3153021613205453
2   3.3153021613205547
2   2.5413302267324198
2   2.5413302267324176
2   2.619321944421988
2   2.619321944421992
2   2.6829316455131731
2   2.6829316455131731
2   3.349501388021463
2   2.6830258681001267
2   2.6830258681001231
2   3.1655504631499949
2   3.2499866524727374
2   3.2499866524727397
2   2.9615712613777387
2   3.0264168400450493
2   3.0264168400450457
2   2.5451182755640662
2   2.5451182755640729
2   3.1470726865819536
2   3.1470726865819523
2   2.9508579058522839
2   2.7201533398527298
2   2.7201533398527267
2   2.6451288347289434
2   2.6451288347289443
2   2.6930175278276614
2   2.6930175278276658
2   2.5080138675263712
2   2.4880750073095435
2   2.4880750073095226
2   2.921056494319028
2   2.9361030773253511
2   2.93610307732538
2   2.757383623983908
2   2.7573836239838951
2   2.4811743951673901
2   2.4811743951673861
2   2.7788198434630131
2   2.7788198434630114
2   2.6407063785819407
2   2.6407063785819713
2   3.0621907428369566
2   3.0621907428369566
2   2.4414931699186719
2   2.4414931699186786
2   2.3803176193736721
2   2.6828839672852078
2   2.6020963498888663
2   2.3445630519289464
2   2.3445630519289535
2   2.6939228028287876
2   2.6939228028287845
2   2.6363554041229706
2   2.6242319753560608
2   2.6242319753560621
2   2.695580723926061
2   2.6955807239260579
2   2.5606920981884462
2   2.5606920981884445
2   2.5504989287012978
2   2.5504989287012885
2   2.6009472339537916
2   2.600947233953804
2   2.5694210348710178
2   2.5694210348710285
2   2.1960792311372126
2   2.9186754903512941
2   2.4967093837198235
2   2.4967093837198244
2   2.6328675073489176
2   2.6328675073489181
2   2.4589391596791734
2   2.458939159679165
2   2.5728699882555355
2   2.5728699882555324
2   2.4103538691870119
2   2.4103538691870026
2   2.3682356338275148
2   2.3682356338275175
2   2.6845159459390362
2   2.2926447739807703
2   2.2926447739807623
2   2.2300232542553413
2   2.2300232542553386
2   2.464519699035542
2   2.464519699035554
2   2.4647969570542254
2   2.1953754443582763
2   2.5697741103646061
2   2.569774110364607
2   2.3592868859409513
2   2.3592868859409499
2   2.144637170260399
2   2.1446371702603968
2   2.0634815581169041
2   2.0634815581169099
2   2.4899688447282968
2   2.4899688447282933
2   2.4922148152424226
2   2.4553867641833138
2   2.4553867641833107
2   2.2344053780505999
2   2.234405378050603
2   2.263112195802031
2   2.3544922740864416
2   2.3544922740864407
2   2.4460821712096972
2   2.4460821712096985
2   2.3970662895957635
2   2.3970662895957648
2   2.411147000884041
2   2.4111470008840472
2   2.0130125428747889
2   2.2448984180424079
2   2.2862783457893787
2   2.286278345789384
2   2.4285307327839534
2   2.428530732783952
2   2.1007029387115792
2   2.1007029387115796
2   2.3294557813750592
2   2.3294557813750587
2   2.0494676105163432
2   2.0117543987657558
2   2.5501087151996202
2   2.6487814880208567
2   2.6487814880208655
2   2.6468590942562158
2   2.6468590942562131
2   2.5610226809974312
2   2.5610226809974344
2   2.5944069802918417
2   2.5944069802918506
2   2.546815357071758
2   2.546815357071762
2   2.5292741402842704
2   2.5292741402842727
2   2.5310780367719077
2   2.531078036771905
2   2.5925497376603679
2   2.6094145256543042
2   2.6057199067958265
2   2.6057199067958288
2   2.5477569905378852
2   2.3008455869583861
2   2.3008455869583857
2   2.3507097991527925
2   2.3507097991527957
2   2.2995704871755658
2   2.1956645572208617
2   2.1956645572208715
2   2.2628392756365052
2   2.262839275636511
2   2.3749616606935615
2   2.1671733207943245
2   2.1671733207943293
2   2.1224337172080721
2   2.1224337172080734
2   2.1020688638020286
2   2.1020688638020331
2   2.3428799620322263
2   2.3428799620322316
2   2.3008049767082124

3   3.8860205141689459
3   3.8213134062258147
3   3.8213134062258094
3   3.6560912483606458
3   3.6560912483606476
3   3.454494013245808
3   3.4544940132458084
3   3.2768739020499709
3   3.2768739020499695
3   3.1599145617528692
3   3.1599145617528688
3   3.11957656135323
3   4.2121385204955919
3   3.9740646220647351
3   3.9740646220647289
3   3.5927733983765524
3   3.5927733983765524
3   3.3777709925880623
3   3.3777709925880637
3   3.4098897268145234
3   3.4098897268145278
3   3.5379476521677029
3   3.537947652167702
3   3.6005667539344017
3   3.1765338512819761
3   3.1765338512819739
3   2.9999999999999978
3   3.455611644536202
3   3.4556116445361993
3   3.5696787754852801
3   3.5696787754852775
3   3.5493352446561026
3   3.5812065962924686
3   3.5812065962924597
3   3.5598752800967999
3   3.559875280096799
3   4.7680615426640021
3   3.5524834260939491
3   3.5524834260939464
3   4.5037316652689476
3   4.5037316652689494
3   3.7478108178689054
3   3.7478108178689009
3   3.7806105496359699
3   3.7806105496359637
3   3.8570654829267381
3   3.8570654829267381
3   3.2481540304487968
3   3.2481540304487959
3   3.6066694908865431
3   3.6066694908865387
3   3.4796932433493861
3   3.5256052669398947
3   3.5256052669398992
3   3
3   3.8692901747767783
3   3.8692901747767774
3   3.625745072768165
3   3.7177249639000793
3   3.7177249639000838
3   3.590276265978396
3   3.1204731284581486
3   3.1204731284581539
3   3.530943579873842
3   3.5309435798738393
3   3.4407635005065997
3   3.440763500506602
3   3.7604348923988002
3   3.7604348923987958
3   3.6797553603073174
3   3.3131870764673899
3   3.3131870764673885
3   3.5333101814964794
3   3.533310181496482
3   3.5226271786144849
3   3.5226271786144761
3   3.4759942322185799
3   3.4759942322185777
3   3.5772214342004141
3   3.647317777484175
3   3.1610395615413482
3   3.1610395615413482
3   3.3361982650026833
3   3.3361982650026869
3   3.3129640545030146
3   3.3129640545030128
3   3.3283176898400346
3   3.3283176898400324
3   3.4470735953017155
3   3.6230671345258392
3   3.2459791818593482
3   3.2459791818593446
3   3.1927077484091191
3   3.1927077484091186
3   3.1672767949811451
3   3.1672767949811456
3   3.4339285155955315
3   3.2514313108963311
3   3.2514313108963275
3   3.2511581323219145
3   3.2511581323219119
3   3.4602938381201431
3   3.4602938381201418
3   3.2023222398024598
3   3.2023222398024589
3   3.1378331704093507
3   3.1378331704093512
3   3.0000000000000004
3   3.3528143704683737
3   3.0934644578995831
3   3.0934644578995822
3   3.1953059232074899
3   3.1953059232074885
3   3.0043878839772962
3   3.0043878839772953
3   3.0000000000000009
3   3.009963777652811
3   3.0099637776528092
3   3.0651707345708394
3   3.0651707345708386
3   3.9202819594668323
3   3.6273049598719593
3   3.6273049598719593
3   3.8024682862234336
3   3.8024682862234345
3   3.7384182019686154
3   3.8328361788101679
3   3.8328361788101661
3   3.4428932147065026
3   3.4428932147065039
3   3.7304066071468638
3   3.7304066071468602
3   3.2951206496885495
3   3.2951206496885499
3   3.2759609924882991
3   3.1510689052302943
3   3.1510689052302943
3   3.4323136631204569
3   3.4323136631204538
3   3.2771683751695777
3   3.2771683751695764
3   3.3758364135238916
3   3.3758364135238912
3   3.5085647668714115
3   3.0000000000000009
3   3.4417856744035573
3   3.441785674403556
3   3.162512364693975
3   3.1625123646939719
3   3.606182056591221
3   3.6061820565912202
3   3.7086854529352431
3   3.7086854529352458
3   3.1253972830283714
3   3.1253972830283709
3   3.6910075513369058
3   3.0876169314894595
3   3.0876169314894577
3   3.4504340409812539
3   3.4504340409812513
3   3.2558050532012315
3   3.3320656248807108
3   3.3320656248807152
3   3.3103436521484912
3   3.3103436521484984
3   3.0190974110634086
3   3.0190974110634081
3   3.0822412505695245
3   3.1618251165718974
3   3.1618251165719071
3   3.1158886095096037
3   3.1694843216317081
3   3.1694843216317063
3   3.3580954739125373
3   3.3580954739125368
3   3.3559404453705834
3   3.3559404453705821
3   3.1213497706525763
3   3.1213497706525768
3   3.0000000000000004
3   3.6381572310535315
3   3.3739139633327087
3   3.3739139633327091
3   3.4607638123280209
3   3.4607638123280196
3   3.4824425723544912
3   3.4824425723544885
3   3.5041154817083431
3   3.5127595556662659
3   3.5127595556662667
3   3.4750991589793481
3   3.3760436766929884
3   3.376043676692988
3   3.5054017022232395
3   3.2780122618378229
3   3.2780122618378247
3   3.0930763271729065
3   3.093076327172906
3   3.3836684913408872
3   3.3836684913408894
3   3.3410191069595578
3   3.3410191069595601
3   3.0892988864630802
3   3.0758190286125133
3   3.075819028612512
3   3.0340765109292018
3   3.0340765109292023
3   3.1536935244724016
3   3.1536935244724016
3   3.0100024806554573
3   3.0100024806554631
3   3.0163553000467691
3   3.0163553000467709
3   3.0905799869501873
3   3.0000000000000022
3   3.0373196344149664
3   3.0373196344149704
3   3.0030115171859766
3   3.0030115171859801
3   3.0035679104958981

4   4.769548441746422
4   4.6285432275716625
4   4.6285432275716598
4   4.379818993292389
4   4.3798189932923881
4   4.1982850097596138
4   4.1982850097596129
4   4.0890297785141696
4   4.0890297785141678
4   4.0240206029297747
4   4.0240206029297738
4   4.0000000000000009
4   4.8594886319675901
4   4.3049972759770876
4   4.3049972759770858
4   4.5629008386801795
4   4.0020320671447216
4   4.0020320671447198
4   4.4332724197170998
4   4.4332724197170998
4   4.2071556932298435
4   4.2071556932298426
4   4.0522992432473872
4   4.0522992432473872
4   4.5907226385590381
4   4.6469202003070995
4   4.646920200307096
4   4.1108284839014537
4   4.1108284839014519
4   4.7856977686084337
4   4.7856977686084337
4   4.5645236043320354
4   4.5645236043320345
4   4.4783105783096149
4   4.6742510199986098
4   4.6742510199986214
4   4.0415295736348353
4   4.0415295736348211
4   4
4   4.0175501836147429
4   4.0175501836147411
4   4.0081568417710915
4   4.0081568417710915
4   4.0352659442870866
4   4.0014530493219844
4   4.0014530493219835
4   4.040684014353455
4   4.0406840143534515
4   4.0247301983965489
4   4.0247301983965489
4   4.0092636742135754
4   4.0109216947037263
4   4.0109216947037254
4   4
4   4.0021593508091469
4   4.0021593508091469
4   4.0001121220115214
4   4.0001121220115197
4   4.0005539937069727
4   4.0000653138836144
4   4.0000653138836144
4   4.0002101836554225
4   4.0002101836554225
4   4.0019234963782582
4   4.0019234963782564
4   4.002072900951136

5   5.9999999999999991
5   5
5   5
5   5.0000000000000009
5   5.0000000000000009
5   5
5   5
5   5
5   5
5   5
5   5
5   5.0000000000000009

6   6

