-6   6

-5   6.0000000000000009
-5   5
-5   5
-5   5
-5   5
-5   5
-5   5
-5   5
-5   5
-5   5
-5   5
-5   4.9999999999999991

-4   5.2433342766326501
-4   4.8303330913974962
-4   4.8303330913974971
-4   4.3427944731389951
-4   4.3427944731389925
-4   4.1431785748824517
-4   4.1431785748824499
-4   4.0591841743193848
-4   4.0591841743193839
-4   4.0157851515512251
-4   4.0157851515512206
-4   4.0000000000000009
-4   4.9251628409670065
-4   4.481430852263788
-4   4.4814308522637836
-4   4.1915689700317733
-4   4.1915689700317724
-4   4.7513527353228024
-4   4.601244470241844
-4   4.6012444702418431
-4   4.3299355397464909
-4   4.3299355397464909
-4   4.3667784001759111
-4   4.3667784001759129
-4   4.0005227979326561
-4   4.2395882939732363
-4   4.2395882939732346
-4   4.5827247138666207
-4   4.5827247138666189
-4   4.0052214296237958
-4   4.0052214296237949
-4   4.4191554555039598
-4   4.4191554555039581
-4   4.5588038913166908
-4   4.5588038913166882
-4   4.2841350079942293
-4   4.051839470364536
-4   4.0518394703645377
-4   4
-4   4.0036691040054526
-4   4.0036691040054526
-4   4.0014841853635446
-4   4.0014841853635437
-4   4.0029992008883131
-4   4.002999200888314
-4   4.0076268808043238
-4   4.0231756816938917
-4   4.0231756816938926
-4   4.0115256317645933
-4   4.0115256317645915
-4   4.003925695934802
-4   4.0032165381822482
-4   4.0032165381822473
-4   4.0000000000000009
-4   4.0006005776366331
-4   4.0006005776366313
-4   4.0001692283174304
-4   4.0001692283174304
-4   4.0002012751571572
-4   4.0000250808389497
-4   4.0000250808389497
-4   4.000083378615142
-4   4.000083378615142
-4   4.0009387960713836
-4   4.0009387960713836
-4   4.0007224384158588

-3   4.3085600862582503
-3   4.1522538895894936
-3   4.1522538895894732
-3   3.8207873331923254
-3   3.8207873331923103
-3   3.4917605099944136
-3   3.4917605099943985
-3   3.2616866128623818
-3   3.2616866128623738
-3   3.1353681073531385
-3   3.1353681073531403
-3   3.0959073759809241
-3   5.1862052964256575
-3   4.1901230676001884
-3   4.1901230676001706
-3   3.7150041516261796
-3   3.7150041516261751
-3   3.3838459386055195
-3   3.3838459386055186
-3   3.4846010115631496
-3   3.4846010115631509
-3   3.64311372220837
-3   3.6431137222083692
-3   3.7104061966519986
-3   3.4639182938599862
-3   3.46391829385998
-3   4.4965768120950917
-3   4.4965768120950882
-3   3.9065235335187625
-3   3.6913274356376062
-3   3.6913274356376027
-3   3.0000000000000009
-3   4.1108480839278982
-3   3.9939787157038289
-3   3.9939787157038307
-3   3.6912992428580953
-3   3.6912992428580944
-3   3.8444970216648935
-3   3.8444970216648953
-3   3.6639340650887435
-3   3.663934065088748
-3   3.0934541985102317
-3   3.0934541985102313
-3   3.6387577305654935
-3   3.6387577305654935
-3   3.5537799803986694
-3   3.5537799803986685
-3   3.460943291467645
-3   3.4609432914676446
-3   3.3940146632308057
-3   3.9614799062792478
-3   3.9614799062792443
-3   3.3814966620147997
-3   3.3814966620147908
-3   3.0537785892347591
-3   3.05377858923476
-3   3.4507964015870156
-3   4.1128150269362935
-3   4.1128150269362873
-3   3.0000000000000018
-3   4.184948307499587
-3   4.1849483074995799
-3   4.2045604086518731
-3   4.2045604086518731
-3   3.4916909327818817
-3   3.9820457307618646
-3   3.5162283051947121
-3   3.5162283051947085
-3   3.068960122595171
-3   3.0689601225951693
-3   3.6919427060726884
-3   3.6919427060726857
-3   3.7241776386659016
-3   3.4538752912075581
-3   3.4538752912075594
-3   3.839558247674832
-3   3.1718594511403579
-3   3.1718594511403406
-3   3.5160167602179477
-3   3.5160167602179442
-3   3.4868730163055619
-3   3.368183016392996
-3   3.3681830163930098
-3   3.5131727347213841
-3   3.5131727347213815
-3   3.047163187026209
-3   3.0471631870262086
-3   3.4006955162966626
-3   3.3772762115981592
-3   3.3772762115981596
-3   3.42550661465551
-3   3.4255066146555069
-3   3.4460114539536817
-3   3.4078308225918259
-3   3.4078308225918255
-3   3.0716438373746282
-3   3.0716438373746291
-3   3.32197571943244
-3   3.3219757194324382
-3   3.2738433374358422
-3   3.27384333743584
-3   3.242556007657134
-3   3.2425560076571349
-3   3.5016368238528708
-3   3.5016368238528717
-3   3.3805945683069187
-3   3.1943998125101585
-3   3.1943998125101563
-3   3.4999419816142061
-3   3.4999419816142039
-3   3.0741294476427887
-3   3.0741294476427874
-3   3.0627558886881046
-3   3.0627558886881032
-3   3.0000000000000004
-3   3.4133549118203375
-3   3.4133549118203361
-3   3.3327167797511974
-3   3.3106197606631409
-3   3.3106197606631387
-3   3.1658658437705531
-3   3.1658658437705531
-3   3.1577122175701504
-3   3.0404510914789715
-3   3.0404510914789711
-3   3.3537578849702565
-3   3.3537578849702552
-3   3.0000000000000004
-3   3.0084372023327499
-3   3.0084372023327521
-3   3.0361651675549357
-3   3.0361651675549335
-3   3.5447757207969541
-3   3.544775720796955
-3   3.1907531617142748
-3   3.478833112411162
-3   3.4788331124111638
-3   3.1108955671301453
-3   3.110895567130147
-3   3.3105946046203072
-3   3.3105946046203085
-3   3.5560896908494302
-3   3.5560896908494266
-3   3.502948345322042
-3   3.5029483453220411
-3   3.7647971798201523
-3   3.2648544387605445
-3   3.2648544387605418
-3   2.9999999999999991
-3   3.392749237555142
-3   3.3927492375551438
-3   3.6810399388447408
-3   3.6592406120341927
-3   3.65924061203419
-3   3.8601253901747823
-3   3.8601253901747796
-3   3.4765743154598043
-3   3.1120256871031993
-3   3.1120256871031993
-3   3.3062975247431363
-3   3.3062975247431337
-3   3.4327683358579799
-3   3.1761160954258134
-3   3.1761160954258139
-3   3.453218129922079
-3   3.1055191414804453
-3   3.0862425940015221
-3   3.0862425940015208
-3   3.0659530102440558
-3   3.0659530102440518
-3   3.0078940989979888
-3   3.0078940989979888
-3   3.4809177901486357
-3   3.4809177901486361
-3   3.3148645964692673
-3   3.3148645964692687
-3   3.1036989002881361
-3   3.1036989002881343
-3   3.0861029808274032
-3   3.086102980827401
-3   3.0000000000000004
-3   3.0223332757400252
-3   3.0223332757400239
-3   3.3661214097589021
-3   3.3661214097589043
-3   3.141287894730644
-3   3.1026930584116879
-3   3.102693058411687
-3   3.0418069376446928
-3   3.0418069376446923
-3   3.1439224020759542
-3   3.2092168854068888
-3   3.209216885406895
-3   3.3469145530666289
-3   3.1932107238897007
-3   3.1932107238897007
-3   3.0982736376553
-3   3.0982736376553013
-3   3.0181052527445056
-3   3.0181052527445065
-3   3.1794527231419862
-3   3.1794527231419862
-3   3.0188194481528674
-3   3.0083811137932379
-3   3.0083811137932361
-3   3.0133643112102635
-3   3.0133643112102648
-3   3.0589664290646459
-3   3.0589664290646463
-3   3.0023271161839036
-3   3.0023271161839076
-3   3.0038120422941739
-3   3.0038120422941788
-3   3.0362535418879939
-3   3.0000000000000013
-3   3.0123797494089848
-3   3.0123797494089932
-3   3.0010964367863333
-3   3.0010964367863382
-3   3.0012062269736508

-2   3.6372822406120191
-2   3.5335054751689796
-2   3.5335054751689654
-2   3.2629888910585088
-2   3.2629888910584981
-2   2.9108347839351327
-2   2.9108347839351247
-2   2.5712520723504961
-2   2.5712520723504957
-2   2.3274980473979499
-2   2.3274980473979485
-2   2.2387639516709843
-2   4.1933859672564777
-2   3.737760386273691
-2   3.7377603862736457
-2   3.1431564160157142
-2   3.1431564160157017
-2   2.9048130627494992
-2   2.9048130627495024
-2   2.9469072578801483
-2   2.9469072578801399
-2   3.0920102719550977
-2   3.0920102719550862
-2   3.1643431379590257
-2   3.481554340222063
-2   3.4815543402220515
-2   3.2968360236689351
-2   3.2968360236689271
-2   3.1119051930082335
-2   3.1119051930082149
-2   2.9287674893047067
-2   2.9287674893046942
-2   2.6677275699158725
-2   2.7016203593579013
-2   2.7016203593578916
-2   2.6323177583148247
-2   3.7959802034172112
-2   2.9272966477774918
-2   2.9272966477774722
-2   2.7736678731351949
-2   2.7736678731351883
-2   3.037968244202649
-2   3.0379682442026477
-2   3.0643688342975017
-2   3.0643688342974933
-2   2.7368917688480163
-2   2.7368917688480026
-2   2.7155713788454223
-2   3.1762023915416298
-2   3.1762023915416169
-2   3.4072925824787959
-2   3.4072925824787865
-2   3.4348357667768301
-2   2.7935540372031751
-2   2.983436030673551
-2   2.9834360306735452
-2   2.4878578125648327
-2   2.4878578125648239
-2   3.1049012919201049
-2   3.1049012919201049
-2   2.6495594563478422
-2   2.5570376093111644
-2   2.5570376093111618
-2   2.8829351584017462
-2   2.8829351584017435
-2   3.3284082264185657
-2   3.3284082264185817
-2   2.9723563456849051
-2   2.9723563456849056
-2   3.2763764321390032
-2   3.276376432138993
-2   3.4336681774311821
-2   3.085701924320146
-2   3.0188118034549132
-2   3.018811803454911
-2   3.0555613550177427
-2   3.0555613550177259
-2   3.4137778343902498
-2   3.4137778343902503
-2   3.0117028242475161
-2   3.0117028242475121
-2   3.2307371797482825
-2   2.4209989165598103
-2   2.7975023576406999
-2   2.7975023576406892
-2   3.557312919018309
-2   3.5573129190183117
-2   2.4586940301982896
-2   2.4586940301982887
-2   3.4714990327677486
-2   3.4714990327677504
-2   3.0736606511007998
-2   3.1167077372759726
-2   3.0196094172478807
-2   3.0196094172478736
-2   2.8440575273486237
-2   2.844057527348629
-2   3.2472855784164421
-2   3.2472855784164354
-2   2.5274807001561581
-2   2.5274807001561461
-2   2.5363901418824732
-2   2.5363901418824679
-2   2.4790900561400129
-2   2.4790900561400142
-2   2.2766080113208154
-2   2.2044065021602415
-2   2.2044065021602401
-2   2.2497252395183911
-2   2.2502163989800334
-2   2.2502163989800312
-2   2.2437230405131623
-2   2.2437230405131436
-2   2.4934647507333549
-2   2.4934647507333425
-2   2.9737001613952718
-2   2.9737001613952714
-2   3.4913420588859969
-2   3.4913420588859978
-2   3.6929147616965103
-2   3.4190676599113901
-2   3.0931823247920165
-2   3.0931823247920098
-2   2.7777053403751464
-2   2.7777053403751397
-2   2.6250394309652156
-2   2.6250394309652134
-2   2.9066912437631576
-2   2.7992602222842455
-2   3.0755240264183885
-2   3.075524026418393
-2   2.7994944040339678
-2   2.7994944040339664
-2   3.2196153558794012
-2   3.219615355879395
-2   2.8635423847908199
-2   3.1844281753675019
-2   3.1844281753675037
-2   3.7475533452790684
-2   2.5091542902380968
-2   3.2634261323302143
-2   3.2634261323302032
-2   2.7691174580572633
-2   2.7691174580572637
-2   2.8237533588793982
-2   2.8237533588793933
-2   3.3028384455014836
-2   3.302838445501477
-2   2.6485018073452973
-2   2.6901314252765038
-2   2.6901314252764976
-2   2.9745259084238214
-2   2.9745259084238111
-2   2.548497393213295
-2   2.5484973932132959
-2   2.8617394346444214
-2   2.8617394346444187
-2   2.9119688007687645
-2   2.6868641201003607
-2   2.6868641201003602
-2   2.8269416289839016
-2   2.8269416289839002
-2   2.4423781200266275
-2   2.4423781200266292
-2   3.1124751293504582
-2   3.1124751293504618
-2   2.58216858565233
-2   2.5821685856523247
-2   2.7520617090114192
-2   2.7520617090114134
-2   2.516960132108395
-2   2.516960132108387
-2   3.1353460811357481
-2   2.9310272418565835
-2   2.9310272418565821
-2   3.4326932527179141
-2   3.4326932527178964
-2   2.6195907745596818
-2   3.2446439952317854
-2   3.2446439952317894
-2   2.9556948745912122
-2   2.9556948745912068
-2   2.8246182078322066
-2   2.8246182078322124
-2   2.735002181828547
-2   2.8632918548401944
-2   2.8632918548401962
-2   2.7549980328486119
-2   2.7549980328486146
-2   2.2861321370020709
-2   2.4918970987825912
-2   2.491897098782589
-2   2.666950198653006
-2   2.6669501986530046
-2   2.6167484607500087
-2   2.699536662569086
-2   2.6995366625690829
-2   2.9762921758642342
-2   2.9762921758642311
-2   2.8719390311838824
-2   2.8719390311838793
-2   2.5413599229130335
-2   2.4528660955687047
-2   3.0297641238185924
-2   3.0297641238185924
-2   2.9086935302799182
-2   2.9086935302799133
-2   2.6207687306896408
-2   2.8950083316552604
-2   2.8950083316552582
-2   2.6862513442750244
-2   2.6862513442750227
-2   2.627528336142507
-2   3.1198273108095713
-2   3.1198273108095744
-2   2.8513752591680994
-2   2.6263090268861937
-2   2.372650389613479
-2   2.3726503896134776
-2   2.5396379402134652
-2   2.5396379402134612
-2   2.744421360611526
-2   2.7444213606115282
-2   3.0315368640348757
-2   3.0315368640348686
-2   2.9351946677662855
-2   2.9351946677662859
-2   3.0410080036625784
-2   3.041008003662578
-2   2.3304656487295978
-2   2.7878813491614545
-2   2.7878813491614509
-2   2.8562401342502346
-2   2.8562401342502355
-2   2.7659739295415959
-2   2.7659739295415942
-2   2.4872165924570031
-2   2.4872165924570027
-2   2.5612755841001911
-2   2.561275584100192
-2   2.7905083062755507
-2   2.7905083062755489
-2   2.8200345468603913
-2   2.8200345468603891
-2   2.9258532327034596
-2   2.9258532327034601
-2   3.3979685820456593
-2   2.7107453417489382
-2   2.7107453417489378
-2   2.8873143487556496
-2   2.6324765027388213
-2   2.6324765027388182
-2   2.6765223814326946
-2   2.6765223814326946
-2   3.0909187938508351
-2   2.4721215051267111
-2   2.4721215051267138
-2   2.9999999999999973
-2   2.5005822370179276
-2   2.5005822370179258
-2   2.7014007686529373
-2   2.6834602196273334
-2   2.6834602196273338
-2   3.3017921063834925
-2   2.5867201875492021
-2   2.5867201875492025
-2   2.5621035311843738
-2   2.5621035311843761
-2   2.5832938988895804
-2   2.5832938988895808
-2   2.6438501918846904
-2   2.6438501918846926
-2   2.4573498310741249
-2   2.4573498310741275
-2   3.2561287147575544
-2   2.3461805168390097
-2   2.3461805168390111
-2   3.1120021773682787
-2   3.1120021773682827
-2   2.576756826556823
-2   2.7798534065739875
-2   2.779853406573991
-2   2.8050938784042145
-2   2.805093878404215
-2   2.1145104351335968
-2   2.6768717597596665
-2   2.6768717597596674
-2   3.2431399348212167
-2   3.2431399348212171
-2   2.5883346855014615
-2   2.5556233577885057
-2   2.5556233577885075
-2   3.2085595750430871
-2   2.6403723435817446
-2   2.6403723435817463
-2   2.3894336350130918
-2   2.3894336350130922
-2   2.5322732498931448
-2   2.5322732498931431
-2   2.5611417037989104
-2   2.5611417037989157
-2   2.8492983197316581
-2   2.5942183491063782
-2   2.5942183491063724
-2   2.3047012540690517
-2   2.5980757722489995
-2   2.598075772249
-2   2.1661057485648785
-2   2.5868904474253189
-2   2.5868904474253247
-2   2.6534348675887198
-2   2.5671508323153516
-2   2.5671508323153511
-2   2.7657159264051012
-2   2.7657159264051026
-2   2.6136743729488789
-2   2.3752467786023246
-2   2.3752467786023268
-2   2.348639055135076
-2   2.3486390551350826
-2   2.5484765163286487
-2   2.5484765163286522
-2   2.4787408801946751
-2   2.4787408801946733
-2   2.2132316553133995
-2   2.9366464106314383
-2   2.9366464106314401
-2   2.6763530684394272
-2   2.676353068439429
-2   2.6741429355658952
-2   2.6741429355658992
-2   2.8823561398641564
-2   2.8823561398641577
-2   2.270348767182075
-2   2.2703487671820759
-2   2.8730463301689593
-2   2.2515980447245458
-2   2.2515980447245449
-2   2.3409892308801021
-2   2.3409892308801039
-2   3.1010290467665884
-2   3.1010290467665915
-2   2.446873406103546
-2   2.4468734061035522
-2   2.5727001018501667
-2   2.5504136883518158
-2   2.5504136883518145
-2   2.5434377030824642
-2   2.5434377030824673
-2   2.3251010362363815
-2   2.3827047171118991
-2   2.3219325308994994
-2   2.3025444987533952
-2   2.3025444987533952
-2   2.539732238117828
-2   2.5397322381178298
-2   2.4186819814243412
-2   2.4186819814243425
-2   2.775071823317238
-2   2.7750718233172429
-2   2.3038980616123848
-2   2.303898061612387
-2   2.7274578280881356
-2   2.7274578280881392
-2   2.6034155196835376
-2   2.6034155196835411
-2   2.6565789485201923
-2   2.8663241558195414
-2   2.6022631937929592
-2   2.6022631937929619
-2   2.4221320321333724
-2   2.4221320321334021
-2   2.2163681049641997
-2   2.2163681049641983
-2   2.3535267589924347
-2   2.3535267589924063
-2   2.5455570183567602
-2   2.5455570183567642
-2   2.2768420963659635
-2   2.2768420963659635
-2   2.3549436853133683
-2   2.1815288398310311
-2   2.1815288398310679
-2   2.1059342455400074
-2   2.105934245540042
-2   2.610799346951286
-2   2.8333381827224349
-2   2.2834582536563963
-2   2.2653000192488695
-2   2.2653000192488677
-2   2.438720376204091
-2   2.4387203762040977
-2   2.3862893672725418
-2   2.3862893672725431
-2   2.3963854013349666
-2   2.396385401334967
-2   2.3991721599279443
-2   2.3991721599279456
-2   2.4533576611797985
-2   2.4533576611797954
-2   2.3896518583022464
-2   2.3896518583022481
-2   2.7841601164407566
-2   2.7841601164407535
-2   2.0243119020693543
-2   2.4818037980540071
-2   2.4818037980540142
-2   2.4748305168514224
-2   2.4748305168514277
-2   2.3541605212587173
-2   2.3541605212587164
-2   2.532953807658076
-2   2.5329538076580649
-2   2.6857832555725554
-2   2.1275332032601328
-2   2.1275332032601355
-2   2.2126342441911016
-2   2.2126342441911047
-2   2.1443609276840441
-2   2.1443609276840343
-2   2.6105641130028086
-2   2.6105641130028086
-2   2.3399890718164889
-2   2.3399890718164889
-2   2.3713007985075074
-2   2.0833135316947877
-2   2.3807872688891525
-2   2.3807872688891529
-2   2.2563729275765989
-2   2.2563729275766047
-2   2.1908149507902528
-2   2.1908149507902563
-2   2.4623743864723222
-2   2.4623743864723147
-2   2.0701136835871186
-2   2.0701136835871168
-2   2.2538670226277246
-2   2.4344527441012036
-2   2.4344527441012174
-2   2.6005165518287576
-2   2.3528420485880654
-2   2.3528420485880668
-2   2.2585629652810937
-2   2.2585629652811017
-2   2.2498663901649723
-2   2.2498663901649731
-2   2.4072196094710141
-2   2.4072196094710172
-2   2.3654617127085409
-2   2.4265710034678323
-2   2.4265710034678305
-2   2.099711053269675
-2   2.004131357439491
-2   2.1280838340915005
-2   2.1280838340914854
-2   2.533712672147677
-2   2.5337126721476873
-2   2.4938181830487522
-2   2.4938181830487678
-2   2.0048602711571961
-2   2.1143659683484084
-2   2.4595655165453429
-2   2.4595655165453412
-2   2.1204275001032182
-2   2.1204275001032182
-2   2.6566527733346179
-2   2.2018753465624541
-2   2.2018753465624554
-2   2.5194477026899711
-2   2.2011335094020175
-2   2.2011335094020188
-2   2.3801624459956168
-2   2.3801624459956114
-2   2.2551346521255384
-2   2.1579022876225724
-2   2.1579022876225755
-2   2.1595884671877008
-2   2.1595884671877066
-2   2.1299315603152089
-2   2.0639557487090032
-2   2.0639557487090086
-2   2.3135000025280221
-2   2.0542590767529627
-2   2.054259076752964
-2   2.1002964158313304
-2   2.1002964158313353
-2   2.0533201683354974
-2   2.0533201683354996
-2   2.0383609684075519
-2   2.0383609684075581
-2   2.0786152014517727
-2   2.0786152014517838
-2   2.1240516917925327
-2   2.1240516917925358
-2   2.0755943127037608

-1   3.2264361274788755
-1   3.1294268903826663
-1   3.1294268903826619
-1   2.8607393322724057
-1   2.8607393322724088
-1   2.4769665723796037
-1   2.4769665723796073
-1   2.0609750309437325
-1   2.0609750309437302
-1   1.7235133500983553
-1   1.7235133500983562
-1   1.5898030916714481
-1   3.7301610095960482
-1   3.4356154840155089
-1   3.435615484015448
-1   2.6436409398180118
-1   2.6680760326878685
-1   2.668076032687829
-1   2.8724338756560126
-1   2.8724338756559917
-1   2.7015834078183394
-1   2.7015834078183354
-1   2.602808528765324
-1   2.6028085287653009
-1   2.7465493447466258
-1   2.7465493447466156
-1   2.839129281724484
-1   2.8391292817244667
-1   2.2490365582418219
-1   2.2490365582418281
-1   2.4234241793439613
-1   2.4234241793439715
-1   2.0289288206791376
-1   2.028928820679138
-1   2.1404692826472735
-1   1.9889417021583671
-1   3.1548433595312364
-1   2.7814776981654816
-1   2.781477698165451
-1   2.3965017217811315
-1   2.3965017217810964
-1   2.2117822269250609
-1   2.2117822269250356
-1   2.1760036056420939
-1   2.6761441553858147
-1   2.6761441553857983
-1   2.6114287349740515
-1   2.6114287349740399
-1   3.4270185809240217
-1   2.9525292340217311
-1   2.9525292340217226
-1   2.8167804380620791
-1   2.8167804380620671
-1   2.5435101250419083
-1   2.5435101250419008
-1   2.4967617035595304
-1   2.496761703559526
-1   2.4389681482109902
-1   2.4389681482109848
-1   2.4115772044854218
-1   2.7858807554453575
-1   2.7633374470602434
-1   2.7633374470602505
-1   2.4975119371506382
-1   2.4975119371506187
-1   2.4292951807298047
-1   2.4292951807298016
-1   2.324517280086404
-1   2.3245172800864085
-1   2.3289595109544283
-1   2.5496375812471266
-1   2.5496375812471226
-1   3.3081986712713429
-1   2.6305818025551555
-1   2.6305818025551591
-1   2.6476118592429505
-1   2.6476118592429452
-1   2.6780593090390745
-1   2.6780593090390603
-1   2.7427865058593444
-1   2.7427865058593408
-1   2.2760298681078011
-1   2.2760298681077895
-1   3.0024636209854156
-1   1.7579494053913085
-1   2.6820821254887952
-1   2.9095699674760378
-1   2.9095699674760191
-1   2.9437658171083982
-1   2.9437658171083716
-1   3.1529393166915547
-1   3.1529393166915392
-1   2.4401283631446073
-1   1.8564939319774996
-1   1.8564939319774862
-1   2.7458191485598173
-1   2.7458191485598222
-1   2.9891866695162861
-1   2.8107606073821518
-1   2.8107606073821523
-1   2.5246654314080881
-1   2.5246654314080783
-1   2.1840462690460747
-1   2.1840462690460285
-1   2.7355915588927551
-1   2.7355915588927959
-1   1.991635374241068
-1   1.991635374241151
-1   1.6545820632660693
-1   1.6545820632661465
-1   2.0887074978592319
-1   2.0887074978592555
-1   2.5156095639411258
-1   2.5156095639411373
-1   2.5641644407660582
-1   1.5649257536141907
-1   1.9713375410869167
-1   1.9713375410869975
-1   3.3160329115709573
-1   3.3160329115709302
-1   2.203405391078272
-1   2.2034053910782729
-1   1.9572051728400934
-1   1.9572051728400881
-1   2.2534450213404371
-1   2.2534450213404265
-1   2.0620839532737225
-1   2.062083953273715
-1   2.8461240163989663
-1   2.3475910597618652
-1   2.3475910597618617
-1   2.3785666786894013
-1   2.7341602141352372
-1   2.7341602141352328
-1   2.3999330993196781
-1   2.3999330993196679
-1   2.6476884740012592
-1   2.6476884740012601
-1   2.2869866092161173
-1   2.2869866092161186
-1   2.776061660907454
-1   2.1336007083447091
-1   2.1336007083446957
-1   2.9214605854152604
-1   1.5031486166091574
-1   2.086456482638563
-1   2.7501786702750688
-1   2.7501786702750657
-1   2.3789050004725563
-1   2.3789050004725607
-1   2.1469174091277687
-1   2.146917409127763
-1   2.7128258044538116
-1   2.119906526674066
-1   2.1199065266740669
-1   2.4206488425614472
-1   2.4206488425614432
-1   2.0740297795403246
-1   2.0740297795403184
-1   2.3766823313888619
-1   2.376682331388861
-1   2.5390502336052387
-1   2.5390502336052378
-1   1.6452241976595063
-1   1.6452241976595139
-1   2.2502422691299637
-1   2.2822245923601567
-1   2.2822245923601492
-1   3.0412090310522157
-1   3.0412090310522166
-1   2.6255666537581286
-1   2.6255666537581295
-1   2.7704375717106786
-1   2.770437571710656
-1   2.8502164032661228
-1   2.4069351737749174
-1   2.4069351737749138
-1   2.2843028762940389
-1   2.2843028762940474
-1   3.5136065648545998
-1   2.4482857786177883
-1   2.4482857786177732
-1   1.9608695148748594
-1   1.9608695148748443
-1   1.8823668881971747
-1   1.88236688819718
-1   2.3303061520965205
-1   2.3303061520965178
-1   1.9743107218813418
-1   1.9743107218813361
-1   2.6420761845477747
-1   2.6713838697754393
-1   2.6713838697754251
-1   1.9391389979258258
-1   2.2686143567277681
-1   2.2686143567277752
-1   2.5605671936165519
-1   2.5605671936165462
-1   1.5948064725819537
-1   2.7461137117573147
-1   2.7461137117573071
-1   2.040991674515086
-1   2.3485838337023317
-1   2.3485838337023264
-1   2.6879363751407594
-1   2.7052711393765865
-1   2.8150014944705402
-1   2.8150014944705282
-1   3.1321930016552342
-1   3.2170033344977007
-1   3.21700333449769
-1   2.4402215051752547
-1   2.4402215051752414
-1   2.399384106278442
-1   2.3993841062784509
-1   2.872294081852989
-1   2.8722940818529881
-1   3.2265479153554377
-1   3.2265479153554142
-1   2.1848435291535782
-1   2.1848435291535697
-1   2.6081507474858157
-1   2.5529982210342599
-1   2.5529982210342519
-1   2.241099934899661
-1   2.2410999348996561
-1   2.4953664675885396
-1   2.4953664675885388
-1   2.3152901625619715
-1   2.6236038774910213
-1   2.3293433405511337
-1   2.3674739549667434
-1   2.3674739549667461
-1   2.2861863881316817
-1   2.2861863881316862
-1   2.5701563437102979
-1   2.570156343710285
-1   2.4226778894805632
-1   2.4226778894805299
-1   2.9079242955589772
-1   2.907924295558991
-1   2.4794712612790861
-1   2.4794712612790857
-1   2.2441916838976157
-1   2.2441916838976077
-1   2.2773008140413999
-1   2.2773008140414013
-1   1.8530879158269427
-1   2.6425460104438145
-1   2.642546010443799
-1   2.4309832215177991
-1   2.4309832215178009
-1   2.3555694133270038
-1   2.433021684227024
-1   2.43302168422702
-1   2.3473401935828861
-1   2.3473401935828875
-1   2.4686183809390521
-1   2.4686183809390503
-1   2.7772097497271782
-1   2.7772097497271742
-1   2.51313760415387
-1   2.5131376041538629
-1   2.336230630017841
-1   2.3362306300178326
-1   2.569358803631713
-1   1.9811337899813783
-1   1.9811337899813801
-1   2.1921351277479411
-1   2.1921351277479335
-1   2.3795662984360759
-1   2.3795662984360666
-1   1.9434941680613731
-1   1.9434941680613735
-1   2.5832519687270588
-1   2.583251968727053
-1   2.5772180907923152
-1   2.0451032991905667
-1   1.7430255755551811
-1   2.8213170939471297
-1   2.8213170939471306
-1   2.332617426264457
-1   2.3326174262644517
-1   2.3839308324415343
-1   2.3839308324415369
-1   2.4900549713208031
-1   2.490054971320792
-1   2.2955723462692519
-1   2.2955723462692568
-1   1.9826693173953425
-1   1.9826693173953438
-1   2.1311417982809342
-1   2.1311417982809386
-1   2.2203058375798803
-1   2.2203058375798901
-1   2.0744194565134229
-1   2.1111137825144284
-1   2.1111137825144173
-1   2.7825309801530183
-1   2.1832006302364992
-1   2.183200630236497
-1   2.2297931557262056
-1   2.555633036544303
-1   2.5556330365442954
-1   1.8504996766689414
-1   1.8504996766689366
-1   2.1932544778921366
-1   1.8712654985101826
-1   1.8712654985101831
-1   2.3248804590238485
-1   2.3248804590238481
-1   2.4812688656826012
-1   2.4812688656826021
-1   2.1219282776385309
-1   2.620762043383416
-1   2.2200576084167287
-1   2.2200576084167283
-1   2.2372132008296148
-1   2.2372132008296126
-1   2.3615300020051486
-1   2.1253551879253978
-1   2.1253551879253925
-1   1.9496549713095628
-1   1.9496549713095646
-1   2.5135197360466552
-1   2.5135197360466597
-1   2.1837063723862373
-1   2.2832329355052687
-1   2.2832329355052754
-1   2.0625854573670535
-1   2.1530659194222785
-1   2.1530659194222834
-1   2.1366605344776013
-1   2.1366605344776044
-1   2.456775713243025
-1   2.4567757132430215
-1   2.0916998577455872
-1   2.0916998577455939
-1   2.3521741606769342
-1   2.4938114282703654
-1   2.1903284879721676
-1   2.1903284879721641
-1   2.3251782399083378
-1   2.3251782399083392
-1   2.1030946135949655
-1   2.1030946135949637
-1   2.295110599003948
-1   2.2951105990039387
-1   2.4382664831781957
-1   2.4382664831781975
-1   2.0348805085474435
-1   2.2316410391884483
-1   2.2316410391884562
-1   2.4309317806936197
-1   2.3408614495570172
-1   2.3408614495570172
-1   2.513820811780239
-1   2.5138208117802385
-1   2.411604477423706
-1   2.411604477423706
-1   1.9691893510713481
-1   1.9691893510713534
-1   2.3289140148017391
-1   2.3289140148017462
-1   2.2576721391781951
-1   2.2576721391782013
-1   2.3313172241270208
-1   2.3313172241270248
-1   2.6991495035254043
-1   2.2204805575991413
-1   2.2204805575991378
-1   2.4634530138555233
-1   2.3222578930663791
-1   2.3222578930663778
-1   2.1849711132826259
-1   2.1849711132826233
-1   2.2559327803409084
-1   2.2559327803409075
-1   2.0852786449256207
-1   2.0852786449256326
-1   2.4910436924450998
-1   2.4910436924451016
-1   2.5915329577677788
-1   2.2598258954065593
-1   2.2598258954065624
-1   2.5013653006224708
-1   2.2568945278262249
-1   2.2568945278262267
-1   2.061195813162132
-1   2.061195813162136
-1   2.2624156531025053
-1   2.2624156531025115
-1   1.9532354999654409
-1   2.1764965890775545
-1   2.1764965890775554
-1   2.2425485743014808
-1   2.2425485743014839
-1   1.7354997427382814
-1   1.9522536217526367
-1   2.165335563426162
-1   2.1653355634261566
-1   2.1680065401987947
-1   2.1680065401988062
-1   2.2282994344361211
-1   2.1769376327148056
-1   2.1769376327148082
-1   2.3094861032702583
-1   2.3094861032702565
-1   2.7264743118578654
-1   2.3424183214599221
-1   2.3424183214599235
-1   2.5249996369832175
-1   2.5672359547629369
-1   2.5672359547629391
-1   2.1854672812321096
-1   2.185467281232115
-1   1.8086342654925947
-1   1.8086342654925915
-1   2.0594428872840664
-1   2.0594428872840682
-1   1.9907236937998731
-1   1.9907236937998709
-1   2.066333167101579
-1   2.3518619128690519
-1   2.26709415416255
-1   2.2670941541625482
-1   1.9267122167818567
-1   2.569660902209308
-1   2.1014981922197258
-1   2.101498192219744
-1   2.7244067073712528
-1   2.724406707371271
-1   1.9365369536052897
-1   1.9365369536052923
-1   2.3826191521305167
-1   2.3826191521305264
-1   2.9554741196974805
-1   2.2723773838853827
-1   2.2723773838853867
-1   2.1133898879443351
-1   2.1133898879443369
-1   2.1594149913004359
-1   2.1594149913004386
-1   2.2090131892712157
-1   2.209013189271209
-1   2.3308027778838394
-1   2.3693110517323266
-1   2.3693110517323319
-1   2.3470158945230017
-1   1.9104018925702535
-1   2.0906982539311416
-1   2.0906982539311403
-1   2.4413629271769448
-1   2.441362927176943
-1   2.1966739151251002
-1   2.1966739151251096
-1   2.1367453491741717
-1   2.1367453491741775
-1   2.2632481501401998
-1   1.8099322259171888
-1   1.8745677626650998
-1   1.8745677626650936
-1   2.4018137315884411
-1   2.4018137315884429
-1   2.1786640062028173
-1   2.1786640062028266
-1   1.9261534094578092
-1   2.4931502484012462
-1   2.4931502484012502
-1   2.6265794113659782
-1   2.6265794113659897
-1   2.390044983612118
-1   2.3900449836121012
-1   2.1554441775973512
-1   2.1554441775973605
-1   2.1718653696831027
-1   2.1718653696831089
-1   2.2371969902604865
-1   2.2371969902604882
-1   2.0751795713445818
-1   2.075179571344592
-1   1.8921389493343237
-1   1.7548945634084729
-1   1.7548945634084663
-1   2.1255837631523229
-1   2.1255837631523145
-1   1.918209480571627
-1   2.0379544092321096
-1   2.0379544092321167
-1   1.9715034775577296
-1   1.9715034775577331
-1   2.3964385333463585
-1   2.3743952241141262
-1   2.3743952241141266
-1   1.6845235027603596
-1   1.6845235027603707
-1   2.045950535797274
-1   2.0459505357972536
-1   2.2401074010049857
-1   2.2401074010049964
-1   1.9440039413047456
-1   1.9440039413047421
-1   1.7815324523873186
-1   1.7815324523873182
-1   1.6122628993866561
-1   1.6122628993866517
-1   2.0007072650483879
-1   2.0007072650483981
-1   2.6964275814696923
-1   2.245169471972619
-1   2.2451694719726012
-1   2.4982366637350095
-1   1.7500826165720142
-1   2.1085820476854416
-1   2.108582047685442
-1   1.6686261054556457
-1   1.6686261054556422
-1   2.2037831821056444
-1   1.7959167850721895
-1   1.79591678507219
-1   1.7893566356140251
-1   1.7893566356140265
-1   2.0579759745002955
-1   2.0579759745002963
-1   2.2273743443353213
-1   2.2273743443353164
-1   2.0792605443096854
-1   2.0792605443096579
-1   1.6819168409854979
-1   2.301179467456453
-1   2.3011794674564752
-1   1.8813439080251508
-1   1.8813439080251517
-1   2.0042101275845705
-1   2.0042101275845781
-1   2.0471709046580302
-1   2.0471709046580373
-1   1.9279534920418233
-1   2.0443393987607461
-1   2.0443393987607492
-1   2.0498903925123764
-1   1.9195163182085926
-1   1.9195163182085979
-1   1.5860823867990432
-1   2.0210940980715515
-1   2.0210940980715537
-1   2.153221394630795
-1   2.1532213946308065
-1   2.0014649817741028
-1   2.001464981774097
-1   2.0489148685387546
-1   2.0489148685387528
-1   2.0833561533352394
-1   2.0833561533352452
-1   2.0499816553174601
-1   2.0499816553174601
-1   1.9206776277019717
-1   1.9206776277019846
-1   1.9902329848605866
-1   1.9902329848605849
-1   1.7455805189300744
-1   1.7455805189300735
-1   2.2991101875347164
-1   1.8576283506178606
-1   1.857628350617865
-1   2.4159794732506135
-1   2.010424930329985
-1   2.0104249303299868
-1   1.8896698214495102
-1   1.8896698214495111
-1   1.9914318790721532
-1   1.9914318790721439
-1   1.749280584684711
-1   1.8277940488047055
-1   1.8277940488047086
-1   2.2689134081715521
-1   2.2689134081715703
-1   2.2740288477275721
-1   1.4749925731330764
-1   2.1109915465029712
-1   2.1109915465029716
-1   1.8530375516092068
-1   1.8530375516092086
-1   2.1224219299820399
-1   2.1224219299820359
-1   2.2704902458206182
-1   2.2704902458206235
-1   1.7329689509811863
-1   1.7329689509811903
-1   1.7186868570962508
-1   1.7186868570962313
-1   1.8946481233717472
-1   1.9407816142501657
-1   1.9407816142501653
-1   1.8310739056452725
-1   1.8310739056452787
-1   1.8605490055538381
-1   2.1400873678259567
-1   2.1400873678259704
-1   1.9797283266188339
-1   1.979728326618841
-1   2.0315829487000019
-1   2.031582948699989
-1   1.8826758802416452
-1   2.270820237200756
-1   2.3099675118738694
-1   2.3099675118738712
-1   1.8777418559716286
-1   1.8777418559716064
-1   2.287189171089449
-1   1.938224897835799
-1   1.9382248978358216
-1   1.8531842578682109
-1   1.8531842578682234
-1   1.7343258296531632
-1   1.7343258296531441
-1   2.0679567134468653
-1   1.7055744991580504
-1   1.7055744991580739
-1   1.7420790853008921
-1   1.7420790853008987
-1   2.1948830855370884
-1   2.1948830855370929
-1   1.9911523870159691
-1   1.9911523870159757
-1   1.661769010096084
-1   1.6617690100960845
-1   1.8939654546230376
-1   1.8939654546229998
-1   1.7596711314109297
-1   1.8613802576363567
-1   1.8613802576364096
-1   1.8486481643271993
-1   1.8486481643272024
-1   1.6912072891799839
-1   1.6912072891799941
-1   1.977650621363606
-1   1.7921564283823064
-1   1.7921564283823219
-1   1.6472919255137759
-1   1.6472919255137866
-1   1.6122161439957354
-1   1.9552039997676842
-1   1.9552039997676816
-1   1.7429895653400393
-1   1.7669556731341824
-1   1.7669556731341931
-1   1.9825480688842929
-1   1.9825480688842676
-1   1.8368253607849554
-1   1.8368253607849585
-1   1.9057387051965997
-1   1.9057387051966153
-1   2.2796057479326461
-1   2.2796057479326466
-1   1.9737767368061609
-1   1.9737767368061938
-1   1.7053796005530963
-1   1.7053796005530937
-1   1.8959713222148986
-1   1.8959713222148964
-1   1.5991837556504196
-1   1.9447137206862672
-1   1.9447137206862912
-1   1.4038634222726765
-1   1.8531916537286248
-1   1.8531916537286284
-1   1.6079491517557405
-1   1.6079491517557272
-1   1.9657433513524558
-1   1.9657433513524603
-1   1.6784546680136212
-1   1.763875790764553
-1   1.7638757907645446
-1   2.017404449645726
-1   2.0174044496457295
-1   1.3884936078781405
-1   1.3884936078781378
-1   2.4538245214532264
-1   1.7052390473940249
-1   1.7052390473940235
-1   1.8863323011497695
-1   1.5426223964690871
-1   1.5426223964690973
-1   2.2205974800568482
-1   2.2205974800568531
-1   2.0933720082380121
-1   1.6942715574750511
-1   1.69427155747506
-1   1.7273976941383573
-1   1.9359635336741254
-1   1.9359635336741334
-1   1.8968567445002638
-1   2.0894820134918706
-1   1.9985048924384472
-1   1.9985048924384459
-1   1.8784448180092999
-1   1.7603434709346417
-1   1.7603434709346399
-1   1.4386510148415637
-1   1.623960158113718
-1   1.6075018891579664
-1   1.6075018891579678
-1   1.6419629092191719
-1   1.6419629092191781
-1   1.4301184106186204
-1   1.4301184106186315
-1   1.663862719143764
-1   1.6638627191437676
-1   1.6133871545841654
-1   1.5400086260375261
-1   1.5400086260375168
-1   1.5644972458690809
-1   1.5644972458690702
-1   1.4403507910210618
-1   1.4403507910210576
-1   2.1062181636237027
-1   2.1062181636236774
-1   2.0936811124185484
-1   1.5522467706980945
-1   1.5522467706980922
-1   1.4607735583235393
-1   1.4607735583235359
-1   1.2309331763235194
-1   1.8285883586375875
-1   1.8285883586375773
-1   1.4016712058210776
-1   1.4016712058210818
-1   1.7307205798828988
-1   1.6804598581925756
-1   1.68045985819258
-1   1.690005671817604
-1   1.6900056718175973
-1   1.5924622939957973
-1   1.5924622939958102
-1   1.3615214214824225
-1   1.3615214214824236
-1   1.6343127268335658
-1   1.5167924259633723
-1   1.5167924259633749
-1   1.8717049327623401
-1   1.8717049327623405
-1   1.6708790685241888
-1   1.689022511106625
-1   1.1215993322459907
-1   1.1215993322459907
-1   1.7722854242428432
-1   1.3423142946661684
-1   1.3423142946661648
-1   1.7648265061898591
-1   1.7648265061898663
-1   2.0389581569174786
-1   1.4555814898150716
-1   1.4555814898150643
-1   1.3057646486275944
-1   1.3057646486275911
-1   1.495568511647037
-1   1.4955685116470407
-1   1.4613757716283848
-1   1.4613757716283922
-1   1.9296596467750446
-1   1.92965964677505
-1   1.4744237754016516
-1   1.4744237754016627
-1   1.3771506106784093
-1   1.3771506106784077
-1   1.7074293327803414
-1   1.7074293327803494
-1   1.6087112007208386
-1   1.6087112007208209
-1   1.2498614046419367
-1   1.2498614046419012
-1   1.1657405628796078
-1   1.8209896880486283
-1   1.8209896880486296
-1   1.5214764568151207
-1   1.5214764568151331
-1   1.9451867027015921
-1   1.1809388441854485
-1   1.1809388441854416
-1   1.4220845421868302
-1   1.4220845421868344
-1   1.2063307680825204
-1   1.2063307680825273
-1   1.1134323295458011
-1   1.1134323295458048
-1   1.0779321918899138
-1   1.0779321918899167
-1   1.0491595256555373
-1   1.0449207513039047
-1   1.0449207513039103
-1   1.0239182051444087

0   3.0812849249040002
0   2.9847353010116047
0   2.9847353010116042
0   2.7130947523241238
0   2.713094752324134
0   2.3143281260885145
0   2.3143281260885034
0   1.8648615421754573
0   1.8648615421754506
0   1.4819952885453698
0   1.4819952885453669
0   1.3238779476015763
0   3.556329451898204
0   3.3074012026565462
0   3.3074012026565001
0   2.4781271450169733
0   2.5555643173305915
0   2.5555643173305556
0   2.7880382096187426
0   2.788038209618581
0   2.7114093557422279
0   2.7114093557421919
0   2.7854801961538329
0   2.7854801961537672
0   2.2309877103141362
0   2.2309877103140141
0   2.6262945236372364
0   2.6262945236372031
0   1.8376296909206062
0   1.8376296909205383
0   2.2414835506151003
0   2.2414835506150501
0   1.6953817256208077
0   1.6953817256207708
0   1.9976790620199254
0   1.6824519381780658
0   2.669055006741162
0   2.6078641445790534
0   2.6078641445790294
0   2.1315823297114966
0   2.1950358843475843
0   2.1950358843475319
0   2.6371662958041124
0   2.6371662958040853
0   2.284134689693242
0   2.2841346896931829
0   3.3362637193948461
0   2.5261841694822933
0   2.5261841694822782
0   2.2620006347152541
0   2.2620006347152368
0   2.7151093503190062
0   2.7151093503190089
0   2.2690456385386657
0   2.2690456385386475
0   2.2956934803214462
0   2.2956934803214244
0   2.0805079942807598
0   2.080507994280739
0   1.9960454567831354
0   2.828624260224688
0   2.9090233870796469
0   2.9090233870796616
0   2.6930411785658652
0   2.6930411785658537
0   2.4036300730209108
0   2.4036300730209028
0   2.2606860667478936
0   2.7999053668300884
0   2.7999053668300649
0   2.05917785097366
0   2.0591778509736183
0   2.7058167699075923
0   2.7058167699075657
0   2.6234173027765868
0   2.6234173027765677
0   1.9194322181421017
0   1.9194322181420866
0   2.4381552447609405
0   2.4381552447609431
0   3.5484309519513557
0   2.2585302273663066
0   2.2585302273663084
0   2.4359255470960561
0   1.7702742576449317
0   2.8823684840271544
0   2.8677035961807156
0   2.867703596180712
0   2.8135299059610164
0   2.8135299059609959
0   1.8994386481874148
0   1.332821676575251
0   1.3328216765752439
0   2.4756847496728631
0   2.47568474967286
0   1.5440317257985541
0   1.5440317257985403
0   1.9992477734982446
0   1.9992477734982321
0   2.3851011525894203
0   2.3851011525894235
0   2.6787513638717608
0   2.6787513638717666
0   2.5320892254992722
0   2.532089225499254
0   2.866974105900733
0   1.616920367438194
0   1.6169203674381842
0   1.442655331181792
0   1.7708515282688095
0   2.2706468498946224
0   2.2706468498946286
0   2.3204798564832085
0   2.3204798564831988
0   3.0989965460782165
0   3.0989965460782254
0   2.4845957456673213
0   2.4845957456673129
0   1.6859789536063166
0   1.685978953606309
0   3.2417788120732274
0   3.2417788120732127
0   1.6090742845027131
0   1.6090742845027193
0   2.1479462501621773
0   2.1479462501621747
0   2.3855743449295144
0   2.3855743449295024
0   2.7867203231065623
0   2.3865795583434588
0   2.3865795583434428
0   2.2211673965615453
0   2.0920296607225954
0   2.5685346621808165
0   2.5685346621808107
0   2.2797938918290317
0   2.279793891829033
0   2.4071483604446127
0   2.4071483604446144
0   2.9078084040113668
0   1.7252075074747912
0   1.7252075074747997
0   1.4524122266583601
0   2.1968986371578358
0   2.1968986371578239
0   2.0418590011372264
0   2.0418590011372229
0   2.6075450524792885
0   1.6927047852945836
0   1.9708629326674432
0   1.9708629326674476
0   1.5175710697711282
0   2.2257759831956188
0   2.2257759831955979
0   2.6036283261548143
0   2.6036283261548148
0   1.7788483028245525
0   1.7788483028245436
0   1.6011841630241821
0   1.6011841630241794
0   1.9238522899315309
0   1.9238522899315256
0   1.9774478550720915
0   1.9774478550720795
0   1.8962035893451423
0   1.8962035893451414
0   1.9710261159529376
0   1.971026115952935
0   2.7684284156887848
0   2.1419944780551008
0   2.1419944780550937
0   2.5472506248332585
0   2.54725062483325
0   2.176542052900643
0   1.4211328740424864
0   1.4211328740424858
0   2.218170063111514
0   2.6641524163489354
0   2.6641524163489247
0   2.3537582424012942
0   2.3537582424012875
0   1.8841658733805722
0   1.8841658733805664
0   1.5085933253510544
0   2.3658796098934674
0   2.3658796098934638
0   2.548356464099987
0   2.5483564640999803
0   2.5616354587931629
0   2.5616354587931474
0   2.1390417568514488
0   2.1390417568514404
0   1.6876781816727702
0   1.6876781816727591
0   1.7292218360761127
0   1.7292218360761105
0   2.3638860206587289
0   3.3259406647923995
0   1.9991150885816666
0   2.7028573837891492
0   2.702857383789155
0   2.6030603872702347
0   2.6030603872702369
0   3.1579965564180106
0   3.1579965564180137
0   2.7756300406955918
0   2.7756300406955896
0   1.7047653450591653
0   3.0316928216717827
0   3.0316928216717853
0   2.4058399134892259
0   2.405839913489225
0   2.2212191755292436
0   2.221219175529229
0   2.9823990334714159
0   2.6078838660976174
0   2.5360228672651988
0   2.5360228672652014
0   2.5783462654611178
0   2.578346265461108
0   2.312791747240317
0   2.3127917472403108
0   1.9723606827281812
0   2.1568420879975165
0   2.8069165738040169
0   2.8069165738040076
0   2.4629429267422198
0   2.4629429267422185
0   2.2852136662931342
0   2.8837029006660129
0   2.0676984230736455
0   2.0676984230736526
0   2.2639019594376948
0   2.2639019594376886
0   2.5458300170866659
0   2.5458300170866597
0   2.3602203800317758
0   2.360220380031762
0   1.8219973309504418
0   2.2830731324624089
0   2.2830731324624636
0   2.4089533545976489
0   2.4089533545976778
0   1.7994969431540166
0   1.7994969431540184
0   2.0162731710487609
0   2.0162731710487618
0   2.0899434228666065
0   2.089943422866599
0   2.1338668636195179
0   2.1338668636195219
0   2.3771873828111367
0   2.377187382811131
0   2.1585735853983494
0   2.1585735853983419
0   2.3725964110065574
0   2.3725964110065458
0   2.4595248080413814
0   2.685060771604173
0   2.6850607716041797
0   2.0109471033848076
0   2.0109471033848045
0   2.3061133243695835
0   2.3061133243695746
0   1.6859494898908669
0   2.1204839495073102
0   2.1204839495073236
0   1.7947236596000451
0   2.2414467520496006
0   2.2414467520495887
0   2.3209299850986915
0   2.1111309752190648
0   2.1111309752190541
0   2.3135599147962997
0   2.3135599147962944
0   2.047908540024971
0   2.0479085400249741
0   2.1527667656714331
0   2.1527667656714273
0   2.4458749959226496
0   2.3746298764032767
0   2.3746298764032767
0   2.5422701002877637
0   2.542270100287769
0   2.1089877253483227
0   2.1089877253483253
0   2.5408370735838708
0   2.5408370735838814
0   2.0067773963255853
0   2.389467335308848
0   2.3227456016161114
0   2.3227456016161039
0   2.3825324210423129
0   2.3825324210423258
0   2.033521635311399
0   2.0335216353113972
0   2.3619625162244628
0   2.3619625162244597
0   2.1188759734993856
0   2.1188759734993727
0   2.14506484731898
0   2.1450648473189751
0   2.3757327697206563
0   1.8286895577765305
0   1.8286895577765296
0   2.0604484696134442
0   2.0604484696134429
0   2.4706389282308181
0   2.2241929899036159
0   2.2241929899036195
0   2.0219292410176237
0   2.0219292410176193
0   2.1358614292187488
0   2.1358614292187394
0   1.3836925821357378
0   1.6599677358397407
0   2.2345833645674738
0   2.2345833645674684
0   1.8606495075028566
0   1.860649507502862
0   1.7854002969307059
0   1.7854002969307055
0   2.8071844425814754
0   1.9996910463113382
0   1.9996910463113431
0   1.475122290104782
0   1.4751222901047829
0   2.2369463374740213
0   2.2369463374740342
0   1.76115714730315
0   1.8933736670167063
0   2.1207814485514396
0   2.1207814485514342
0   2.0052475888542274
0   2.0052475888542265
0   2.4135604123451042
0   2.4135604123451206
0   1.9054176066972364
0   2.4267170890467646
0   2.6552049472738397
0   2.6552049472738384
0   2.1436241492488826
0   2.1436241492488843
0   1.970788488572901
0   1.970788488572897
0   2.3809205261311903
0   1.7243916728557331
0   1.9988824015086655
0   1.9988824015086673
0   2.2858690358826532
0   2.2858690358826554
0   1.9180461877673567
0   1.918046187767358
0   1.8636346360663381
0   1.8636346360663336
0   2.2651440214064396
0   2.2651440214064498
0   2.2944328775101042
0   2.294432877510113
0   2.0337344325735658
0   2.0337344325735605
0   1.9544653845660305
0   1.9544653845660278
0   1.782954873164551
0   1.7829548731645533
0   2.0297266967585528
0   2.6743524267438481
0   2.6743524267438539
0   1.9636353687241783
0   1.9636353687241703
0   2.4023682493203111
0   2.5021424549728217
0   2.5021424549728213
0   2.0260919216693951
0   1.9800256565417222
0   1.9800256565417169
0   2.0817747717597657
0   1.7472997599114466
0   1.7472997599114501
0   1.9483095233906318
0   1.9483095233906305
0   2.7683705450291733
0   2.7683705450291693
0   2.280192567412525
0   2.2801925674125263
0   2.0871921778767053
0   2.3396055702941303
0   2.3396055702941316
0   1.7461533989339144
0   1.7461533989339237
0   1.8812805856256452
0   1.8812805856256496
0   1.6013380890870574
0   1.6013380890870579
0   2.3957774527615192
0   2.3957774527615259
0   1.6402432541165926
0   1.7891131487739322
0   1.7891131487739358
0   2.2017669656300018
0   2.2017669656300103
0   2.3206527390664862
0   2.3206527390664835
0   1.9768659288341426
0   1.9768659288341435
0   2.5395942464922951
0   2.5395942464922912
0   2.3466798072532504
0   2.3466798072532464
0   1.9562070450863223
0   1.9562070450863271
0   2.249939052836857
0   2.249939052836865
0   2.2669273899327522
0   2.2669273899327607
0   2.5673830308773389
0   3.0586986876176412
0   2.4625426483591935
0   1.993336640684694
0   1.9933366406847011
0   2.2773590221199096
0   1.8578493581889206
0   1.6622880594596889
0   2.3073425084395121
0   2.3073425084395125
0   2.5198466300534847
0   2.5198466300534865
0   1.8657286674900142
0   1.8657286674900155
0   1.7305643527090266
0   1.7305643527090266
0   1.7280227300680959
0   1.7280227300681021
0   2.4164911108827067
0   1.9494752002017037
0   2.2022449714233092
0   2.2022449714233159
0   2.419568193454702
0   2.2777213444644415
0   1.8097859650526442
0   1.8097859650526487
0   1.9554811725896939
0   1.9587872398059596
0   1.8553017588409708
0   1.8553017588409735
0   1.9657763043584544
0   1.9657763043584606
0   1.6403300406251167
0   2.0255156918738266
0   2.025515691873828
0   1.77089848317488
0   2.2955750196354732
0   2.2955750196354687
0   1.8036417491008323
0   1.8036417491008381
0   2.3849095618631617
0   2.3849095618631599
0   1.9955643049928726
0   1.9955643049928744
0   1.8792815273724304
0   1.8792815273724264
0   1.5947795106837268
0   1.5947795106837255
0   1.6892587193864719
0   1.6892587193864754
0   2.0541687029359936
0   2.054168702935995
0   1.6826983215824209
0   2.454062885813475
0   2.4540628858134799
0   1.9224532303469446
0   1.9224532303469322
0   2.0838042538437485
0   2.083804253843752
0   2.1380907141528573
0   2.1380907141528613
0   2.1482069758124145
0   2.1482069758124087
0   1.5038879633628701
0   2.3112281657498803
0   2.3112281657498821
0   1.9958186741638939
0   1.9958186741638975
0   1.7564441479859259
0   1.7564441479859259
0   1.6974208255303065
0   1.6974208255303158
0   2.5640190630145483
0   2.2257793848174283
0   2.2257793848174394
0   2.111620695883714
0   2.3038944706033297
0   2.3038944706033329
0   1.8011502180330115
0   1.8011502180330234
0   1.8076070256725822
0   1.8076070256725769
0   1.7243809917917661
0   1.7243809917917727
0   2.1285130851784175
0   2.1285130851784233
0   2.1822027032004576
0   2.3022714183398527
0   2.3022714183398589
0   1.805093269693824
0   1.805093269693832
0   1.7529646341613034
0   2.2853530167101952
0   2.2853530167101948
0   1.9928312872980656
0   1.9928312872980651
0   1.7525101089876931
0   1.7525101089876904
0   2.1790082963010815
0   1.6391331613541622
0   1.6391331613541729
0   1.7854118658122755
0   1.4027890695588034
0   1.9540363008077986
0   1.9540363008077914
0   1.8306847932710744
0   1.8306847932710775
0   1.8695204344472351
0   1.8695204344472351
0   1.6657660065191977
0   1.6657660065192084
0   2.0843730462673138
0   2.8045905526246862
0   1.5090870613961305
0   1.5090870613961358
0   2.0877440090957542
0   1.7591095901564047
0   1.7591095901564042
0   1.629805071384276
0   1.8320617429524391
0   1.832061742952444
0   2.2496699592213543
0   2.2496699592213552
0   2.211104235429429
0   2.2111042354294499
0   1.6494791699298754
0   1.6494791699298763
0   1.8849880035683837
0   1.8849880035683757
0   2.4243083892217205
0   2.4243083892217223
0   1.9461313430226523
0   1.9461313430226528
0   1.6792790681628045
0   1.6792790681628067
0   1.7222292321626598
0   1.7222292321626584
0   2.1263731900782061
0   2.1263731900782132
0   1.8370099671086098
0   1.8370099671086102
0   1.9357349253323837
0   1.9357349253323308
0   2.0069480967940883
0   2.0069480967940923
0   1.947342421578206
0   1.9473424215782571
0   2.3227260289556271
0   1.6367638054830715
0   1.6367638054830715
0   1.947241201448628
0   1.9472412014486289
0   1.5183821792645191
0   2.2700773510219538
0   2.2700773510219578
0   1.9998975056450417
0   1.9998975056450488
0   2.333392029099564
0   2.3333920290995658
0   2.1226129082497005
0   2.1226129082497094
0   1.8810740709859322
0   1.9654335430608754
0   1.7001033966812953
0   1.7555879054275283
0   1.7555879054275287
0   2.4637575701505789
0   2.4637575701505749
0   1.5825944741851479
0   1.5825944741851519
0   1.5114511463264626
0   1.5114511463264608
0   1.6360532977567805
0   1.6767235625499124
0   2.0924812535897814
0   2.0924812535897841
0   1.7583119623638637
0   1.7583119623638659
0   1.8817286005154101
0   1.8817286005154128
0   2.1651622557287675
0   1.9716513769795641
0   1.9716513769795636
0   2.0729970802840287
0   1.8780603876484552
0   1.8780603876484565
0   2.1274890949792016
0   2.1274890949791994
0   1.8741344541628369
0   1.8741344541628342
0   1.4336256656286062
0   1.7304305601555363
0   1.730430560155531
0   2.1432390295682411
0   2.1432390295682495
0   1.7833264245201157
0   1.783326424520121
0   1.6012008741259325
0   1.6012008741259396
0   2.2170387466912329
0   2.2170387466912289
0   2.2558289090226538
0   1.9499682299185581
0   1.8143540128551332
0   1.814354012855139
0   1.5998432560326004
0   1.5998432560326026
0   2.17757084101923
0   2.1775708410192469
0   1.7463807993315745
0   1.7463807993315776
0   1.7894635313254539
0   2.0198818944597701
0   2.0198818944597829
0   1.4673883399368974
0   1.4673883399368997
0   1.9659670583978577
0   1.9659670583978595
0   2.2153326692971538
0   2.2153326692971436
0   1.5994299001099614
0   2.2033142816698938
0   2.2033142816698992
0   1.5751634135914627
0   1.5751634135914636
0   1.8319171202520588
0   1.8319171202520708
0   1.9946552123937584
0   1.8032387832885117
0   1.8032387832885122
0   1.5060165871499054
0   1.5060165871499072
0   1.4877160302951924
0   1.6263461224062072
0   1.6263461224062103
0   1.8668289842074079
0   1.866828984207427
0   1.8328759329168229
0   1.8328759329168225
0   1.4726973442680782
0   1.7579255249824612
0   1.7579255249824652
0   1.5204841650662124
0   1.5204841650662209
0   1.7481107487291654
0   1.7481107487291485
0   1.9659641900025084
0   1.9659641900025093
0   1.5545470375007873
0   1.5545470375007846
0   2.3421442134533854
0   1.6090462616374763
0   1.2488561400310594
0   1.2488561400310454
0   1.7136229499925073
0   1.7136229499925162
0   1.476093316650511
0   1.4760933166505079
0   1.3854093643802137
0   1.3854093643802081
0   1.5648310821602709
0   2.1301674720519994
0   2.3968539882290836
0   2.3968539882290849
0   2.0031114007091166
0   2.0031114007091104
0   2.2537552759749246
0   2.2537552759749278
0   1.7646871711998586
0   1.7646871711998671
0   1.5714417937774789
0   1.57144179377749
0   1.7801629031813566
0   1.7801629031813602
0   2.240963054452886
0   2.2409630544528643
0   1.856222537767704
0   1.8562225377677137
0   1.8992716971252612
0   1.8235166294173908
0   1.8235166294173766
0   1.9830117533185501
0   1.9830117533185549
0   1.5532634020046077
0   1.7553858940232607
0   1.7553858940232629
0   1.7909826251798888
0   1.6215563325870934
0   1.6215563325870983
0   2.0690163691531085
0   2.0690163691531058
0   1.6981611400638914
0   1.6981611400638914
0   2.0637538399847624
0   1.6710066187968002
0   1.6710066187967962
0   2.0293465139845916
0   1.3368194935845004
0   1.6871874045629576
0   1.6871874045629638
0   1.6820075893623398
0   1.6820075893623461
0   1.2292599706723966
0   1.2292599706723994
0   1.6631194007036529
0   1.6631194007036556
0   1.5083821495129133
0   1.508382149512919
0   1.5370833244124902
0   1.5370833244125031
0   1.2263164351303666
0   1.5865487786490395
0   1.5865487786490347
0   1.1875594719260796
0   1.9366279053525703
0   1.9366279053525703
0   1.572329359130491
0   1.5723293591304834
0   1.6041872804309283
0   1.6041872804309318
0   1.7434550726960776
0   1.7434550726960873
0   1.5014648047618464
0   1.5014648047618522
0   1.6427371815454759
0   1.5503117954729517
0   1.5503117954729388
0   1.9702324926351866
0   1.3838090323125105
0   1.3838090323125087
0   0.94319546977046165
0   0.94319546977047275
0   1.3112484334036776
0   1.473851071060357
0   1.4738510710602735
0   1.1501399041958071
0   1.1501399041958065
0   1.0040325024177743
0   1.5327665059401858
0   1.5327665059401907
0   1.621740461809523
0   1.8725032107737789
0   1.8725032107738602
0   2.1801594401700477
0   1.9231325284515082
0   1.9231325284515166
0   2.3710272260571381
0   2.3710272260571355
0   1.656649114632839
0   1.6566491146328373
0   1.9262331256806533
0   1.0371499202875083
0   1.6885499000392299
0   1.918917263178654
0   1.9189172631786438
0   1.7397807487573487
0   1.739780748757354
0   1.1676880494528517
0   1.1676880494528552
0   1.7101643089001675
0   1.7101643089001692
0   1.740570017207995
0   1.7405700172079981
0   1.6784685591051196
0   1.6784685591051338
0   1.5422171538380849
0   1.9800886250948233
0   1.9800886250948211
0   2.2460921276013348
0   2.2460921276013384
0   2.1310790858307413
0   2.1310790858307453
0   0.84144628748873984
0   0.84144628748874362
0   1.6373656656107549
0   1.6373656656107589
0   2.458547855505524
0   1.0527943724331614
0   1.0527943724331716
0   1.6547468786961783
0   1.6547468786961788
0   1.801011656709691
0   1.5125399717663099
0   1.5125399717663055
0   1.4634986307842941
0   2.1892580885257042
0   2.1892580885257131
0   2.2352427642640786
0   1.996906530143415
0   1.6370286908284082
0   1.4367579532059531
0   1.4367579532059498
0   1.3398246370574682
0   1.3398246370574884
0   1.3020778898682566
0   1.3020778898682699
0   1.7515765996231987
0   1.7515765996232053
0   1.3696866324392816
0   1.36968663243928
0   0.99582687668505154
0   1.331998914211054
0   1.3319989142110527
0   1.4318199166183425
0   1.5218010569878699
0   1.5218010569878775
0   1.3229913861618228
0   1.3229913861618308
0   1.3801366423471586
0   1.5316672276006735
0   1.5316672276006766
0   1.7047954181344451
0   1.7047954181344518
0   1.2958728453772328
0   1.3890830566997572
0   1.3890830566997625
0   1.2918010579415422
0   1.1912515799738677
0   1.1912515799738659
0   1.7553978550773941
0   1.2092572497336433
0   1.2092572497336449
0   1.819536152269809
0   1.8195361522698104
0   1.5552439770059485
0   1.555243977005965
0   1.5684136870037504
0   1.5684136870037646
0   1.1077946159288079
0   1.5498436352153608
0   1.2909379436762172
0   1.1702834189887188
0   1.1422385433805373
0   1.1422385433805371
0   1.1736406939035733
0   1.5065056426960344
0   1.5065056426960299
0   1.0775081209865316
0   1.0775081209865298
0   1.7976772793258129
0   1.7976772793258129
0   1.1998902907196971
0   1.1998902907196951
0   1.1331710095926468
0   1.1331710095926519
0   1.5211655084984561
0   1.5211655084984459
0   1.1237796526331616
0   1.1237796526331634
0   1.0869075515304369
0   1.0869075515304478
0   1.4806684893339097
0   1.4476691838992988
0   1.0973917837609588
0   1.0973917837609619
0   1.6919765518305474
0   1.6919765518305936
0   1.226639278305431
0   1.2266392783054607
0   1.134428466469843
0   1.134428466469843
0   1.2205614472644197
0   1.2205614472644108
0   1.4455547295589766
0   1.4455547295590032
0   1.0642016600181685
0   1.064201660018169
0   1.903841456969162
0   1.9038414569691668
0   1.5268721370903413
0   1.5268721370903444
0   1.3361384306098241
0   1.3361384306098607
0   1.0419896534130795
0   1.0419896534130815
0   1.8445424545601394
0   1.8445424545601554
0   0.52695468984338145
0   0.52695468984338656
0   1.9073375711949301
0   0.55661254361491386
0   0.6367020506129526
0   0.63670205061297036
0   1.0199627296748255
0   1.019962729674829
0   1.0290518543754084
0   0.67853204922637511
0   0.6785320492263851
0   1.0290494944985256
0   1.0290494944985342
0   0.33759232663150374
0   0.33759232663150363
0   0.99999999999999956
0   1.0000000000000067
0   1.0114581748763571
0   1.0020329633816227
0   1.0020329633816265
0   1.0031189128548947
0   1.0031189128549041
0   1.0097899011102272
0   1.0097899011102249
0   0.2139623070601645
0   0.21396230706016262
0   0.19578525370927624
0   1.0059642390608139
0   1.0059642390608274
0   1.0102044044701202
0   0
0   0

1   3.2264361274788613
1   3.1294268903826588
1   3.1294268903826605
1   2.8607393322724017
1   2.860739332272404
1   2.4769665723795979
1   2.4769665723795962
1   2.0609750309437262
1   2.0609750309437254
1   1.723513350098357
1   1.7235133500983508
1   1.5898030916714441
1   3.7301610095960651
1   3.4356154840155155
1   3.435615484015448
1   2.6436409398180114
1   2.6680760326878739
1   2.6680760326878334
1   2.8724338756560055
1   2.8724338756559948
1   2.7015834078183412
1   2.7015834078183474
1   2.602808528765292
1   2.6028085287652942
1   2.7465493447466769
1   2.7465493447466089
1   2.8391292817244822
1   2.8391292817244707
1   2.2490365582417873
1   2.2490365582418153
1   2.4234241793439844
1   2.4234241793439799
1   2.0289288206791336
1   2.0289288206791296
1   2.1404692826473091
1   1.9889417021583631
1   3.154843359531204
1   2.7814776981654754
1   2.7814776981654545
1   2.3965017217811067
1   2.3965017217811035
1   2.2117822269250458
1   2.2117822269250471
1   2.1760036056421002
1   2.676144155385793
1   2.6761441553858054
1   2.6114287349740484
1   2.6114287349740426
1   3.427018580924007
1   2.9525292340217457
1   2.9525292340217124
1   2.8167804380620796
1   2.8167804380620445
1   2.5435101250419181
1   2.5435101250418874
1   2.4967617035595389
1   2.4967617035595291
1   2.4389681482109982
1   2.4389681482109959
1   2.4115772044854253
1   2.7858807554453486
1   2.7633374470602616
1   2.7633374470602283
1   2.4975119371506258
1   2.4975119371506271
1   2.4292951807298029
1   2.4292951807297962
1   2.3245172800863911
1   2.3245172800863951
1   2.3289595109544199
1   2.5496375812471141
1   2.5496375812471213
1   3.308198671271394
1   2.6305818025551662
1   2.6305818025551648
1   2.6476118592429554
1   2.6476118592429509
1   2.6780593090390781
1   2.6780593090390954
1   2.7427865058593519
1   2.7427865058593413
1   2.2760298681078006
1   2.2760298681077948
1   3.0024636209854254
1   1.7579494053913005
1   2.6820821254887939
1   2.909569967476032
1   2.9095699674760258
1   2.9437658171083831
1   2.9437658171083516
1   3.1529393166915276
1   3.1529393166915307
1   2.4401283631445536
1   1.8564939319775138
1   1.8564939319775036
1   2.7458191485598116
1   2.7458191485598071
1   2.9891866695162777
1   2.8107606073821598
1   2.8107606073821585
1   2.5246654314080739
1   2.5246654314081063
1   2.1840462690459539
1   2.1840462690459566
1   2.7355915588927524
1   2.7355915588927924
1   1.9916353742411408
1   1.9916353742411075
1   1.6545820632660737
1   1.6545820632661701
1   2.0887074978593483
1   2.088707497859339
1   2.5156095639411311
1   2.5156095639411218
1   2.5641644407660542
1   1.5649257536141854
1   1.9713375410869367
1   1.9713375410869003
1   3.3160329115709857
1   3.3160329115709333
1   2.2034053910782783
1   2.2034053910782259
1   1.9572051728400872
1   1.957205172840085
1   2.2534450213404411
1   2.2534450213404367
1   2.0620839532737372
1   2.0620839532737278
1   2.8461240163989805
1   2.3475910597618723
1   2.3475910597618737
1   2.3785666786894044
1   2.734160214135243
1   2.734160214135231
1   2.3999330993196692
1   2.3999330993196697
1   2.6476884740012636
1   2.6476884740012614
1   2.2869866092161191
1   2.2869866092161026
1   2.7760616609074646
1   2.1336007083447033
1   2.1336007083447064
1   2.9214605854152635
1   1.5031486166091548
1   2.0864564826385554
1   2.7501786702750781
1   2.7501786702750746
1   2.3789050004725683
1   2.3789050004725563
1   2.1469174091277674
1   2.146917409127763
1   2.7128258044538085
1   2.1199065266740806
1   2.1199065266740771
1   2.4206488425614467
1   2.4206488425614481
1   2.0740297795403309
1   2.0740297795403295
1   2.3766823313888747
1   2.3766823313888592
1   2.5390502336052392
1   2.5390502336052263
1   1.6452241976595023
1   1.6452241976595028
1   2.2502422691299615
1   2.2822245923601554
1   2.2822245923601412
1   3.0412090310522157
1   3.0412090310522131
1   2.6255666537581348
1   2.6255666537581264
1   2.7704375717106537
1   2.770437571710672
1   2.8502164032661246
1   2.4069351737749223
1   2.4069351737749107
1   2.2843028762940558
1   2.284302876294046
1   3.5136065648545829
1   2.4482857786177763
1   2.4482857786177612
1   1.9608695148748523
1   1.9608695148748487
1   1.8823668881971614
1   1.8823668881971685
1   2.3303061520965143
1   2.3303061520965134
1   1.974310721881344
1   1.9743107218813423
1   2.6420761845477805
1   2.6713838697754264
1   2.6713838697754304
1   1.9391389979258289
1   2.2686143567277774
1   2.2686143567277726
1   2.5605671936165506
1   2.5605671936165462
1   1.5948064725819528
1   2.7461137117573062
1   2.7461137117573018
1   2.040991674515086
1   2.3485838337023313
1   2.3485838337023242
1   2.6879363751407648
1   2.7052711393765971
1   2.8150014944705246
1   2.8150014944705282
1   3.1321930016552271
1   3.2170033344976963
1   3.2170033344976914
1   2.4402215051752503
1   2.4402215051752458
1   2.3993841062784464
1   2.3993841062784442
1   2.8722940818529823
1   2.8722940818529863
1   3.2265479153554355
1   3.2265479153554333
1   2.1848435291535786
1   2.1848435291535724
1   2.6081507474858254
1   2.5529982210342563
1   2.5529982210342554
1   2.2410999348996667
1   2.2410999348996596
1   2.495366467588545
1   2.4953664675885476
1   2.3152901625619817
1   2.6236038774910235
1   2.3293433405511306
1   2.3674739549667474
1   2.3674739549667398
1   2.2861863881316928
1   2.2861863881316893
1   2.5701563437102948
1   2.5701563437102974
1   2.4226778894805352
1   2.422677889480553
1   2.9079242955589759
1   2.9079242955589852
1   2.4794712612790835
1   2.4794712612790835
1   2.2441916838976144
1   2.2441916838976179
1   2.2773008140413986
1   2.2773008140414066
1   1.8530879158269387
1   2.6425460104438154
1   2.6425460104438052
1   2.430983221517804
1   2.4309832215177929
1   2.3555694133269998
1   2.433021684227028
1   2.4330216842270178
1   2.3473401935828702
1   2.3473401935828688
1   2.4686183809390632
1   2.4686183809390578
1   2.7772097497271724
1   2.7772097497271688
1   2.5131376041538611
1   2.5131376041538647
1   2.3362306300178295
1   2.3362306300178308
1   2.569358803631713
1   1.9811337899813832
1   1.9811337899813886
1   2.1921351277479313
1   2.1921351277479393
1   2.379566298436067
1   2.379566298436067
1   1.943494168061378
1   1.9434941680613749
1   2.5832519687270574
1   2.583251968727065
1   2.5772180907923117
1   2.0451032991905618
1   1.743025575555182
1   2.8213170939471302
1   2.8213170939471204
1   2.3326174262644472
1   2.3326174262644548
1   2.3839308324415254
1   2.3839308324415329
1   2.4900549713207929
1   2.4900549713207876
1   2.2955723462692421
1   2.2955723462692554
1   1.9826693173953478
1   1.9826693173953522
1   2.1311417982809342
1   2.1311417982809329
1   2.2203058375798874
1   2.2203058375798852
1   2.0744194565134277
1   2.1111137825144306
1   2.1111137825144319
1   2.7825309801530262
1   2.1832006302364895
1   2.1832006302365015
1   2.2297931557262043
1   2.5556330365443047
1   2.5556330365443016
1   1.8504996766689383
1   1.8504996766689374
1   2.193254477892133
1   1.8712654985101813
1   1.8712654985101862
1   2.3248804590238543
1   2.3248804590238543
1   2.4812688656826025
1   2.4812688656826034
1   2.1219282776385193
1   2.6207620433834102
1   2.2200576084167221
1   2.2200576084167221
1   2.2372132008296108
1   2.2372132008296184
1   2.3615300020051437
1   2.1253551879254071
1   2.1253551879254031
1   1.9496549713095614
1   1.9496549713095637
1   2.513519736046657
1   2.513519736046653
1   2.1837063723862289
1   2.2832329355052696
1   2.2832329355052727
1   2.0625854573670495
1   2.1530659194222772
1   2.1530659194222816
1   2.1366605344775973
1   2.1366605344775995
1   2.4567757132430184
1   2.4567757132430268
1   2.091699857745593
1   2.0916998577455908
1   2.3521741606769369
1   2.4938114282703649
1   2.1903284879721605
1   2.1903284879721561
1   2.3251782399083325
1   2.3251782399083369
1   2.1030946135949611
1   2.1030946135949611
1   2.2951105990039511
1   2.2951105990039413
1   2.4382664831781935
1   2.4382664831781962
1   2.0348805085474462
1   2.2316410391884611
1   2.2316410391884589
1   2.4309317806936201
1   2.3408614495570133
1   2.3408614495570195
1   2.513820811780247
1   2.5138208117802416
1   2.4116044774237069
1   2.4116044774237086
1   1.9691893510713649
1   1.9691893510713516
1   2.3289140148017435
1   2.3289140148017449
1   2.2576721391781982
1   2.2576721391781955
1   2.3313172241270217
1   2.3313172241270239
1   2.6991495035253967
1   2.2204805575991413
1   2.2204805575991435
1   2.4634530138555291
1   2.3222578930663804
1   2.3222578930663871
1   2.1849711132826251
1   2.1849711132826268
1   2.2559327803409066
1   2.2559327803409115
1   2.0852786449256309
1   2.0852786449256322
1   2.4910436924450972
1   2.4910436924451003
1   2.5915329577677779
1   2.2598258954065575
1   2.2598258954065562
1   2.5013653006224641
1   2.2568945278262103
1   2.2568945278262227
1   2.0611958131621346
1   2.0611958131621346
1   2.2624156531025035
1   2.2624156531025061
1   1.9532354999654404
1   2.1764965890775549
1   2.1764965890775585
1   2.2425485743014733
1   2.2425485743014768
1   1.7354997427382797
1   1.9522536217526389
1   2.1653355634261597
1   2.1653355634261477
1   2.1680065401988031
1   2.1680065401988227
1   2.2282994344361251
1   2.1769376327148033
1   2.1769376327148096
1   2.30948610327026
1   2.3094861032702654
1   2.7264743118578707
1   2.3424183214599252
1   2.3424183214599212
1   2.5249996369832153
1   2.5672359547629355
1   2.5672359547629386
1   2.1854672812321043
1   2.185467281232111
1   1.8086342654925898
1   1.8086342654925884
1   2.059442887284062
1   2.0594428872840633
1   1.9907236937998696
1   1.9907236937998705
1   2.0663331671015794
1   2.3518619128690514
1   2.2670941541625478
1   2.2670941541625509
1   1.9267122167818456
1   2.5696609022093053
1   2.1014981922197284
1   2.1014981922197311
1   2.7244067073712492
1   2.724406707371255
1   1.9365369536052874
1   1.9365369536052932
1   2.3826191521305171
1   2.3826191521305047
1   2.9554741196974743
1   2.2723773838853889
1   2.2723773838854142
1   2.113389887944336
1   2.1133898879443374
1   2.1594149913004341
1   2.1594149913004337
1   2.2090131892712153
1   2.2090131892712122
1   2.3308027778838394
1   2.3693110517323266
1   2.3693110517323257
1   2.3470158945230186
1   1.9104018925702508
1   2.0906982539311394
1   2.0906982539311425
1   2.4413629271769417
1   2.4413629271769399
1   2.1966739151251078
1   2.1966739151251082
1   2.136745349174173
1   2.1367453491741748
1   2.2632481501402033
1   1.8099322259171853
1   1.8745677626650932
1   1.8745677626650963
1   2.4018137315884398
1   2.4018137315884411
1   2.1786640062028222
1   2.178664006202824
1   1.9261534094578106
1   2.4931502484012378
1   2.4931502484012444
1   2.6265794113659822
1   2.6265794113659844
1   2.3900449836120972
1   2.3900449836121069
1   2.1554441775973778
1   2.1554441775973627
1   2.1718653696831103
1   2.1718653696831063
1   2.2371969902604962
1   2.2371969902604922
1   2.0751795713445969
1   2.0751795713445857
1   1.8921389493343126
1   1.7548945634084903
1   1.7548945634084716
1   2.1255837631523189
1   2.125583763152318
1   1.9182094805716408
1   2.0379544092321082
1   2.0379544092321051
1   1.9715034775577207
1   1.9715034775577149
1   2.3964385333463505
1   2.374395224114108
1   2.3743952241141222
1   1.6845235027603631
1   1.6845235027603551
1   2.0459505357972922
1   2.0459505357972438
1   2.2401074010049928
1   2.2401074010050004
1   1.9440039413047545
1   1.9440039413047447
1   1.7815324523873293
1   1.7815324523873248
1   1.6122628993866503
1   1.6122628993866521
1   2.0007072650483879
1   2.0007072650483879
1   2.6964275814696923
1   2.2451694719725892
1   2.245169471972627
1   2.498236663735014
1   1.7500826165720151
1   2.1085820476854393
1   2.1085820476854384
1   1.6686261054556417
1   1.6686261054556386
1   2.2037831821056484
1   1.7959167850721904
1   1.7959167850721878
1   1.789356635614026
1   1.7893566356140269
1   2.0579759745002901
1   2.0579759745002963
1   2.2273743443353227
1   2.2273743443353178
1   2.0792605443096837
1   2.0792605443096903
1   1.6819168409854957
1   2.3011794674564521
1   2.301179467456453
1   1.8813439080251513
1   1.8813439080251548
1   2.0042101275845723
1   2.0042101275845816
1   2.0471709046580315
1   2.0471709046580395
1   1.9279534920418233
1   2.0443393987607421
1   2.044339398760743
1   2.0498903925123764
1   1.919516318208593
1   1.9195163182085953
1   1.5860823867990419
1   2.0210940980715457
1   2.0210940980715537
1   2.1532213946307954
1   2.1532213946307985
1   2.0014649817740824
1   2.0014649817740806
1   2.0489148685387781
1   2.0489148685387759
1   2.0833561533352354
1   2.083356153335238
1   2.0499816553174619
1   2.0499816553174757
1   1.9206776277019815
1   1.9206776277019806
1   1.9902329848605933
1   1.9902329848606004
1   1.745580518930073
1   1.745580518930077
1   2.299110187534716
1   1.857628350617861
1   1.8576283506178637
1   2.4159794732506059
1   2.0104249303299762
1   2.0104249303299784
1   1.8896698214494982
1   1.8896698214495076
1   1.9914318790721288
1   1.9914318790721648
1   1.7492805846847177
1   1.8277940488047117
1   1.8277940488047149
1   2.2689134081715543
1   2.2689134081715694
1   2.274028847727577
1   1.4749925731330766
1   2.1109915465029663
1   2.1109915465029707
1   1.8530375516092183
1   1.8530375516092019
1   2.1224219299820399
1   2.1224219299820373
1   2.2704902458206218
1   2.2704902458206244
1   1.7329689509811881
1   1.7329689509811845
1   1.7186868570962157
1   1.7186868570962588
1   1.8946481233717458
1   1.9407816142501639
1   1.9407816142501648
1   1.8310739056452716
1   1.8310739056452725
1   1.8605490055538416
1   2.1400873678259438
1   2.1400873678259855
1   1.9797283266188295
1   1.9797283266188388
1   2.031582948699969
1   2.0315829486999881
1   1.8826758802416501
1   2.2708202372007578
1   2.3099675118738703
1   2.3099675118738783
1   1.8777418559716073
1   1.8777418559716215
1   2.2871891710894552
1   1.9382248978358563
1   1.9382248978358341
1   1.8531842578682123
1   1.8531842578682154
1   1.7343258296531556
1   1.7343258296531676
1   2.0679567134468573
1   1.7055744991581077
1   1.7055744991581117
1   1.7420790853008872
1   1.7420790853008854
1   2.1948830855370782
1   2.1948830855370924
1   1.9911523870159731
1   1.9911523870159815
1   1.6617690100960778
1   1.6617690100960814
1   1.8939654546229523
1   1.8939654546229523
1   1.7596711314109323
1   1.8613802576364069
1   1.8613802576363945
1   1.8486481643272068
1   1.848648164327205
1   1.6912072891799808
1   1.6912072891799799
1   1.977650621363598
1   1.7921564283823264
1   1.792156428382325
1   1.647291925513775
1   1.6472919255137795
1   1.6122161439957354
1   1.9552039997676789
1   1.955203999767686
1   1.7429895653400385
1   1.7669556731341967
1   1.7669556731342055
1   1.9825480688842467
1   1.9825480688843018
1   1.8368253607849594
1   1.8368253607849585
1   1.9057387051966086
1   1.905738705196609
1   2.2796057479326426
1   2.2796057479326413
1   1.9737767368061863
1   1.973776736806149
1   1.7053796005530897
1   1.7053796005530928
1   1.8959713222149013
1   1.8959713222148924
1   1.5991837556504249
1   1.9447137206862872
1   1.9447137206862557
1   1.40386342227267
1   1.8531916537286275
1   1.8531916537286222
1   1.6079491517557387
1   1.6079491517557596
1   1.9657433513524691
1   1.9657433513524674
1   1.6784546680136283
1   1.7638757907645433
1   1.763875790764549
1   2.0174044496457384
1   2.0174044496457122
1   1.3884936078781449
1   1.388493607878154
1   2.453824521453206
1   1.7052390473940262
1   1.7052390473940315
1   1.8863323011498392
1   1.5426223964690706
1   1.5426223964690911
1   2.2205974800568424
1   2.2205974800568482
1   2.0933720082380107
1   1.6942715574750449
1   1.6942715574750649
1   1.7273976941382889
1   1.9359635336741281
1   1.9359635336741321
1   1.8968567445002669
1   2.089482013491883
1   1.9985048924384405
1   1.9985048924384432
1   1.8784448180092999
1   1.7603434709346395
1   1.7603434709346431
1   1.4386510148415637
1   1.6239601581137313
1   1.6075018891579664
1   1.6075018891579731
1   1.6419629092191732
1   1.6419629092191759
1   1.43011841061863
1   1.4301184106186291
1   1.663862719143764
1   1.6638627191437712
1   1.6133871545841671
1   1.5400086260375394
1   1.540008626037543
1   1.5644972458690884
1   1.5644972458690662
1   1.4403507910210642
1   1.4403507910210662
1   2.1062181636236743
1   2.1062181636236783
1   2.0936811124185528
1   1.5522467706980931
1   1.5522467706980896
1   1.4607735583235339
1   1.4607735583235471
1   1.2309331763235223
1   1.8285883586375657
1   1.8285883586375933
1   1.4016712058210836
1   1.4016712058210505
1   1.7307205798828971
1   1.6804598581925809
1   1.6804598581925791
1   1.6900056718176049
1   1.6900056718176
1   1.5924622939958213
1   1.5924622939957929
1   1.3615214214824174
1   1.3615214214824176
1   1.63431272683356
1   1.5167924259633683
1   1.5167924259633718
1   1.8717049327623392
1   1.8717049327623436
1   1.6708790685241852
1   1.6890225111066273
1   1.1215993322459921
1   1.1215993322459905
1   1.7722854242428507
1   1.3423142946661637
1   1.3423142946661661
1   1.7648265061898547
1   1.7648265061898591
1   2.0389581569174777
1   1.4555814898150596
1   1.4555814898150643
1   1.3057646486275802
1   1.3057646486275885
1   1.4955685116470228
1   1.4955685116470425
1   1.4613757716283873
1   1.4613757716284068
1   1.9296596467750442
1   1.9296596467750557
1   1.4744237754016667
1   1.47442377540165
1   1.3771506106784068
1   1.3771506106784053
1   1.7074293327803396
1   1.7074293327803476
1   1.608711200720859
1   1.6087112007208577
1   1.2498614046418821
1   1.2498614046418806
1   1.1657405628796091
1   1.8209896880486327
1   1.820989688048618
1   1.5214764568151193
1   1.5214764568151296
1   1.9451867027015948
1   1.1809388441854418
1   1.1809388441854447
1   1.4220845421868356
1   1.422084542186812
1   1.2063307680825199
1   1.206330768082523
1   1.1134323295458002
1   1.113432329545802
1   1.0779321918899114
1   1.0779321918899227
1   1.049159525655543
1   1.0449207513039094
1   1.0449207513039056
1   1.0239182051444107

2   3.6372822406120138
2   3.5335054751689725
2   3.5335054751689716
2   3.262988891058503
2   3.2629888910585048
2   2.910834783935123
2   2.9108347839351212
2   2.571252072350505
2   2.5712520723504935
2   2.327498047397953
2   2.3274980473979512
2   2.2387639516709856
2   4.1933859672564662
2   3.7377603862736688
2   3.7377603862736617
2   3.1431564160157115
2   3.1431564160156995
2   2.9048130627495077
2   2.9048130627495037
2   2.9469072578801385
2   2.9469072578801332
2   3.0920102719551013
2   3.0920102719550826
2   3.1643431379590239
2   3.4815543402220666
2   3.4815543402220492
2   3.296836023668924
2   3.2968360236689254
2   3.1119051930082158
2   3.1119051930082406
2   2.9287674893046987
2   2.9287674893046836
2   2.6677275699158618
2   2.7016203593579013
2   2.7016203593578951
2   2.6323177583148247
2   3.7959802034172041
2   2.9272966477774709
2   2.927296647777478
2   2.7736678731351989
2   2.7736678731351865
2   3.0379682442026414
2   3.0379682442026485
2   3.0643688342975071
2   3.0643688342975128
2   2.736891768848011
2   2.7368917688480048
2   2.7155713788454241
2   3.17620239154162
2   3.1762023915416235
2   3.407292582478791
2   3.4072925824787847
2   3.4348357667768248
2   2.7935540372031817
2   2.983436030673555
2   2.9834360306735475
2   2.4878578125648318
2   2.4878578125648292
2   3.1049012919200991
2   3.1049012919201022
2   2.6495594563478466
2   2.5570376093111671
2   2.5570376093111631
2   2.8829351584017546
2   2.8829351584017489
2   3.328408226418591
2   3.3284082264185861
2   2.9723563456849136
2   2.9723563456849056
2   3.2763764321390036
2   3.2763764321390063
2   3.4336681774311875
2   3.085701924320142
2   3.0188118034549136
2   3.0188118034549163
2   3.0555613550177205
2   3.055561355017725
2   3.4137778343902605
2   3.4137778343902516
2   3.0117028242475161
2   3.0117028242475015
2   3.23073717974829
2   2.4209989165598058
2   2.797502357640683
2   2.7975023576406914
2   3.5573129190183135
2   3.5573129190183099
2   2.4586940301982851
2   2.4586940301982847
2   3.4714990327677513
2   3.4714990327677482
2   3.0736606511007976
2   3.1167077372759775
2   3.0196094172478674
2   3.0196094172478678
2   2.8440575273486397
2   2.8440575273486237
2   3.2472855784164438
2   3.247285578416431
2   2.5274807001561501
2   2.5274807001561572
2   2.5363901418824728
2   2.5363901418824719
2   2.4790900561400244
2   2.4790900561400036
2   2.2766080113208167
2   2.2044065021602441
2   2.2044065021602419
2   2.2497252395183911
2   2.250216398980033
2   2.2502163989800308
2   2.2437230405131516
2   2.243723040513133
2   2.4934647507333509
2   2.4934647507333612
2   2.9737001613952776
2   2.9737001613952696
2   3.4913420588860085
2   3.491342058886004
2   3.6929147616965086
2   3.4190676599113865
2   3.0931823247920223
2   3.0931823247920147
2   2.7777053403751437
2   2.7777053403751442
2   2.6250394309652103
2   2.6250394309652099
2   2.9066912437631625
2   2.7992602222842509
2   3.0755240264183867
2   3.075524026418385
2   2.7994944040339647
2   2.7994944040339695
2   3.219615355879399
2   3.2196153558793932
2   2.8635423847908203
2   3.184428175367505
2   3.1844281753675001
2   3.7475533452790515
2   2.5091542902380883
2   3.2634261323302169
2   3.2634261323302085
2   2.7691174580572704
2   2.7691174580572668
2   2.8237533588793982
2   2.8237533588793986
2   3.3028384455014836
2   3.3028384455014801
2   2.6485018073452999
2   2.6901314252765016
2   2.6901314252765056
2   2.9745259084238365
2   2.9745259084238103
2   2.5484973932132795
2   2.5484973932132942
2   2.8617394346444209
2   2.8617394346444178
2   2.9119688007687716
2   2.6868641201003656
2   2.6868641201003651
2   2.8269416289839078
2   2.8269416289839024
2   2.442378120026631
2   2.442378120026627
2   3.1124751293504644
2   3.1124751293504551
2   2.5821685856523358
2   2.5821685856523269
2   2.7520617090114232
2   2.752061709011413
2   2.5169601321083888
2   2.516960132108391
2   3.1353460811357516
2   2.9310272418565848
2   2.9310272418565821
2   3.4326932527179115
2   3.4326932527179093
2   2.6195907745596814
2   3.2446439952317885
2   3.2446439952317836
2   2.9556948745912086
2   2.9556948745912104
2   2.824618207832216
2   2.8246182078322035
2   2.7350021818285506
2   2.8632918548401936
2   2.8632918548401864
2   2.7549980328486172
2   2.7549980328486181
2   2.2861321370020695
2   2.4918970987825872
2   2.4918970987825868
2   2.6669501986530051
2   2.6669501986530038
2   2.6167484607500087
2   2.6995366625690873
2   2.6995366625690851
2   2.976292175864232
2   2.9762921758642289
2   2.8719390311838819
2   2.8719390311838837
2   2.5413599229130326
2   2.4528660955687061
2   3.0297641238185875
2   3.0297641238185875
2   2.9086935302799155
2   2.9086935302799128
2   2.6207687306896408
2   2.8950083316552604
2   2.8950083316552617
2   2.6862513442750209
2   2.6862513442750204
2   2.6275283361425026
2   3.1198273108095775
2   3.1198273108095687
2   2.8513752591680976
2   2.6263090268861955
2   2.3726503896134798
2   2.3726503896134759
2   2.5396379402134652
2   2.539637940213463
2   2.7444213606115322
2   2.7444213606115269
2   3.0315368640348725
2   3.0315368640348694
2   2.9351946677662886
2   2.9351946677662877
2   3.041008003662578
2   3.0410080036625793
2   2.3304656487295992
2   2.7878813491614571
2   2.7878813491614558
2   2.8562401342502319
2   2.8562401342502337
2   2.7659739295415973
2   2.7659739295415955
2   2.4872165924570027
2   2.4872165924570018
2   2.5612755841001915
2   2.5612755841001915
2   2.7905083062755529
2   2.7905083062755467
2   2.8200345468603905
2   2.8200345468603896
2   2.9258532327034592
2   2.9258532327034588
2   3.3979685820456607
2   2.7107453417489382
2   2.7107453417489369
2   2.8873143487556505
2   2.6324765027388191
2   2.6324765027388186
2   2.676522381432699
2   2.6765223814326955
2   3.0909187938508396
2   2.4721215051267129
2   2.4721215051267111
2   3.0000000000000027
2   2.5005822370179258
2   2.5005822370179267
2   2.7014007686529382
2   2.6834602196273347
2   2.6834602196273329
2   3.3017921063834952
2   2.5867201875492043
2   2.5867201875492052
2   2.5621035311843738
2   2.5621035311843765
2   2.5832938988895799
2   2.5832938988895808
2   2.6438501918846931
2   2.6438501918846913
2   2.4573498310741257
2   2.4573498310741271
2   3.2561287147575602
2   2.346180516839012
2   2.3461805168390137
2   3.1120021773682858
2   3.1120021773682858
2   2.5767568265568221
2   2.7798534065739866
2   2.7798534065739893
2   2.8050938784042105
2   2.8050938784042123
2   2.1145104351335968
2   2.6768717597596705
2   2.6768717597596701
2   3.2431399348212162
2   3.243139934821218
2   2.5883346855014651
2   2.5556233577885035
2   2.5556233577885066
2   3.2085595750430862
2   2.6403723435817459
2   2.6403723435817481
2   2.3894336350130914
2   2.3894336350130936
2   2.5322732498931431
2   2.5322732498931479
2   2.561141703798909
2   2.5611417037989166
2   2.8492983197316564
2   2.5942183491063733
2   2.5942183491063759
2   2.3047012540690544
2   2.598075772248996
2   2.5980757722490013
2   2.1661057485648798
2   2.586890447425322
2   2.5868904474253247
2   2.6534348675887203
2   2.5671508323153516
2   2.5671508323153529
2   2.7657159264050994
2   2.7657159264050981
2   2.6136743729488767
2   2.3752467786023259
2   2.375246778602325
2   2.3486390551350822
2   2.3486390551350804
2   2.5484765163286518
2   2.5484765163286545
2   2.4787408801946738
2   2.4787408801946742
2   2.2132316553133986
2   2.9366464106314338
2   2.9366464106314378
2   2.676353068439425
2   2.676353068439429
2   2.6741429355658983
2   2.6741429355658957
2   2.8823561398641542
2   2.882356139864156
2   2.2703487671820759
2   2.2703487671820772
2   2.8730463301689539
2   2.2515980447245401
2   2.2515980447245445
2   2.3409892308801039
2   2.3409892308801057
2   3.1010290467665906
2   3.1010290467665951
2   2.4468734061035491
2   2.4468734061035513
2   2.5727001018501667
2   2.5504136883518234
2   2.5504136883518203
2   2.5434377030824669
2   2.5434377030824691
2   2.3251010362363838
2   2.3827047171118969
2   2.3219325308995011
2   2.3025444987533898
2   2.3025444987533921
2   2.5397322381178289
2   2.5397322381178351
2   2.4186819814243394
2   2.4186819814243408
2   2.7750718233172438
2   2.7750718233172416
2   2.3038980616123848
2   2.3038980616123856
2   2.7274578280881339
2   2.7274578280881383
2   2.6034155196835367
2   2.6034155196835345
2   2.6565789485201963
2   2.8663241558195383
2   2.6022631937929552
2   2.6022631937929637
2   2.4221320321334043
2   2.4221320321333941
2   2.2163681049642037
2   2.216368104964201
2   2.3535267589924125
2   2.3535267589924063
2   2.5455570183567575
2   2.5455570183567584
2   2.2768420963659648
2   2.2768420963659657
2   2.3549436853133661
2   2.1815288398310981
2   2.1815288398310901
2   2.1059342455399768
2   2.1059342455399856
2   2.6107993469512687
2   2.833338182722434
2   2.2834582536564194
2   2.2653000192488699
2   2.2653000192488739
2   2.4387203762040914
2   2.4387203762040972
2   2.3862893672725396
2   2.3862893672725431
2   2.3963854013349684
2   2.3963854013349666
2   2.3991721599279492
2   2.3991721599279545
2   2.4533576611797807
2   2.4533576611797976
2   2.3896518583022432
2   2.3896518583022512
2   2.784160116440765
2   2.7841601164407535
2   2.0243119020693521
2   2.4818037980540093
2   2.4818037980540133
2   2.4748305168514175
2   2.4748305168514273
2   2.3541605212587164
2   2.3541605212587191
2   2.5329538076580693
2   2.5329538076580711
2   2.6857832555725571
2   2.1275332032601337
2   2.1275332032601342
2   2.2126342441910967
2   2.2126342441910958
2   2.1443609276840401
2   2.144360927684037
2   2.6105641130028059
2   2.6105641130028081
2   2.3399890718164973
2   2.3399890718164973
2   2.3713007985075034
2   2.0833135316947877
2   2.3807872688891498
2   2.3807872688891591
2   2.256372927576602
2   2.2563729275766029
2   2.1908149507902532
2   2.1908149507902563
2   2.4623743864723986
2   2.4623743864723564
2   2.070113683587115
2   2.0701136835871257
2   2.2538670226277269
2   2.4344527441011192
2   2.4344527441011654
2   2.6005165518287523
2   2.3528420485880619
2   2.3528420485880672
2   2.2585629652811017
2   2.2585629652810999
2   2.2498663901649665
2   2.2498663901649723
2   2.4072196094710137
2   2.4072196094710097
2   2.3654617127085471
2   2.4265710034678265
2   2.4265710034678301
2   2.0997110532696732
2   2.004131357439491
2   2.1280838340914832
2   2.1280838340914849
2   2.5337126721476841
2   2.5337126721476833
2   2.4938181830487678
2   2.4938181830487709
2   2.004860271157193
2   2.1143659683484084
2   2.4595655165453514
2   2.4595655165453558
2   2.120427500103216
2   2.1204275001032236
2   2.6566527733346139
2   2.2018753465624568
2   2.201875346562455
2   2.519447702689964
2   2.2011335094020188
2   2.2011335094020188
2   2.3801624459956141
2   2.3801624459956159
2   2.2551346521255442
2   2.1579022876225782
2   2.1579022876225773
2   2.1595884671877044
2   2.159588467187703
2   2.129931560315212
2   2.0639557487090019
2   2.0639557487090086
2   2.3135000025280195
2   2.0542590767529592
2   2.0542590767529663
2   2.1002964158313335
2   2.1002964158313344
2   2.0533201683355005
2   2.0533201683354991
2   2.0383609684075479
2   2.0383609684075554
2   2.0786152014517696
2   2.0786152014517749
2   2.1240516917925292
2   2.1240516917925341
2   2.0755943127037617

3   4.3085600862582556
3   4.1522538895894909
3   4.1522538895894741
3   3.8207873331923299
3   3.8207873331923201
3   3.491760509994402
3   3.4917605099944091
3   3.2616866128623752
3   3.2616866128623729
3   3.135368107353139
3   3.1353681073531368
3   3.0959073759809224
3   5.1862052964256673
3   4.1901230676001839
3   4.1901230676001795
3   3.7150041516261743
3   3.7150041516261734
3   3.383845938605524
3   3.38384593860552
3   3.4846010115631527
3   3.4846010115631509
3   3.6431137222083736
3   3.6431137222083709
3   3.7104061966520021
3   3.4639182938599831
3   3.4639182938599826
3   4.4965768120950935
3   4.4965768120950917
3   3.9065235335187651
3   3.6913274356376009
3   3.6913274356376
3   3.0000000000000004
3   4.1108480839278956
3   3.9939787157038333
3   3.9939787157038298
3   3.6912992428580926
3   3.6912992428580917
3   3.8444970216648926
3   3.8444970216648917
3   3.663934065088748
3   3.6639340650887435
3   3.0934541985102344
3   3.0934541985102322
3   3.6387577305655014
3   3.6387577305654952
3   3.5537799803986685
3   3.5537799803986658
3   3.4609432914676512
3   3.4609432914676481
3   3.3940146632308053
3   3.9614799062792478
3   3.961479906279247
3   3.3814966620147953
3   3.3814966620147957
3   3.05377858923476
3   3.0537785892347604
3   3.4507964015870174
3   4.1128150269362944
3   4.1128150269362935
3   3.0000000000000013
3   4.1849483074995852
3   4.184948307499587
3   4.2045604086518766
3   4.2045604086518704
3   3.4916909327818804
3   3.9820457307618629
3   3.5162283051947103
3   3.5162283051947067
3   3.0689601225951719
3   3.0689601225951679
3   3.6919427060726857
3   3.6919427060726839
3   3.7241776386659113
3   3.4538752912075603
3   3.4538752912075603
3   3.8395582476748338
3   3.1718594511403495
3   3.1718594511403544
3   3.5160167602179468
3   3.5160167602179486
3   3.486873016305565
3   3.3681830163929987
3   3.3681830163930009
3   3.5131727347213824
3   3.5131727347213815
3   3.0471631870262104
3   3.0471631870262059
3   3.4006955162966617
3   3.3772762115981614
3   3.3772762115981636
3   3.4255066146555082
3   3.4255066146555109
3   3.446011453953683
3   3.4078308225918272
3   3.4078308225918255
3   3.0716438373746278
3   3.0716438373746282
3   3.3219757194324404
3   3.3219757194324395
3   3.2738433374358391
3   3.2738433374358413
3   3.2425560076571367
3   3.2425560076571336
3   3.5016368238528708
3   3.5016368238528699
3   3.3805945683069156
3   3.1943998125101594
3   3.1943998125101585
3   3.4999419816142034
3   3.4999419816142021
3   3.0741294476427878
3   3.0741294476427874
3   3.0627558886881046
3   3.0627558886881041
3   3.0000000000000004
3   3.4133549118203366
3   3.4133549118203392
3   3.3327167797511996
3   3.3106197606631422
3   3.3106197606631409
3   3.1658658437705531
3   3.1658658437705522
3   3.1577122175701486
3   3.0404510914789715
3   3.0404510914789697
3   3.353757884970249
3   3.3537578849702623
3   3.0000000000000004
3   3.0084372023327579
3   3.0084372023327477
3   3.0361651675549362
3   3.0361651675549353
3   3.544775720796955
3   3.5447757207969524
3   3.1907531617142744
3   3.4788331124111629
3   3.4788331124111664
3   3.1108955671301461
3   3.1108955671301466
3   3.3105946046203076
3   3.3105946046203094
3   3.5560896908494311
3   3.5560896908494284
3   3.5029483453220402
3   3.5029483453220394
3   3.7647971798201487
3   3.264854438760544
3   3.264854438760544
3   3
3   3.3927492375551433
3   3.3927492375551416
3   3.6810399388447417
3   3.6592406120341909
3   3.6592406120341909
3   3.860125390174777
3   3.8601253901747787
3   3.4765743154598052
3   3.1120256871032002
3   3.1120256871031975
3   3.3062975247431341
3   3.3062975247431337
3   3.4327683358579781
3   3.1761160954258165
3   3.1761160954258143
3   3.4532181299220785
3   3.1055191414804435
3   3.0862425940015212
3   3.0862425940015199
3   3.0659530102440553
3   3.0659530102440544
3   3.0078940989979874
3   3.0078940989979874
3   3.4809177901486352
3   3.4809177901486352
3   3.3148645964692673
3   3.314864596469266
3   3.1036989002881361
3   3.1036989002881339
3   3.0861029808274032
3   3.0861029808274014
3   3.0000000000000004
3   3.0223332757400256
3   3.0223332757400265
3   3.3661214097589065
3   3.3661214097589034
3   3.1412878947306435
3   3.1026930584116874
3   3.1026930584116896
3   3.0418069376446919
3   3.0418069376446932
3   3.143922402075956
3   3.2092168854068959
3   3.2092168854068919
3   3.3469145530666293
3   3.1932107238897007
3   3.1932107238897069
3   3.0982736376553022
3   3.0982736376553004
3   3.018105252744506
3   3.0181052527445091
3   3.1794527231419867
3   3.1794527231419885
3   3.018819448152871
3   3.0083811137932375
3   3.0083811137932375
3   3.0133643112102635
3   3.0133643112102635
3   3.0589664290646468
3   3.0589664290646446
3   3.002327116183904
3   3.002327116183908
3   3.003812042294173
3   3.0038120422941788
3   3.036253541887997
3   3.0000000000000009
3   3.0123797494089839
3   3.0123797494089963
3   3.0010964367863342
3   3.0010964367863373
3   3.0012062269736495

4   5.2433342766326501
4   4.8303330913974989
4   4.8303330913974953
4   4.3427944731389898
4   4.3427944731389916
4   4.1431785748824517
4   4.1431785748824481
4   4.0591841743193866
4   4.0591841743193831
4   4.0157851515512224
4   4.0157851515512224
4   4
4   4.9251628409670021
4   4.4814308522637853
4   4.4814308522637836
4   4.1915689700317733
4   4.1915689700317733
4   4.7513527353228007
4   4.6012444702418431
4   4.6012444702418405
4   4.3299355397464909
4   4.3299355397464883
4   4.366778400175912
4   4.3667784001759102
4   4.0005227979326579
4   4.2395882939732372
4   4.2395882939732381
4   4.5827247138666225
4   4.5827247138666234
4   4.0052214296237949
4   4.0052214296237949
4   4.4191554555039625
4   4.4191554555039589
4   4.5588038913166873
4   4.5588038913166926
4   4.2841350079942302
4   4.0518394703645377
4   4.0518394703645333
4   4
4   4.0036691040054535
4   4.0036691040054535
4   4.0014841853635437
4   4.0014841853635428
4   4.002999200888314
4   4.002999200888314
4   4.0076268808043238
4   4.0231756816938926
4   4.0231756816938917
4   4.0115256317645915
4   4.0115256317645906
4   4.0039256959348029
4   4.0032165381822482
4   4.0032165381822482
4   4
4   4.0006005776366331
4   4.0006005776366313
4   4.0001692283174295
4   4.0001692283174286
4   4.0002012751571554
4   4.0000250808389479
4   4.0000250808389479
4   4.0000833786151411
4   4.0000833786151411
4   4.0009387960713836
4   4.0009387960713827
4   4.0007224384158571

5   6
5   5
5   5
5   5
5   5
5   5
5   5
5   5
5   5
5   5
5   5
5   4.9999999999999991

6   6

