0   0   (0.24999999999999994,0)   (5.5511151231257827e-17,0)   (0.49999999999999989,0)   (0,0)   
0   0.10000000000000001   (0.24013262425036058,0)   (0.0098673757496394177,0)   (0.48026524850072116,0)   (0.019734751499278724,0)   
0   1   (0.043294547392048466,0)   (0.20670545260795153,0)   (0.086589094784096904,0)   (0.41341090521590296,0)   
0   2   (0.10681249577392354,0)   (0.14318750422607646,0)   (0.21362499154784678,0)   (0.28637500845215308,0)   
0   10   (0.041632742293467973,0)   (0.20836725770653203,0)   (0.083265484586935834,0)   (0.41673451541306405,0)   
0.10000000000000001   0   (0.24999999999999994,0)   (0.022455804250671067,0)   (0.49999999999999989,0)   (0.044911608501342008,0)   
0.10000000000000001   0.10000000000000001   (0.24101894368356747,0.0087447020665038511)   (0.031436860567103549,-0.0087447020665038511)   (0.48203788736713493,0.017489404133007706)   (0.062873721134206972,-0.017489404133007706)   
0.10000000000000001   1   (0.061861496117290533,-0.016994608691054187)   (0.21059430813338048,0.016994608691054187)   (0.12372299223458104,-0.033989217382108403)   (0.42118861626676091,0.033989217382108403)   
0.10000000000000001   2   (0.11967405803809514,0.02221683511996176)   (0.15278174621257587,-0.02221683511996176)   (0.23934811607619,0.044433670239923527)   (0.30556349242515185,-0.044433670239923527)   
0.10000000000000001   10   (0.060348959698695998,0.016732115276323178)   (0.21210684455197501,-0.016732115276323178)   (0.12069791939739187,0.033464230552646364)   (0.42421368910395002,-0.033464230552646364)   
0.20000000000000001   0   (0.24999999999999997,0)   (0.039911461157468263,0)   (0.49999999999999989,0)   (0.079822922314936456,0)   
0.20000000000000001   0.10000000000000001   (0.24170790978619208,0.015542255043057358)   (0.048203551371276139,-0.015542255043057358)   (0.48341581957238428,0.031084510086114726)   (0.096407102742552125,-0.031084510086114726)   
0.20000000000000001   1   (0.076294213963245053,-0.030205093395357364)   (0.21361724719422318,0.030205093395357364)   (0.15258842792649008,-0.060410186790714769)   (0.4272344943884463,0.060410186790714769)   
0.20000000000000001   2   (0.12967178582653902,0.039486733230929959)   (0.16023967533092923,-0.039486733230929959)   (0.25934357165307775,0.078973466461859931)   (0.32047935066185856,-0.078973466461859931)   
0.20000000000000001   10   (0.074897709143237665,0.029738554962390088)   (0.21501375201423056,-0.029738554962390088)   (0.14979541828647522,0.059477109924780197)   (0.43002750402846113,-0.059477109924780197)   
0.29999999999999999   0   (0.24999999999999994,0)   (0.052920681367835849,0)   (0.49999999999999989,0)   (0.10584136273567156,0)   
0.29999999999999999   0.10000000000000001   (0.24222137724229406,0.020608284012106886)   (0.060699304125541718,-0.020608284012106886)   (0.48444275448458812,0.041216568024213779)   (0.12139860825108327,-0.041216568024213779)   
0.29999999999999999   1   (0.087050520969887205,-0.040050503712573855)   (0.2158701603979486,0.040050503712573855)   (0.17410104193977435,-0.080101007425147766)   (0.43174032079589703,0.080101007425147766)   
0.29999999999999999   2   (0.13712281692193887,0.052357512528196669)   (0.16579786444589692,-0.052357512528196669)   (0.27424563384387746,0.10471502505639335)   (0.33159572889179395,-0.10471502505639335)   
0.29999999999999999   10   (0.085740491303776409,0.039431896148708942)   (0.21718019006405939,-0.039431896148708942)   (0.17148098260755271,0.078863792297417898)   (0.43436038012811867,-0.078863792297417898)   
0.40000000000000002   0   (0.24999999999999997,0)   (0.062314902864599495,0)   (0.49999999999999994,0)   (0.12462980572919885,0)   
0.40000000000000002   0.10000000000000001   (0.24259216249582971,0.024266566174656872)   (0.069722740368769742,-0.024266566174656872)   (0.48518432499165937,0.048533132349313772)   (0.13944548073753935,-0.048533132349313772)   
0.40000000000000002   1   (0.094817868195438748,-0.047160073982799956)   (0.21749703466916073,0.047160073982799956)   (0.18963573639087741,-0.094320147965599982)   (0.43499406933832135,0.094320147965599982)   
0.40000000000000002   2   (0.14250335744301307,0.061651763036626436)   (0.16981154542158641,-0.061651763036626436)   (0.28500671488602586,0.12330352607325291)   (0.33962309084317294,-0.12330352607325291)   
0.40000000000000002   10   (0.093570283990049991,0.046431654218405581)   (0.21874461887454949,-0.046431654218405581)   (0.18714056798009984,0.09286330843681119)   (0.43748923774909898,-0.09286330843681119)   
0.5   0   (0.25,0)   (0.068945155673334632,0)   (0.5,0)   (0.13789031134666913,0)   
0.5   0.10000000000000001   (0.24285385527894529,0.026848508232521783)   (0.076091300394389313,-0.026848508232521783)   (0.48570771055789058,0.053697016465043594)   (0.15218260078877849,-0.053697016465043594)   
0.5   1   (0.1002999058263777,-0.052177865852973106)   (0.21864524984695691,0.052177865852973106)   (0.20059981165275528,-0.10435573170594628)   (0.43729049969391381,0.10435573170594628)   
0.5   2   (0.14630083485129591,0.068211458330146371)   (0.17264432082203868,-0.068211458330146371)   (0.29260166970259166,0.1364229166602928)   (0.34528864164407735,-0.1364229166602928)   
0.5   10   (0.099096394372678684,0.05137194284349933)   (0.21984876130065592,-0.05137194284349933)   (0.19819278874535723,0.10274388568699869)   (0.43969752260131179,-0.10274388568699869)   
0.59999999999999998   0   (0.24999999999999992,0)   (0.073549419621325413,0)   (0.49999999999999983,0)   (0.14709883924265066,0)   
0.59999999999999998   0.10000000000000001   (0.24303558328864666,0.02864149306669983)   (0.080513836332678723,-0.02864149306669983)   (0.48607116657729332,0.057282986133399709)   (0.16102767266535722,-0.057282986133399709)   
0.59999999999999998   1   (0.10410681167956132,-0.055662384297868857)   (0.21944260794176407,0.055662384297868857)   (0.20821362335912252,-0.1113247685957378)   (0.43888521588352797,0.1113247685957378)   
0.59999999999999998   2   (0.14893792710533951,0.072766724836721794)   (0.17461149251598582,-0.072766724836721794)   (0.2978758542106788,0.14553344967344362)   (0.3492229850319718,-0.14553344967344362)   
0.59999999999999998   10   (0.10293390578307825,0.054802640505467883)   (0.22061551383824712,-0.054802640505467883)   (0.20586781156615636,0.10960528101093581)   (0.44123102767649414,-0.10960528101093581)   
0.69999999999999996   0   (0.24999999999999992,0)   (0.076710896638360129,0)   (0.49999999999999983,0)   (0.15342179327672006,0)   
0.69999999999999996   0.10000000000000001   (0.24316036521525039,0.029872630205920382)   (0.083550531423109684,-0.029872630205920382)   (0.48632073043050078,0.059745260411840806)   (0.16710106284621923,-0.059745260411840806)   
0.69999999999999996   1   (0.1067207898304245,-0.058054997993219379)   (0.21999010680793557,0.058054997993219379)   (0.21344157966084892,-0.11610999598643885)   (0.43998021361587103,0.11610999598643885)   
0.69999999999999996   2   (0.15074866312028873,0.075894558195035364)   (0.17596223351807136,-0.075894558195035364)   (0.30149732624057718,0.15178911639007078)   (0.35192446703614272,-0.15178911639007078)   
0.69999999999999996   10   (0.10556889896844524,0.057158298637413445)   (0.22114199766991485,-0.057158298637413445)   (0.2111377979368903,0.11431659727482694)   (0.44228399533982965,-0.11431659727482694)   
0.80000000000000004   0   (0.25,0)   (0.078864913767888581,0)   (0.49999999999999983,0)   (0.15772982753577694,0)   
0.80000000000000004   0.10000000000000001   (0.24324538320080327,0.030711443985805789)   (0.085619530567085295,-0.030711443985805789)   (0.48649076640160654,0.061422887971611613)   (0.17123906113417037,-0.061422887971611613)   
0.80000000000000004   1   (0.10850177817316234,-0.059685163531782527)   (0.22036313559472623,0.059685163531782527)   (0.21700355634632457,-0.11937032706356517)   (0.44072627118945235,0.11937032706356517)   
0.80000000000000004   2   (0.15198237646763832,0.078025652805502346)   (0.17688253730025022,-0.078025652805502346)   (0.30396475293527636,0.15605130561100475)   (0.35376507460050044,-0.15605130561100475)   
0.80000000000000004   10   (0.1073642055377762,0.05876328514852306)   (0.22150070823011234,-0.05876328514852306)   (0.21472841107555224,0.11752657029704616)   (0.44300141646022462,-0.11752657029704616)   
0.90000000000000002   0   (0.25,0)   (0.080324765926122643,0)   (0.49999999999999983,0)   (0.16064953185224506,0)   
0.90000000000000002   0.10000000000000001   (0.24330300283994016,0.031279937193281003)   (0.087021763086182494,-0.031279937193281003)   (0.48660600567988022,0.062559874386562048)   (0.17404352617236479,-0.062559874386562048)   
0.90000000000000002   1   (0.10970881577759621,-0.060789983287914739)   (0.22061595014852642,0.060789983287914739)   (0.21941763155519234,-0.12157996657582958)   (0.44123190029705267,0.12157996657582958)   
0.90000000000000002   2   (0.15281850681594469,0.079469969577102173)   (0.17750625911017792,-0.079469969577102173)   (0.30563701363188911,0.1589399391542044)   (0.35501251822035595,-0.1589399391542044)   
0.90000000000000002   10   (0.10858094710124898,0.059851040203977447)   (0.22174381882487362,-0.059851040203977447)   (0.21716189420249779,0.11970208040795495)   (0.44348763764974725,-0.11970208040795495)   
1   0   (0.24999999999999992,0)   (0.081310611493294424,0)   (0.49999999999999983,0)   (0.16262122298658865,0)   
1   0.10000000000000001   (0.24334191367450972,0.031663843539821372)   (0.087968697818784664,-0.031663843539821372)   (0.48668382734901944,0.063327687079642786)   (0.17593739563756911,-0.063327687079642786)   
1   1   (0.11052393439425134,-0.061536073673138604)   (0.22078667709904301,0.061536073673138604)   (0.22104786878850258,-0.12307214734627731)   (0.44157335419808597,0.12307214734627731)   
1   2   (0.15338314988120735,0.080445324018880673)   (0.17792746161208703,-0.080445324018880673)   (0.30676629976241437,0.1608906480377614)   (0.35585492322417406,-0.1608906480377614)   
1   10   (0.10940261885066388,0.060585606710277379)   (0.2219079926426305,-0.060585606710277379)   (0.21880523770132762,0.12117121342055481)   (0.44381598528526089,-0.12117121342055481)   
1.1000000000000001   0   (0.24999999999999992,0)   (0.081974744407890071,0)   (0.49999999999999983,0)   (0.16394948881577992,0)   
1.1000000000000001   0.10000000000000001   (0.24336812667057378,0.031922469078495816)   (0.088606617737316248,-0.031922469078495816)   (0.48673625334114751,0.063844938156991687)   (0.1772132354746323,-0.063844938156991687)   
1.1000000000000001   1   (0.11107305397306468,-0.062038691120120712)   (0.22090169043482535,0.062038691120120712)   (0.22214610794612924,-0.12407738224024152)   (0.4418033808696506,0.12407738224024152)   
1.1000000000000001   2   (0.15376353201926871,0.081102389394789906)   (0.17821121238862134,-0.081102389394789906)   (0.30752706403853713,0.1622047787895799)   (0.35642242477724267,-0.1622047787895799)   
1.1000000000000001   10   (0.10995615306733164,0.061080460885250105)   (0.22201859134055837,-0.061080460885250105)   (0.21991230613466312,0.12216092177050029)   (0.44403718268111669,-0.12216092177050029)   
1.2   0   (0.24999999999999992,0)   (0.082421418603738333,0)   (0.49999999999999983,0)   (0.16484283720747647,0)   
1.2   0.10000000000000001   (0.24338575667908621,0.032096412203395097)   (0.089035661924652093,-0.032096412203395097)   (0.48677151335817231,0.064192824406790236)   (0.17807132384930399,-0.064192824406790236)   
1.2   1   (0.1114423739403491,-0.06237673526612833)   (0.22097904466338916,0.06237673526612833)   (0.22288474788069809,-0.12475347053225677)   (0.44195808932677821,0.12475347053225677)   
1.2   2   (0.1540193646724915,0.081544310194006236)   (0.17840205393124678,-0.081544310194006236)   (0.30803872934498272,0.16308862038801253)   (0.35680410786249356,-0.16308862038801253)   
1.2   10   (0.11032844217644032,0.061413283707023175)   (0.22209297642729797,-0.061413283707023175)   (0.2206568843528805,0.12282656741404641)   (0.44418595285459583,-0.12282656741404641)   
1.3   0   (0.24999999999999997,0)   (0.082721506791204658,0)   (0.49999999999999994,0)   (0.16544301358240904,0)   
1.3   0.10000000000000001   (0.24339760101070124,0.032213272047904633)   (0.089323905780503379,-0.032213272047904633)   (0.48679520202140247,0.064426544095809307)   (0.17864781156100651,-0.064426544095809307)   
1.3   1   (0.1116904933987992,-0.062603842755215272)   (0.22103101339240538,0.062603842755215272)   (0.22338098679759827,-0.12520768551043063)   (0.4420620267848106,0.12520768551043063)   
1.3   2   (0.15419124018693564,0.08184120491699029)   (0.17853026660426896,-0.08184120491699029)   (0.30838248037387095,0.16368240983398064)   (0.35706053320853792,-0.16368240983398064)   
1.3   10   (0.11057855638721024,0.061636883364808707)   (0.22214295040399437,-0.061636883364808707)   (0.22115711277442029,0.12327376672961747)   (0.44428590080798858,-0.12327376672961747)   
1.3999999999999999   0   (0.25,0)   (0.082922965415269098,0)   (0.49999999999999994,0)   (0.16584593083053792,0)   
1.3999999999999999   0.10000000000000001   (0.24340555248246784,0.032291723731331587)   (0.089517412932801202,-0.032291723731331587)   (0.48681110496493568,0.064583447462663215)   (0.17903482586560215,-0.064583447462663215)   
1.3999999999999999   1   (0.11185706378307526,-0.062756307144608531)   (0.22106590163219381,0.062756307144608531)   (0.22371412756615039,-0.12551261428921717)   (0.44213180326438745,0.12551261428921717)   
1.3999999999999999   2   (0.15430662561727407,0.082040519668061834)   (0.17861633979799499,-0.082040519668061834)   (0.3086132512345478,0.16408103933612375)   (0.35723267959598998,-0.16408103933612375)   
1.3999999999999999   10   (0.11074646591136081,0.061786992836891173)   (0.22217649950390825,-0.061786992836891173)   (0.2214929318227214,0.1235739856737824)   (0.44435299900781644,-0.1235739856737824)   
1.5   0   (0.24999999999999997,0)   (0.083058143800366219,0)   (0.5,0)   (0.16611628760073222,0)   
1.5   0.10000000000000001   (0.24341088790614379,0.032344364673972073)   (0.089647255894222413,-0.032344364673972073)   (0.48682177581228764,0.064688729347944202)   (0.1792945117884446,-0.064688729347944202)   
1.5   1   (0.11196883222017254,-0.062858610483761734)   (0.22108931158019365,0.062858610483761734)   (0.22393766444034491,-0.12571722096752355)   (0.44217862316038725,0.12571722096752355)   
1.5   2   (0.15438404903962355,0.082174259518122905)   (0.17867409476074264,-0.082174259518122905)   (0.30876809807924677,0.16434851903624589)   (0.35734818952148528,-0.16434851903624589)   
1.5   10   (0.11085913290897637,0.061887716030639396)   (0.22219901089138983,-0.061887716030639396)   (0.22171826581795251,0.12377543206127888)   (0.44439802178277965,-0.12377543206127888)   
1.6000000000000001   0   (0.24999999999999992,0)   (0.083148818052771786,0)   (0.49999999999999983,0)   (0.16629763610554335,0)   
1.6000000000000001   0.10000000000000001   (0.24341446677382098,0.032379674891033924)   (0.089734351278950741,-0.032379674891033924)   (0.48682893354764195,0.06475934978206789)   (0.17946870255790126,-0.06475934978206789)   
1.6000000000000001   1   (0.11204380366970605,-0.062927232984242451)   (0.22110501438306568,0.062927232984242451)   (0.22408760733941194,-0.12585446596848499)   (0.4422100287661313,0.12585446596848499)   
1.6000000000000001   2   (0.1544359827192216,0.082263968837496759)   (0.17871283533355012,-0.082263968837496759)   (0.30887196543844292,0.16452793767499363)   (0.35742567066710024,-0.16452793767499363)   
1.6000000000000001   10   (0.11093470709024969,0.06195527860942341)   (0.22221411096252203,-0.06195527860942341)   (0.22186941418049916,0.12391055721884688)   (0.444428221925044,-0.12391055721884688)   
1.7   0   (0.24999999999999997,0)   (0.083209626466339809,0)   (0.49999999999999994,0)   (0.1664192529326794,0)   
1.7   0.10000000000000001   (0.24341686685168268,0.032403354802643995)   (0.089792759614657103,-0.032403354802643995)   (0.48683373370336525,0.064806709605288046)   (0.17958551922931398,-0.064806709605288046)   
1.7   1   (0.11209408139230184,-0.062973252943366448)   (0.22111554507403791,0.062973252943366448)   (0.22418816278460357,-0.12594650588673301)   (0.44223109014807582,0.12594650588673301)   
1.7   2   (0.15447081073912061,0.082324130142924376)   (0.17873881572721917,-0.082324130142924376)   (0.30894162147824095,0.16464826028584884)   (0.35747763145443834,-0.16464826028584884)   
1.7   10   (0.11098538901977233,0.062000587758640806)   (0.22222423744656744,-0.062000587758640806)   (0.22197077803954443,0.12400117551728168)   (0.44444847489313488,-0.12400117551728168)   
1.8   0   (0.24999999999999992,0)   (0.083250399993576404,0)   (0.49999999999999983,0)   (0.16650079998715256,0)   
1.8   0.10000000000000001   (0.24341847616253814,0.032419232762030542)   (0.089831923831038205,-0.032419232762030542)   (0.48683695232507634,0.06483846552406114)   (0.1796638476620761,-0.06483846552406114)   
1.8   1   (0.11212779383390929,-0.06300411045052158)   (0.22112260615966706,0.06300411045052158)   (0.22425558766781845,-0.1260082209010433)   (0.44224521231933395,0.1260082209010433)   
1.8   2   (0.15449416377753461,0.082364469768339804)   (0.17875623621604173,-0.082364469768339804)   (0.30898832755506894,0.16472893953667972)   (0.35751247243208351,-0.16472893953667972)   
1.8   10   (0.11101937249200157,0.062030968650383954)   (0.22223102750157478,-0.062030968650383954)   (0.22203874498400292,0.12406193730076799)   (0.44446205500314956,-0.12406193730076799)   
1.8999999999999999   0   (0.24999999999999997,0)   (0.083277736892946125,0)   (0.49999999999999994,0)   (0.166555473785892,0)   
1.8999999999999999   0.10000000000000001   (0.24341955513636981,0.03242987825206696)   (0.089858181756576269,-0.03242987825206696)   (0.48683911027273963,0.064859756504133975)   (0.17971636351315229,-0.064859756504133975)   
1.8999999999999999   1   (0.11215039657853777,-0.063024799084178573)   (0.22112734031440831,0.063024799084178573)   (0.22430079315707535,-0.12604959816835729)   (0.44225468062881657,0.12604959816835729)   
1.8999999999999999   2   (0.15450982098711075,0.082391515755168357)   (0.17876791590583535,-0.082391515755168357)   (0.30901964197422116,0.1647830315103368)   (0.35753583181167076,-0.1647830315103368)   
1.8999999999999999   10   (0.11104215695102504,0.062051337733871025)   (0.22223557994192103,-0.062051337733871025)   (0.22208431390204986,0.12410267546774215)   (0.44447115988384206,-0.12410267546774215)   
2   0   (0.24999999999999997,0)   (0.083296063875514345,0)   (0.49999999999999994,0)   (0.16659212775102844,0)   
2   0.10000000000000001   (0.24342027849326325,0.032437015115238194)   (0.089875785382251064,-0.032437015115238194)   (0.48684055698652651,0.064874030230476443)   (0.17975157076450191,-0.064874030230476443)   
2   1   (0.11216554972744458,-0.063038668990317667)   (0.22113051414806975,0.063038668990317667)   (0.22433109945488897,-0.12607733798063545)   (0.44226102829613939,0.12607733798063545)   
2   2   (0.15452031776668648,0.082409647706507952)   (0.17877574610882782,-0.082409647706507952)   (0.30904063553337269,0.16481929541301601)   (0.35755149221765564,-0.16481929541301601)   
2   10   (0.11105743192342414,0.062064993409774491)   (0.22223863195209018,-0.062064993409774491)   (0.22211486384684806,0.12412998681954905)   (0.4444772639041803,-0.12412998681954905)   
3   0   (0.24999999999999997,0)   (0.083332650644470152,0)   (0.49999999999999994,0)   (0.16666530128894003,0)   
3   0.10000000000000001   (0.24342172255485023,0.032451262674155386)   (0.089910928089619882,-0.032451262674155386)   (0.48684344510970046,0.064902525348310841)   (0.17982185617923943,-0.064902525348310841)   
3   1   (0.11219580046599047,-0.063066357948358659)   (0.22113685017847967,0.063066357948358659)   (0.22439160093198077,-0.12613271589671746)   (0.44227370035695918,0.12613271589671746)   
3   2   (0.15454127283922442,0.082445845128091652)   (0.17879137780524568,-0.082445845128091652)   (0.30908254567844851,0.16489169025618347)   (0.35758275561049147,-0.16489169025618347)   
3   10   (0.1110879258622868,0.062092254692822861)   (0.22224472478218332,-0.062092254692822861)   (0.22217585172457338,0.12418450938564582)   (0.44448944956436659,-0.12418450938564582)   
4   0   (0.24999999999999992,0)   (0.083333320829425628,0)   (0.49999999999999983,0)   (0.16666664165885084,0)   
4   0.10000000000000001   (0.24342174900671734,0.03245152365646977)   (0.089911571822708217,-0.03245152365646977)   (0.48684349801343463,0.064903047312939624)   (0.17982314364541607,-0.064903047312939624)   
4   1   (0.11219635458952867,-0.063066865146005249)   (0.2211369662398969,0.063066865146005249)   (0.22439270917905704,-0.12613373029201069)   (0.44227393247979363,0.12613373029201069)   
4   2   (0.15454165668766898,0.082446508181104078)   (0.1787916641417566,-0.082446508181104078)   (0.30908331337533756,0.16489301636220832)   (0.35758332828351319,-0.16489301636220832)   
4   10   (0.11108848444069212,0.062092754056453106)   (0.22224483638873346,-0.062092754056453106)   (0.22217696888138389,0.12418550811290636)   (0.44448967277746682,-0.12418550811290636)   
5   0   (0.24999999999999997,0)   (0.083333333104316412,0)   (0.49999999999999983,0)   (0.16666666620863232,0)   
5   0.10000000000000001   (0.24342174949120118,0.032451528436537383)   (0.089911583613115187,-0.032451528436537383)   (0.48684349898240237,0.064903056873074863)   (0.17982316722622987,-0.064903056873074863)   
5   1   (0.1121963647386761,-0.063066874435673201)   (0.22113696836564029,0.063066874435673201)   (0.22439272947735184,-0.12613374887134662)   (0.44227393673128035,0.12613374887134662)   
5   2   (0.1545416637181129,0.082446520325368478)   (0.1787916693862035,-0.082446520325368478)   (0.30908332743622535,0.16489304065073715)   (0.35758333877240689,-0.16489304065073715)   
5   10   (0.11108849467143345,0.062092763202635751)   (0.22224483843288292,-0.062092763202635751)   (0.22217698934286645,0.12418552640527167)   (0.44448967686576574,-0.12418552640527167)   
