-6   6

-5   6
-5   5
-5   4.9999999999999991
-5   5
-5   5
-5   5.0000000000000009
-5   5
-5   5
-5   5
-5   5
-5   5
-5   5

-4   4.581319023145948
-4   4.5110319923865516
-4   4.5110319923865472
-4   4.359459085547571
-4   4.359459085547571
-4   4.2125444388931577
-4   4.2125444388931559
-4   4.1008196730268835
-4   4.1008196730268827
-4   4.0271499078118804
-4   4.0271499078118778
-4   4.0000000000000009
-4   4.5206699446069507
-4   4.3165349037905818
-4   4.3165349037905818
-4   4.4867766184074744
-4   4.3724133650823438
-4   4.372413365082342
-4   4.0526629816683455
-4   4.0526629816683473
-4   4.1525121955482396
-4   4.1525121955482378
-4   4.0105240980204639
-4   4.0105240980204639
-4   5.077209654060618
-4   4.6025960191018234
-4   4.6025960191018251
-4   4.2186989499770995
-4   4.2186989499770968
-4   4.8096728430402322
-4   4.8096728430402322
-4   4.6100041872874273
-4   4.6100041872874264
-4   4.5507991273391752
-4   4.7074342156054572
-4   4.7074342156054518
-4   4.0386869122031746
-4   4.038686912203171
-4   4.0372559441263141
-4   4.0372559441263141
-4   3.9999999999999991
-4   4.0108609966164215
-4   4.0108609966164215
-4   4.0638419564049242
-4   4.0004531504985312
-4   4.0004531504985321
-4   4.0492823652809173
-4   4.0492823652809129
-4   4.0337062087298472
-4   4.0337062087298481
-4   4.019017113105317
-4   4.0190171131053161
-4   4.0134783851675158
-4   4.0000000000000009
-4   4.0038675043828116
-4   4.0038675043828107
-4   4.000043667863987
-4   4.000043667863987
-4   4.0009123327040088
-4   4.0001018919061284
-4   4.0001018919061293
-4   4.00032381532617
-4   4.0003238153261691
-4   4.0026179685428609
-4   4.0026179685428609
-4   4.0034361922047657

-3   3.752993764292448
-3   3.708107121066055
-3   3.7081071210660523
-3   3.5879988477423819
-3   3.5879988477423792
-3   3.4295631028271929
-3   3.4295631028271871
-3   3.2771338113240942
-3   3.2771338113240907
-3   3.1690503019081646
-3   3.1690503019081633
-3   3.1301834691917914
-3   3.9288393459914568
-3   3.8104991133805379
-3   3.8104991133805326
-3   3.5639052257506503
-3   3.5639052257506476
-3   3.3954326680514528
-3   3.3954326680514524
-3   3.4044495229839007
-3   3.404449522983898
-3   3.5067257678442383
-3   3.5067257678442338
-3   3.5611962063969171
-3   3.0000000000000022
-3   3.1127608462427205
-3   3.1127608462427192
-3   3.3317139009579844
-3   3.331713900957983
-3   3.4734484427936279
-3   3.4734484427936247
-3   3.4828321823139921
-3   3.4828321823139894
-3   3.4217192873399465
-3   3.4217192873399438
-3   3.3862408705123141
-3   4.7478668002300104
-3   3.7508296487353476
-3   3.7508296487353414
-3   4.4389443260024324
-3   4.4389443260024306
-3   3.8417993790145077
-3   3.8417993790144989
-3   3.8176375545502825
-3   3.8176375545502799
-3   3.855281464769635
-3   3.8552814647696367
-3   3.372572533242157
-3   3.3725725332421539
-3   3.6368266577773092
-3   3.6368266577773127
-3   3.4714459129638175
-3   2.9999999999999996
-3   3.5831007622850573
-3   3.5831007622850501
-3   3.6904319373742176
-3   3.8105087168038789
-3   3.8105087168038798
-3   3.6825684871528308
-3   3.2043908207187872
-3   3.2043908207188583
-3   3.5231540669094006
-3   3.5231540669094645
-3   3.4634049197458268
-3   3.4634049197458214
-3   3.2085257865054588
-3   3.2085257865054562
-3   3.3038349090990238
-3   3.3038349090990216
-3   3.3960771248831239
-3   3.3960771248831279
-3   3.5082356048515644
-3   3.615875553137645
-3   3.615875553137653
-3   3.5629208148877476
-3   3.5629208148877485
-3   3.5880049756322885
-3   3.1839632252541841
-3   3.1839632252541832
-3   3.4125817161114993
-3   3.4125817161115002
-3   3.2591065345133829
-3   3.2591065345133843
-3   3.3212899470532222
-3   3.32128994705322
-3   3.5613516741306741
-3   3.275242819797048
-3   3.2752428197970507
-3   3.4059123539490788
-3   3.5092317664922215
-3   3.1674391018964818
-3   3.16743910189648
-3   3.2517618461914997
-3   3.251761846191501
-3   3.1786060322851375
-3   3.1786060322851371
-3   3.3741812781082481
-3   3.2061467514030975
-3   3.2061467514030957
-3   3.1938392091295089
-3   3.1938392091295027
-3   3.2006123361723811
-3   3.2006123361723779
-3   3.3996589251276603
-3   3.399658925127659
-3   3.0000000000000013
-3   3.1498999403192816
-3   3.1498999403192802
-3   3.2043541144460654
-3   3.2043541144460645
-3   3.1112360895132261
-3   3.1112360895132225
-3   3.3131218858564422
-3   3.0085595312619198
-3   3.0085595312619193
-3   3.0000000000000004
-3   3.0182695968102928
-3   3.0182695968102933
-3   3.0768179508096156
-3   3.0768179508096138
-3   4.2353509889133614
-3   3.6085135773399903
-3   3.6085135773399886
-3   3.8429215402737746
-3   3.8429215402737738
-3   3.932700702145576
-3   3.5451460396278058
-3   3.5451460396278041
-3   3.9911182292190581
-3   3.9911182292190563
-3   3.8814215750830829
-3   3.8814215750830829
-3   3.2551424515458609
-3   3.25514245154586
-3   3.3749442164729717
-3   3.1805556092405918
-3   3.1805556092405931
-3   3.3721787532793126
-3   3.3721787532793139
-3   3.3251062963127831
-3   3.3251062963127787
-3   3.41142047745423
-3   3.4114204774542305
-3   3.4240132851794884
-3   3.0000000000000009
-3   3.2504229752672145
-3   3.2504229752672154
-3   3.352928822687633
-3   3.3529288226876384
-3   3.1791395672253531
-3   3.1791395672253522
-3   3.6272533241354017
-3   3.6272533241353928
-3   3.416705713745567
-3   3.4167057137455781
-3   3.656285847943777
-3   3.1506798577353741
-3   3.1506798577353932
-3   3.2818845488715391
-3   3.3296726991124008
-3   3.3296726991124057
-3   3.3295861933407682
-3   3.3295861933407673
-3   3.0365649189522252
-3   3.0365649189522257
-3   3.2562404266002472
-3   3.2562404266002547
-3   3.077358700162224
-3   3.1850741490330914
-3   3.1850741490330803
-3   3.0700627338683004
-3   3.201716234980061
-3   3.2017162349800614
-3   3.2780511858755319
-3   3.278051185875531
-3   3.120352850745491
-3   3.120352850745495
-3   3.3198835059826126
-3   3.3198835059826108
-3   3.0000000000000013
-3   3.8369668012341416
-3   3.7178471566642717
-3   3.7178471566642743
-3   3.7459099488226997
-3   3.7459099488227015
-3   3.6362896608678792
-3   3.6362896608678774
-3   3.5783821613569824
-3   3.5490327203233649
-3   3.5490327203233649
-3   3.5231450643933835
-3   3.4292892995522601
-3   3.4292892995522566
-3   3.1918309478247795
-3   3.1918309478247764
-3   3.3638794825899487
-3   3.3638794825899505
-3   3.5658555751598016
-3   3.4604762474747286
-3   3.4604762474747273
-3   3.1721462852142785
-3   3.1497540966023565
-3   3.1497540966023574
-3   3.3998282497371726
-3   3.3998282497371735
-3   3.0617211447841717
-3   3.0617211447841752
-3   3.2178149090350696
-3   3.2178149090350692
-3   3.0209021607761222
-3   3.0209021607761231
-3   3.0322773012259012
-3   3.0322773012259012
-3   3.1349689432522996
-3   3.0000000000000004
-3   3.0642977794987307
-3   3.0642977794987325
-3   3.0049323656190294
-3   3.0049323656190303
-3   3.0060887605452025

-2   3.0981203780596434
-2   3.0521280885775104
-2   3.0521280885774948
-2   2.923780578400093
-2   2.9237805784000757
-2   2.7413697088516757
-2   2.7413697088516651
-2   2.5494121541026598
-2   2.5494121541026447
-2   2.4017308419557706
-2   2.401730841955759
-2   2.3459481381151868
-2   3.157862465628313
-2   3.0646021402509414
-2   3.0646021402509298
-2   2.8661646721109406
-2   2.8661646721109562
-2   2.7469132516005601
-2   2.7469132516005583
-2   2.815166017865443
-2   2.8151660178654465
-2   2.9760457339866742
-2   2.9760457339866697
-2   3.0553927229117548
-2   2.6939767421892333
-2   2.6939767421892218
-2   2.5079802810684204
-2   2.5079802810683978
-2   2.4098719157499264
-2   2.7804805640381822
-2   2.7804805640381773
-2   2.6890091667254681
-2   2.6890091667254548
-2   2.5042035974325314
-2   2.5042035974325243
-2   2.4085311006622128
-2   3.5325904804873725
-2   3.4564887661399482
-2   3.4564887661399397
-2   3.3486232066817667
-2   3.3486232066817645
-2   3.2397917657607342
-2   3.2397917657607254
-2   3.0861149316311454
-2   3.0861149316311298
-2   2.9760918228196127
-2   2.9760918228196123
-2   2.9471280296670734
-2   2.7598269041856667
-2   2.7598269041856445
-2   2.7996529366858134
-2   2.7996529366858125
-2   2.726394450911505
-2   2.5777507451091193
-2   2.5777507451091202
-2   2.4307648775781301
-2   2.4761006400163579
-2   2.4761006400163614
-2   2.5112442917150921
-2   2.5112442917151112
-2   2.7626496498443665
-2   2.7228338535013883
-2   2.7228338535013648
-2   2.7181923059200805
-2   2.7181923059200574
-2   2.757237145517931
-2   2.7572371455179354
-2   2.7589315598973205
-2   2.7589315598973134
-2   2.7631649571497272
-2   2.7631649571497396
-2   2.77545575919022
-2   2.6941926578115392
-2   2.6941926578115076
-2   2.5739458186370836
-2   2.6714440726649848
-2   2.6714440726649351
-2   2.6693757067872128
-2   2.6693757067871982
-2   2.5594231950300417
-2   2.5594231950300164
-2   2.6597720335932564
-2   2.5884493399764383
-2   2.5884493399764343
-2   2.8870251477674063
-2   2.9037330118479368
-2   2.9037330118478986
-2   2.8655149165509166
-2   2.8655149165508762
-2   2.755544779693571
-2   2.7555447796934533
-2   2.8097914076011237
-2   2.613495131576812
-2   2.613495131576633
-2   2.7101565470417772
-2   2.7101565470417692
-2   2.4153586501545155
-2   2.4153586501544781
-2   2.2654026338704623
-2   2.5370851104361178
-2   2.5370851104361032
-2   2.3834815620790364
-2   2.3834815620791749
-2   2.2871205521728637
-2   2.2871205521730582
-2   2.2986737632763004
-2   2.2986737632762639
-2   2.3636047314041924
-2   3.5735813475825129
-2   3.3220793754846474
-2   3.3220793754846456
-2   3.2146598812627105
-2   3.214659881262707
-2   2.9047023979487818
-2   2.9047023979487885
-2   2.909128275271434
-2   2.9091282752714158
-2   3.0035741033762458
-2   3.0035741033762422
-2   3.0683972570732223
-2   3.036547604163911
-2   2.8828847855440749
-2   2.8828847855440705
-2   2.9934377767618185
-2   2.9934377767618177
-2   2.8656758472733634
-2   2.8656758472733599
-2   2.8029743566324297
-2   2.8029743566324385
-2   2.8669061433977325
-2   2.8669061433977321
-2   2.7536329326275091
-2   2.8187917336788395
-2   2.7931907870553441
-2   2.7931907870553454
-2   2.7285675749733542
-2   2.7429057944181232
-2   2.7429057944181112
-2   2.6895122866259071
-2   2.9761373062284417
-2   2.9522901423965826
-2   2.9522901423964312
-2   2.5905762282827665
-2   2.5905762282827554
-2   2.6289301316333424
-2   2.6289301316333313
-2   2.7214849653505966
-2   2.7214849653505917
-2   2.828252428019665
-2   2.8282524280196757
-2   2.5667008977878067
-2   2.7091896572584733
-2   2.7091896572583041
-2   2.6046149272181451
-2   2.6046149272181349
-2   2.411832618776828
-2   2.4118326187768209
-2   2.4540413847262017
-2   2.4540413847261986
-2   2.2910510023104065
-2   2.2910510023104043
-2   2.1781315273425803
-2   2.1393799146654882
-2   2.2560158425006729
-2   2.2560158425006698
-2   2.4737673626995562
-2   2.4737673626995558
-2   2.6125474136872535
-2   2.6125474136872544
-2   2.466166742866188
-2   2.466166742866184
-2   2.5240911334258818
-2   2.5240911334258747
-2   2.3316551275423483
-2   3.9866600261341825
-2   3.2010792472711787
-2   3.2010792472711738
-2   3.452344086660601
-2   3.4523440866605912
-2   3.3704223641821067
-2   3.3704223641821041
-2   3.1858298572253054
-2   3.1858298572253085
-2   3.2474590590656542
-2   3.2474590590656471
-2   3.1135663949193755
-2   3.4810485687371373
-2   2.9815998594704909
-2   2.9815998594704842
-2   3.0916581306611177
-2   3.0916581306611173
-2   3.1951096657033511
-2   3.195109665703348
-2   2.6643232515570214
-2   2.6643232515570152
-2   3.23654738474854
-2   3.2365473847485409
-2   2.4266420346544471
-2   2.8436913290661034
-2   3.1054349592100499
-2   3.1054349592100481
-2   2.8416511131790432
-2   2.8416511131790405
-2   3.1035946418817755
-2   3.103594641881775
-2   3.0059407817289143
-2   3.0059407817289121
-2   3.4311986930051259
-2   3.4311986930051273
-2   3.0173981675984818
-2   2.8193518572863661
-2   2.8193518572863656
-2   3.2306854096567594
-2   3.2306854096567559
-2   2.8581864064862152
-2   2.8280173218052806
-2   2.8362121967196403
-2   2.836212196719631
-2   2.7631274226488847
-2   2.4770329597525191
-2   2.6340713821311539
-2   2.6340713821311375
-2   2.8743130457333228
-2   2.8743130457333179
-2   2.836797253975234
-2   2.8367972539752291
-2   2.8702643430871393
-2   2.8702643430871411
-2   2.4651591602083087
-2   2.4651591602083118
-2   2.659234673526838
-2   2.6592346735268371
-2   2.6545133598522384
-2   2.6545133598522419
-2   2.9951607083430485
-2   2.9951607083430476
-2   2.6852991030681448
-2   2.6852991030681426
-2   2.7688799733318934
-2   2.7688799733318907
-2   2.6748658129909324
-2   2.6748658129909337
-2   2.6289904278608938
-2   2.6289904278608938
-2   2.7804686406201085
-2   2.8385795501855653
-2   3.0000000000000013
-2   2.6602820850170188
-2   2.6602820850170183
-2   2.4613864658127209
-2   2.4613864658127249
-2   2.7224577929868325
-2   2.7224577929868334
-2   2.8235098078976515
-2   2.4214168593533651
-2   2.4214168593533669
-2   2.4756490855772832
-2   2.4756490855772819
-2   2.5003188062043944
-2   2.7468901743488074
-2   2.746890174348807
-2   2.8638411798258403
-2   2.8638411798258412
-2   2.7684620250153475
-2   2.4971894957154595
-2   2.4971894957154595
-2   2.6898420983497031
-2   2.6898420983497044
-2   2.5343453354857828
-2   2.5343453354857823
-2   2.6400996824759568
-2   2.6400996824759591
-2   2.6238202689108228
-2   2.6238202689108223
-2   2.4268991345113009
-2   2.5119660365688143
-2   2.5119660365688143
-2   2.5251718091230795
-2   2.5251718091230777
-2   2.7435167367239925
-2   2.7435167367239899
-2   2.4648942259783473
-2   2.243816811540345
-2   2.4837193318185244
-2   2.4837193318185222
-2   2.5124508510943184
-2   2.5124508510943206
-2   2.398966189208986
-2   2.3989661892089846
-2   2.4412518516937527
-2   2.4412518516937549
-2   2.5764842162374952
-2   2.5764842162374961
-2   2.3604448246205036
-2   2.3628987680158766
-2   2.3628987680158779
-2   2.436905790625755
-2   2.5481230623767863
-2   2.5481230623767863
-2   2.5626446907840394
-2   2.3124357971984528
-2   2.3124357971984564
-2   2.4264268492417096
-2   2.4264268492417091
-2   2.2844029210559986
-2   2.2844029210559982
-2   2.2523301085586356
-2   2.3682591933281154
-2   2.3682591933281145
-2   2.2946231224418163
-2   2.2946231224418154
-2   2.2026352294231395
-2   2.2026352294231408
-2   2.5409070148472024
-2   2.4673084169341957
-2   2.4673084169341988
-2   2.3881348414380281
-2   2.3881348414380317
-2   2.6309173032002686
-2   2.4166010944846694
-2   2.4166010944846694
-2   2.2460751076272287
-2   2.2460751076272265
-2   2.2502841629510542
-2   2.2502841629510546
-2   2.4162399902201308
-2   2.4162399902201313
-2   2.3431630034893058
-2   2.3431630034893112
-2   2.5951622245502142
-2   3.8366422994196512
-2   2.8364939431126404
-2   2.8364939431126421
-2   3.7292999682492241
-2   3.7292999682492249
-2   2.775805684416778
-2   2.7758056844167776
-2   2.9785880776588667
-2   2.9785880776588711
-2   3.6369800856180339
-2   2.7627188625708654
-2   2.7627188625708676
-2   3.2442109578650338
-2   2.6771510006318735
-2   2.6771510006318819
-2   3.0122418250021772
-2   3.0122418250021821
-2   3.2187814835655182
-2   3.2187814835655058
-2   3.1984971181273907
-2   2.9110127082502553
-2   2.9110127082502566
-2   3.1743754570738658
-2   2.6984552024732835
-2   2.6984552024732813
-2   3.1156474898140392
-2   3.1156474898140223
-2   2.748590657002878
-2   2.7485906570028997
-2   2.8390097779295607
-2   2.8390097779295824
-2   2.812617233096963
-2   2.8126172330969679
-2   2.5474538848374313
-2   2.6224173659052012
-2   2.6798725983369374
-2   2.679872598336912
-2   3.0145254162203363
-2   2.6596690205485092
-2   2.6596690205485172
-2   3.0246832519510356
-2   3.0246832519510209
-2   2.8304928304111678
-2   2.8304928304112131
-2   2.830593886386338
-2   2.8305938863863664
-2   2.569364387685122
-2   2.5693643876851633
-2   2.862768517691832
-2   2.5762316221639967
-2   3.0229028079469344
-2   3.0229028079469367
-2   2.7288173345342672
-2   2.7288173345342672
-2   2.6577412503688134
-2   2.6577412503688076
-2   2.6677618024281959
-2   2.6677618024281946
-2   2.7171875035613109
-2   2.627390919586555
-2   2.6273909195865461
-2   2.6068248089995141
-2   2.6068248089995198
-2   2.7167307459982748
-2   2.7167307459982823
-2   2.6390723452533305
-2   2.6390723452533358
-2   2.2697270082656615
-2   2.5120962614632822
-2   2.5120962614632818
-2   2.4742502182719819
-2   2.4742502182719925
-2   2.7402467186334349
-2   2.7016045163164706
-2   2.7016045163164684
-2   2.6046321178169856
-2   2.6046321178169873
-2   2.360461743362996
-2   2.3604617433630053
-2   2.4023149784162068
-2   2.4023149784162103
-2   2.6929767149733039
-2   2.5225444074369072
-2   2.2953640307660383
-2   2.2953640307660437
-2   2.4407008508942303
-2   2.4407008508942436
-2   2.5481181674203492
-2   2.5481181674203492
-2   2.2662099821561412
-2   2.1022564840140245
-2   2.1022564840140272
-2   2.4332882423194424
-2   2.4332882423194473
-2   2.1534680823763894
-2   2.1534680823763916
-2   2.4588600702592083
-2   2.3567198887812992
-2   2.3567198887813015
-2   2.4096574812554961
-2   2.4096574812554978
-2   2.4422248572538638
-2   2.4422248572538674
-2   2.2869211643246996
-2   2.2586191378370137
-2   2.2586191378370213
-2   2.3442065604451954
-2   2.3442065604451976
-2   2.4244374250280174
-2   2.4244374250280187
-2   2.3246160405982361
-2   2.3246160405982392
-2   2.0245605886588183
-2   2.228826805484017
-2   2.3376488053344668
-2   2.3376488053344726
-2   2.2608015927000884
-2   2.2608015927000915
-2   2.1245584298312314
-2   2.1245584298312337
-2   2.3684037066962609
-2   2.3684037066962693
-2   2.0408815179425863
-2   2.2959964135675666
-2   2.2959964135675661
-2   2.0181948487518491
-2   2.8694281482720054
-2   2.8840852870953153
-2   2.8840852870953202
-2   2.8218767580968027
-2   2.8218767580968085
-2   2.7966656336188951
-2   2.7966656336188955
-2   2.8211242753667842
-2   2.8211242753667909
-2   2.7113670912012995
-2   2.7113670912012973
-2   2.7137963339429922
-2   2.7137963339429958
-2   2.6877672500603036
-2   2.6877672500603036
-2   2.688189511532427
-2   2.6589985264330571
-2   2.6454905747955806
-2   2.6454905747955846
-2   2.5030778354203314
-2   2.5030778354203393
-2   2.5463855861363669
-2   2.4558665164503011
-2   2.4558665164503055
-2   2.4134611804584765
-2   2.3423252890960069
-2   2.3423252890960136
-2   2.3530780366647983
-2   2.3530780366648019
-2   2.2528027372755455
-2   2.2528027372755512
-2   2.195838025382117
-2   2.1958380253821184
-2   2.3321939790396629
-2   2.1173890263386324
-2   2.117389026338639
-2   2.503276757182558
-2   2.5032767571825585
-2   2.49344588381993

-1   2.6525807296223984
-1   2.6005360558477006
-1   2.6005360558476469
-1   2.4537867849265131
-1   2.4537867849264678
-1   2.2409365286549932
-1   2.2409365286549345
-1   2.0104558862924917
-1   2.0104558862924455
-1   1.8275479753884252
-1   1.8275479753883936
-1   1.7569486982810445
-1   2.7305258535150636
-1   2.6314576146694209
-1   2.6369337722032715
-1   2.6369337722033666
-1   2.5519159587732525
-1   2.5519159587731388
-1   2.4210334125074375
-1   2.4210334125076449
-1   2.3731866484388346
-1   2.3731866484384749
-1   2.2829351761866383
-1   2.2829351761866272
-1   2.2918208068162578
-1   2.2918208068162444
-1   2.1837310060758406
-1   2.1837310060755972
-1   2.1623915004577952
-1   2.1623915004581331
-1   1.9574666603779107
-1   1.9574666603777731
-1   1.9260301341950967
-1   1.9260301341951922
-1   1.8444822504855773
-1   1.8110451457837033
-1   2.9493727559789398
-1   2.9094924207859614
-1   2.9094924207859512
-1   2.8047922449234761
-1   2.8047922449234566
-1   2.6591894405334098
-1   2.6591894405333982
-1   2.5032274806259811
-1   2.5032274806259927
-1   2.3862169587759094
-1   2.3862169587758828
-1   2.3445774216216941
-1   2.5665992956329795
-1   2.533422646942169
-1   2.5334226469421681
-1   2.4535708008962436
-1   2.4535708008962214
-1   2.3607820081610815
-1   2.3607820081610753
-1   2.2682814725492375
-1   2.2682814725492171
-1   2.1858518102499254
-1   2.1858518102499152
-1   2.1497223457599581
-1   2.1522260467726206
-1   2.152226046772586
-1   2.1843412817405308
-1   2.1843412817405388
-1   2.1869655550019629
-1   2.0808211615236836
-1   2.0808211615236738
-1   1.9685882450455607
-1   1.9780032157566816
-1   1.9780032157566709
-1   2.0131687174954016
-1   2.0131687174954096
-1   2.0978116457636342
-1   2.0978116457636569
-1   2.1591744391649845
-1   2.1591744391649774
-1   2.0295864122900569
-1   2.029586412289992
-1   2.2748215138927734
-1   2.2748215138927339
-1   2.3470640502244562
-1   1.8930052397164046
-1   1.8930052397164845
-1   1.7982875100339926
-1   2.2395085990848886
-1   2.2724316007075935
-1   2.2724316007074301
-1   1.9267140392066491
-1   2.2619502708468797
-1   2.2619502708468797
-1   1.8934227069248419
-1   1.8934227069248499
-1   2.1138386585131563
-1   2.1138386585130005
-1   1.9351248895990514
-1   1.935124889599162
-1   2.4211054941624197
-1   2.3627980749967743
-1   2.3627980749968835
-1   2.2102551877067738
-1   2.2102551877067755
-1   2.0207107123191905
-1   2.0207107123193211
-1   1.8432397136143659
-1   1.8432397136143099
-1   1.6985255119521701
-1   1.698525511952071
-1   1.6368982665687679
-1   3.4666891311143204
-1   2.7675452181988796
-1   2.7675452181988756
-1   2.7170344961156583
-1   3.0092934311662369
-1   3.009293431166228
-1   3.1069877831626442
-1   3.1069877831626651
-1   2.6994151443639298
-1   2.6994151443639267
-1   2.5696489559600373
-1   2.5696489559600182
-1   2.2943843783622397
-1   2.2943843783622415
-1   2.7344820862760071
-1   2.7344820862760217
-1   2.8547111892788806
-1   2.8547111892788752
-1   2.3710982978011139
-1   2.371098297801121
-1   2.9250363178798122
-1   2.1300703997592385
-1   2.130070399759016
-1   1.9787432061397725
-1   2.310318851761616
-1   2.0907563257489508
-1   2.0907563257491599
-1   2.4586781527887327
-1   2.1916690949462581
-1   2.191669094946239
-1   2.1667433270442737
-1   2.166743327044252
-1   2.4010230170300284
-1   2.4010230170300177
-1   1.9129169270105799
-1   1.9129169270105693
-1   2.4964270768171244
-1   2.4964270768171217
-1   1.8536989358796911
-1   1.8536989358796885
-1   2.2029614807025091
-1   2.202961480702514
-1   1.9176388316522446
-1   1.9176388316522615
-1   2.4536758084392218
-1   2.2733371948084677
-1   2.1680063073835396
-1   2.1680063073835529
-1   2.3128575605043458
-1   1.9262239111786834
-1   1.9262239111786936
-1   1.5770564788858352
-1   2.1497086652419219
-1   2.1497086652419206
-1   2.0736236966806905
-1   2.0736236966807051
-1   1.7906988383781237
-1   1.7906988383781139
-1   1.7885419671634994
-1   1.7885419671634866
-1   2.1970223241577966
-1   2.197022324157798
-1   2.1425188896290703
-1   2.1425188896290703
-1   2.1290882564704963
-1   2.1290882564704914
-1   1.7856783452054876
-1   1.752783915233123
-1   1.9528727752724602
-1   1.9528727752724411
-1   1.7811795679636675
-1   1.7811795679636759
-1   2.2090977838390873
-1   2.2090977838390882
-1   2.2146358312827972
-1   2.2146358312827679
-1   1.9392979479047798
-1   1.9392979479047887
-1   1.9325574410421704
-1   1.9325574410421553
-1   2.282320121201185
-1   2.0575846250557244
-1   2.0575846250557204
-1   1.8043265788248157
-1   2.9992862717710289
-1   2.8100053633529418
-1   2.8100053633529374
-1   2.7164933835749259
-1   2.7164933835749192
-1   2.7817082685714274
-1   2.7817082685714332
-1   2.6540510404531212
-1   2.6493777109205063
-1   2.6493777109205126
-1   2.5803685209552709
-1   2.5803685209552776
-1   2.5402920773727344
-1   2.5402920773727296
-1   2.5622579067743652
-1   2.5622579067743625
-1   2.3369956894005925
-1   2.3369956894005921
-1   2.3485087343690982
-1   2.3485087343690969
-1   2.2185229237547492
-1   2.2185229237547679
-1   2.150881622774782
-1   2.2441469921183166
-1   2.6515632872239068
-1   2.5578356634903647
-1   2.5578356634903674
-1   2.4308219390358432
-1   2.4284849918726064
-1   2.428484991872605
-1   2.4148591280641072
-1   2.4148591280641041
-1   2.3502302503637362
-1   2.3502302503637367
-1   2.2989190097365868
-1   2.298919009736581
-1   2.7695067558978614
-1   2.769506755897857
-1   2.5260636273876851
-1   2.5260636273876882
-1   2.6075495000029743
-1   2.4957005881458638
-1   2.4957005881458674
-1   2.8470171210112492
-1   2.55851826331619
-1   2.5585182633161869
-1   2.2578197764876857
-1   2.2578197764876937
-1   2.5188316144860541
-1   2.1272981147360706
-1   2.4347504905276232
-1   2.4347504905276249
-1   2.3151407717242836
-1   2.3151407717242938
-1   2.3974657436100895
-1   2.3974657436100872
-1   2.2239819252230228
-1   2.2239819252230211
-1   2.1417661292804988
-1   2.1417661292805019
-1   2.2970221230427339
-1   2.2970221230427703
-1   2.4199766019131577
-1   2.4199766019131448
-1   2.1616571292693294
-1   2.1616571292693854
-1   2.2466466451329041
-1   2.2466466451328655
-1   2.1543896119103487
-1   2.1543896119102883
-1   2.3302292395924495
-1   2.3302292395924575
-1   2.0868775633447951
-1   2.0868775633449999
-1   2.4738340884566283
-1   2.0323431090669093
-1   2.032343109066709
-1   2.2293135258253809
-1   2.2593670184292796
-1   2.2593670184293053
-1   1.7203400295518723
-1   1.8493065669499487
-1   1.8493065669499456
-1   1.7895558324379177
-1   2.2825830054621834
-1   2.282583005462179
-1   2.2284904657780236
-1   2.2284904657779694
-1   2.1827771379720704
-1   2.182777137972129
-1   2.1716714432284809
-1   2.1716714432284836
-1   2.0436123424190766
-1   2.043612342419062
-1   2.0628756682826439
-1   2.0628756682826421
-1   1.8675577433352295
-1   2.1255644746315419
-1   2.125564474631596
-1   2.0321701146063806
-1   2.2512555719160825
-1   2.2512555719160328
-1   2.0821407800527081
-1   2.0821407800527116
-1   2.0066652313515307
-1   2.006665231351541
-1   2.1340264626203083
-1   2.0461206444707152
-1   2.2155898419063806
-1   2.1599327437655633
-1   2.1599327437655345
-1   1.9873485427334154
-1   1.9070703318878435
-1   1.9070703318878355
-1   1.9266681925447213
-1   1.9266681925447071
-1   1.9552619841390757
-1   2.0079516063102787
-1   2.0079516063102774
-1   1.9399551033399498
-1   1.9399551033399489
-1   1.8600561299032869
-1   1.860056129903314
-1   1.9030435173830544
-1   1.9030435173830642
-1   1.7800036640082091
-1   1.7800036640082189
-1   1.8813726196573537
-1   1.6672373237076639
-1   1.6672373237076643
-1   1.698931297921439
-1   1.6989312979214422
-1   1.9180896233261491
-1   1.8325916816319867
-1   1.8424060970161782
-1   1.8424060970161711
-1   1.7843829151595889
-1   1.784382915159592
-1   1.7668198084491591
-1   1.7668198084491626
-1   1.7482955359026073
-1   1.7482955359026096
-1   1.6805972018771929
-1   1.6805972018772013
-1   3.5550289073964292
-1   2.949144907466994
-1   2.9491449074670166
-1   2.6434084993501781
-1   2.643408499350179
-1   2.7858133017191067
-1   2.7858133017191018
-1   2.8008286604824852
-1   2.8008286604824932
-1   2.9899831636186875
-1   2.924705767632195
-1   2.9247057676322008
-1   2.9527175597991806
-1   2.4236511393688076
-1   2.4236511393688183
-1   3.0041049349305657
-1   3.0041049349305973
-1   2.5719667527945531
-1   2.5719667527945567
-1   2.2818525048866221
-1   2.2818525048866274
-1   2.4692586245307919
-1   2.4692586245307631
-1   2.631413814981912
-1   2.6314138149819128
-1   2.2323265755491328
-1   2.4799434039608563
-1   2.479943403960855
-1   2.3144209696381042
-1   2.7049221063212894
-1   2.7049221063213009
-1   2.6843836949117352
-1   2.6843836949117277
-1   2.2389613534081092
-1   2.2389613534081239
-1   2.4880103717334561
-1   2.7213939998754575
-1   2.7213939998754615
-1   2.4462867770329293
-1   2.343966502943855
-1   2.3439665029438621
-1   2.430963921680374
-1   2.4309639216803602
-1   2.4350861603129195
-1   2.435086160312915
-1   2.2510946631570654
-1   2.2510946631570681
-1   2.6300412547975012
-1   2.6300412547974945
-1   2.3429009524515196
-1   2.3429009524515196
-1   2.5219129506597135
-1   2.2418066747211522
-1   2.4444553328497984
-1   2.444455332849802
-1   2.2729651413532865
-1   2.2729651413532901
-1   2.5782780546514257
-1   2.5782780546514221
-1   2.2836414606734561
-1   2.1848959265324863
-1   2.2815444954179669
-1   2.28154449541797
-1   2.3526830255392324
-1   2.3526830255392368
-1   2.3829855304642065
-1   2.38298553046421
-1   2.6023316473536822
-1   2.1654796722059912
-1   2.1654796722059912
-1   2.2605697317699587
-1   2.2605697317699707
-1   2.2106415730771283
-1   2.2106415730771301
-1   2.151359334155297
-1   2.1513593341553019
-1   2.1449215247718505
-1   2.144921524771858
-1   2.3296809993128318
-1   2.1234633335819253
-1   2.1665548764023019
-1   2.1665548764023019
-1   1.8165748807080253
-1   1.8165748807080311
-1   2.2087160540410813
-1   2.2087160540410906
-1   2.4689500415922252
-1   2.4137466640062479
-1   2.4137466640062497
-1   2.329296005584117
-1   2.3292960055841201
-1   2.1560521492995832
-1   2.1560521492995868
-1   2.0624208177746666
-1   2.0624208177746697
-1   1.9854691236471704
-1   1.9854691236471735
-1   1.9193194080819378
-1   2.1932427938474341
-1   2.107608191718819
-1   2.1076081917188234
-1   2.1540141729867952
-1   2.1540141729867934
-1   2.1757674687352977
-1   2.1757674687352924
-1   1.9965851362339535
-1   2.2151370797564751
-1   2.2151370797564605
-1   2.2207374072623156
-1   2.2207374072623174
-1   2.1230084155503
-1   2.1230084155503199
-1   1.9472469321236581
-1   1.9472469321236661
-1   2.1269988075954025
-1   2.1269988075953945
-1   2.2488966310637757
-1   2.2475534482488948
-1   1.934471538344321
-1   1.9344715383443281
-1   1.9795697383171036
-1   1.9795697383171045
-1   2.2131167416891815
-1   2.2131167416891797
-1   2.3547124050943795
-1   2.2891989760535409
-1   2.1123236733402386
-1   2.1123236733402422
-1   1.9083508730767691
-1   1.9083508730767633
-1   1.8365523857119657
-1   1.8147510356060392
-1   1.8147510356060295
-1   1.6904842487055389
-1   1.7687184718516731
-1   1.7687184718516651
-1   2.0189452847769371
-1   2.0189452847769576
-1   2.1827347863047346
-1   2.1827347863047319
-1   1.7555311252584946
-1   1.7555311252585093
-1   2.0369123240200331
-1   2.055558511102483
-1   2.0555585111024866
-1   1.7929926156950788
-1   1.7929926156950771
-1   2.0693127690466961
-1   2.0693127690467059
-1   1.9256593235730213
-1   1.9256593235730231
-1   1.8779918591121003
-1   1.8779918591121088
-1   2.0546949831366441
-1   1.7680551807569698
-1   1.768055180756976
-1   1.9213615389429415
-1   1.9213615389429362
-1   2.0425302092701383
-1   2.0425302092701476
-1   1.89215204692159
-1   1.8921520469215736
-1   2.0491971475367263
-1   2.0491971475367166
-1   1.8283277267570677
-1   1.933627641651896
-1   1.9336276416518912
-1   2.0615831289482638
-1   2.0615831289482545
-1   1.9106688590456864
-1   1.9106688590457139
-1   2.0252191910569555
-1   2.0252191910569683
-1   1.6771778494056298
-1   2.0502674675917585
-1   1.6969560440911438
-1   1.5374056583235576
-1   1.5374056583235571
-1   1.7132851982082857
-1   1.7132851982082826
-1   1.7915704699973722
-1   1.7915704699973727
-1   1.7314096059493314
-1   1.7314096059493322
-1   1.8625807079291778
-1   1.8625807079291774
-1   1.4843922988229752
-1   1.4843922988229745
-1   1.608083796044629
-1   1.608083796044633
-1   1.5148244800330533
-1   1.3926416784272178
-1   3.5349374563218845
-1   3.5185878056102178
-1   2.4140105546816386
-1   2.4140105546816382
-1   2.4157542450792815
-1   2.4157542450792788
-1   2.7825110112916862
-1   2.7825110112916804
-1   3.2135419826625666
-1   3.2135419826625871
-1   2.69108624617364
-1   2.7594034654842883
-1   2.759403465484247
-1   2.2810448207592495
-1   2.2810448207592846
-1   2.4399810932232766
-1   2.4399810932233019
-1   2.6511514808574286
-1   2.6511514808574086
-1   3.0406573571964315
-1   2.5198286470565914
-1   2.5198286470566056
-1   2.8186901511881555
-1   2.8186901511881679
-1   2.2419378803630394
-1   2.3689219327807995
-1   2.3689219327807964
-1   2.4329087942135383
-1   2.4329087942135259
-1   2.605904358485303
-1   2.605904358485251
-1   2.5150128764603528
-1   2.6376937723369549
-1   2.6376937723369829
-1   2.690450276477987
-1   2.6904502764780012
-1   2.240342267675723
-1   2.2403422676757234
-1   2.8775085867874002
-1   2.4098433931560446
-1   2.4098433931560739
-1   2.2258107683450921
-1   2.2258107683451192
-1   2.6587394500085977
-1   2.2903819351004384
-1   2.2903819351004673
-1   2.558953474716589
-1   2.5589534747166023
-1   2.6842526494398462
-1   2.5575468518527176
-1   2.5575468518527731
-1   2.2611368235992444
-1   2.2611368235992173
-1   2.3956289515753402
-1   2.3956289515753442
-1   2.3538319654773963
-1   2.3538319654773581
-1   2.1674313827427283
-1   2.013527588918024
-1   2.0135275889180244
-1   2.3278227604895516
-1   2.327822760489537
-1   2.5040642385542045
-1   2.5040642385541925
-1   2.2001266327960187
-1   2.2023971461876606
-1   2.2023971461877321
-1   2.2946867960599397
-1   2.2946867960599429
-1   2.2835245333284089
-1   2.5092327725183718
-1   2.5092327725183865
-1   2.3068728106328025
-1   2.3068728106328478
-1   2.2908161049893523
-1   2.2908161049893661
-1   1.8434465197137921
-1   1.8434465197137908
-1   1.7910682411934418
-1   1.791068241193742
-1   2.1021966856353953
-1   1.8798595735403549
-1   1.8798595735403936
-1   2.1718001723430258
-1   2.1718001723430271
-1   1.925437745413078
-1   1.9876224724888107
-1   1.9876224724888272
-1   2.243092706089588
-1   2.2430927060898402
-1   2.2861653835450251
-1   1.97467443511814
-1   1.9746744351181809
-1   2.1991756741996511
-1   2.1991756741996187
-1   2.0518547383093519
-1   2.0518547383093759
-1   2.1583327439007927
-1   2.1649517072231399
-1   2.1649517072231776
-1   2.2610849646946978
-1   1.8391666609842505
-1   1.8391666609842465
-1   2.0729886341809602
-1   2.0729886341809625
-1   2.1742021593189289
-1   2.1742021593188614
-1   2.2611200236225399
-1   2.12390849610538
-1   2.1239084961053551
-1   2.0222598891680725
-1   2.0222598891680743
-1   1.8210586431594313
-1   1.8210586431594558
-1   2.0902544831349998
-1   2.0902544831350109
-1   2.1146453923134354
-1   1.8823671083802282
-1   1.8823671083802149
-1   2.0346160941996403
-1   2.034616094199635
-1   1.8528116167607283
-1   1.8528116167607327
-1   1.9201357715091545
-1   1.9201357715091345
-1   2.0955372956733678
-1   1.9435725823925347
-1   1.9435725823925232
-1   2.0882676447609887
-1   2.0882676447610291
-1   1.7056628586877478
-1   1.9664080672918414
-1   1.9664080672918165
-1   1.7296733811675211
-1   1.7296733811674825
-1   1.9720725782544903
-1   1.9720725782544988
-1   1.5146141920787932
-1   1.840164096091971
-1   1.8401640960920167
-1   1.8603112729250659
-1   1.8603112729250655
-1   1.580565572276071
-1   1.5805655722760714
-1   1.8416273912891232
-1   1.9100508299905989
-1   1.9100508299905998
-1   1.9734840415436965
-1   1.9734840415437103
-1   1.7839184901805729
-1   2.1011314634291418
-1   1.6444911170852925
-1   1.9919695871870213
-1   1.9919695871870329
-1   1.8610252965794136
-1   1.861025296579415
-1   1.6889697258260314
-1   1.6889697258260514
-1   1.7677389638941263
-1   1.6760706634327498
-1   1.9736842043009211
-1   1.7210659808752995
-1   1.7210659808752946
-1   2.0356285598550432
-1   1.7422132931764116
-1   1.7422132931764094
-1   1.6437287154508344
-1   1.643728715450838
-1   1.6891171124702957
-1   1.6891171124702842
-1   1.6070129951381378
-1   1.6070129951381467
-1   1.8051704624217071
-1   1.8051704624216942
-1   1.3145490480553397
-1   1.3145490480553479
-1   1.473306275846098
-1   1.3599980568088443
-1   1.4189430122454947
-1   1.4189430122454991
-1   1.4390053889105958
-1   1.4390053889106127
-1   1.3983299253064041
-1   1.3983299253064165
-1   1.627779535382968
-1   1.6277795353829778
-1   1.4813960005038385
-1   1.4813960005038402
-1   1.4881848358189151
-1   1.4881848358189225
-1   1.0169926274255543
-1   1.0169926274255574
-1   2.7223582301594873
-1   2.5592194860392912
-1   2.5592194860392961
-1   2.8122023167962604
-1   2.8122023167962724
-1   2.4665085477881803
-1   2.4665085477881838
-1   2.4650496572715808
-1   2.465049657271575
-1   2.4051837621445502
-1   2.4051837621445635
-1   2.6209493229362448
-1   2.6209493229362306
-1   2.3816370637469095
-1   2.7576596651646463
-1   2.3535053982150025
-1   2.3535053982150074
-1   2.2863150042685394
-1   2.2863150042685332
-1   2.2600687528562946
-1   2.2600687528562928
-1   2.1562181469859549
-1   2.1562181469859656
-1   1.917857665174151
-1   1.8271426776542912
-1   1.8271426776542934
-1   2.1890741265789142
-1   2.2274581909147044
-1   1.8503220785853518
-1   1.8503220785853594
-1   1.9918661084902474
-1   1.9976460137497232
-1   1.9976460137495926
-1   1.8295027139027482
-1   1.8295027139027509
-1   2.0184220918423699
-1   2.0184220918423672
-1   2.2471502371069598
-1   2.0091292773080238
-1   2.0091292773078959
-1   2.3314760295723485
-1   2.3314760295723449
-1   1.8131642114382776
-1   1.8131642114382798
-1   1.8258850234195578
-1   1.8258850234195747
-1   1.7491278453553885
-1   1.9182138123593928
-1   1.918213812359391
-1   1.6394513029384843
-1   1.6394513029384026
-1   1.8230615749663506
-1   1.8230615749664327
-1   1.8598018986014377
-1   1.8598018986014599
-1   1.9356846032669934
-1   1.7618636889413053
-1   1.7618636889413324
-1   1.5299313164498463
-1   1.5299313164498316
-1   1.7235492182962187
-1   1.7235492182962293
-1   1.5610213608598404
-1   1.561021360859848
-1   1.3838099722685133
-1   1.3838099722685171
-1   1.3548776159826181
-1   1.3548776159826279
-1   1.2766245344258556
-1   1.212389237085302
-1   1.2123892370853031
-1   1.1261824112007424

0   2.4894445517093367
0   2.4346370991502293
0   2.4346370991501942
0   2.2794193976690336
0   2.2794193976689985
0   2.0522379120466647
0   2.0522379120466332
0   1.8028272128096066
0   1.8028272128095768
0   1.6016155205018929
0   1.6016155205018654
0   1.5229811350073641
0   2.5626743429136738
0   2.4835266757747783
0   2.5027547839064219
0   2.5027547839064108
0   2.4382134864579608
0   2.4382134864579594
0   2.3353266944710884
0   2.3353266944710782
0   2.3078940113990973
0   2.3078940113990947
0   2.1122447319934219
0   2.1122447319934157
0   2.0961274957815612
0   2.096127495781535
0   1.8915643535706352
0   1.8915643535706197
0   1.8412539707436455
0   1.8412539707436371
0   1.709790058734467
0   1.709790058734463
0   1.6414081647083321
0   1.6414081647083298
0   1.6380030326551829
0   1.5647079779688906
0   2.5308445385637328
0   2.2029006616185183
0   2.5474155166222547
0   2.5474155166222419
0   2.1768125805815615
0   2.1768125805815588
0   2.5531232040354097
0   2.5531232040353977
0   2.1480980224667081
0   2.148098022466701
0   2.4633798561457358
0   2.463379856145735
0   2.2159923314350012
0   2.2159923314349945
0   2.4071780847764068
0   2.4071780847763953
0   2.2458718220316074
0   2.2458718220315967
0   2.6185521756092989
0   2.618552175609266
0   1.9846896176140998
0   1.9846896176140909
0   2.709540713930561
0   1.861198706849835
0   2.0843620550958715
0   1.7340125048559569
0   1.9889669677646706
0   1.9889669677646538
0   1.8310034911699935
0   1.8310034911699598
0   1.7766617937256255
0   1.7766617937256228
0   2.0174283658013712
0   2.0174283658013454
0   2.1046439948250319
0   2.1046439948250666
0   1.6442413620415501
0   1.6442413620414991
0   1.9899948603663811
0   1.9899948603663162
0   1.7444479906281356
0   1.7444479906280876
0   1.9660855438428344
0   1.9660855438428118
0   1.7414825249731525
0   1.7414825249731667
0   2.0745885769935106
0   1.6017853456830413
0   2.167423627875368
0   1.5469039969356158
0   2.1628990774746675
0   2.162899077474667
0   1.5479919636212327
0   1.5479919636212087
0   2.1127087255379271
0   2.1127087255379702
0   1.6023300932091238
0   1.6023300932091824
0   1.9612463659167196
0   1.9612463659166779
0   1.7696293790094422
0   1.769629379009392
0   2.0045567474621073
0   2.0045567474620833
0   1.7150959788057722
0   1.7150959788057616
0   2.2005519354293401
0   2.2005519354293521
0   1.4665281262414436
0   1.4665281262414338
0   2.2752965367540519
0   1.3577090709476347
0   3.2839763650172387
0   2.326645749607454
0   2.7437344265428965
0   2.743734426542908
0   2.8217180959009505
0   2.8217180959009425
0   3.0940262120419364
0   3.0940262120419271
0   2.5549388303410296
0   2.5549388303410323
0   2.2250751015176964
0   2.2250751015177084
0   2.6453904849882042
0   2.645390484988186
0   2.571828335613521
0   2.5718283356135219
0   2.1625706727644292
0   2.1625706727644314
0   2.1390666113642998
0   2.139066611364306
0   2.0907748709503298
0   2.0845216465980587
0   2.0845216465980538
0   2.051932695460847
0   2.5957661948144422
0   2.1723464943016735
0   2.172346494301669
0   2.3167805752923236
0   2.3242616926084469
0   2.3242616926084803
0   2.3008725632506222
0   2.3008725632506568
0   2.1093051313386502
0   2.1093051313385986
0   2.1062814381639354
0   2.1062814381642307
0   2.3867655753598882
0   2.3867655753598598
0   2.426933594048184
0   2.4269335940477976
0   2.5504078527923166
0   1.6006946372885822
0   2.0657087886743626
0   2.1243334722995129
0   2.0803915478081549
0   2.0803915478081545
0   1.9840117939784161
0   1.9840117939784063
0   1.5413435072308994
0   1.5413435072308355
0   1.7520976803599262
0   1.7520976803599178
0   1.7965975450336193
0   1.7965975450337237
0   1.4695461465226303
0   1.4695461465226112
0   1.6316609182119119
0   1.6316609182119008
0   1.5011518569700151
0   1.5011518569700688
0   1.3480428971672396
0   1.3480428971673137
0   1.4038547566027963
0   1.4038547566027915
0   1.1566797157335678
0   1.0407132812879765
0   1.9437498513682567
0   1.9185538078457172
0   1.9185538078457101
0   1.9017979003808247
0   2.1110945344226346
0   2.1110945344226293
0   1.9404973231585529
0   1.9404973231585489
0   1.7132391508151388
0   1.7132391508151406
0   1.8580691818107153
0   1.858069181810698
0   2.0535541772323262
0   2.0535541772323236
0   2.010410658388682
0   2.01041065838869
0   1.6849959043545222
0   1.6849959043545173
0   1.6388244403765064
0   1.6388244403765029
0   1.8492624666482094
0   1.8492624666482036
0   2.0371602126140536
0   1.5192470159587228
0   2.4379634861207138
0   2.8246814085088925
0   2.4699363770219787
0   2.4840542056594974
0   2.4840542056594983
0   2.3195019612480707
0   2.3195019612480787
0   1.9773292042708301
0   2.5692312234408097
0   2.569231223440799
0   2.1842026181569092
0   2.1842026181569083
0   2.4702862631902174
0   2.4702862631902192
0   2.0058637344792323
0   2.0058637344792429
0   2.0900698440861243
0   2.0900698440861221
0   2.4256108237371388
0   2.4256108237371361
0   2.1146339127176592
0   2.1146339127176623
0   2.1654945350369768
0   2.1654945350370189
0   2.4238700361218992
0   2.4238700361219205
0   2.5072678655913165
0   2.5072678655913094
0   2.0922679600540119
0   2.0922679600540151
0   2.3867844795494872
0   2.3867844795494775
0   2.5390241752675613
0   2.5390241752675617
0   1.9879212101454402
0   1.9879212101454353
0   2.2837018016838981
0   2.2837018016838972
0   2.0146743962610092
0   2.0146743962610238
0   2.457238934123692
0   1.6723664245494767
0   2.2000353358767533
0   2.2000353358767586
0   2.1252984318205197
0   2.125298431820513
0   1.9653285737986308
0   2.2974020139987683
0   2.5656283696235258
0   2.4536793968311765
0   2.4536793968311792
0   2.3089879936436613
0   2.3089879936436559
0   2.0312818511624369
0   2.0312818511624258
0   2.1506263442354596
0   2.1506263442354587
0   1.8966283216033557
0   2.4452350630799558
0   2.2152579261595937
0   2.2152579261595915
0   2.421189495812869
0   2.4211894958128695
0   2.3277929384498957
0   2.327792938449893
0   2.0343334432669176
0   2.0343334432669185
0   1.9939861445380203
0   2.1020302286823709
0   2.1020302286823616
0   2.1990586388642845
0   2.1990586388642828
0   2.0116752082065505
0   2.0116752082065426
0   1.914146047369087
0   1.9141460473690834
0   2.0586479551382046
0   2.0586479551382086
0   2.0801537182136474
0   1.7093823006159035
0   1.7093823006159061
0   1.8618145875279506
0   1.8618145875279479
0   1.9544479559266805
0   1.9544479559266748
0   1.5302793963390973
0   1.5302793963390866
0   1.4915419571643389
0   2.0168776694333657
0   2.0168776694333785
0   1.704622841997673
0   1.7046228419976628
0   2.0956384991417445
0   1.5600429759461791
0   1.5600429759461769
0   1.4510285164682655
0   1.977755711377287
0   1.977755711377287
0   2.0029598409779998
0   2.0029598409780029
0   2.0396792508615622
0   2.0396792508615591
0   1.8550294918470964
0   1.8550294918470942
0   1.961808884650027
0   1.961808884650031
0   1.9662134409130534
0   1.9662134409130516
0   1.9048806812229935
0   1.9048806812229886
0   1.7590984964723244
0   1.7590984964723191
0   1.8537958494979563
0   1.8537958494979563
0   1.7972058207943915
0   1.7919199199795384
0   1.7919199199795441
0   1.6678611427420242
0   1.7657362013259119
0   1.6490747890493784
0   2.0483079460426943
0   1.561254135713702
0   1.9052411978730834
0   1.8518543306337354
0   1.8518543306337309
0   1.7105935280011195
0   1.564721429431231
0   1.5647214294312342
0   1.8445537878370706
0   1.844553787837067
0   1.5636517015572009
0   1.5636517015572018
0   1.5765925841126918
0   1.5765925841126958
0   1.5282595349257599
0   1.5282595349257617
0   1.7006999070619382
0   1.70069990706194
0   1.4910342927741211
0   1.4910342927741203
0   1.3627667314398462
0   1.3627667314398584
0   1.4636812794307474
0   1.4636812794307503
0   3.6163610483744577
0   3.2094935739273582
0   2.8152205981766207
0   2.8152205981766296
0   3.0122996614238322
0   3.012299661423842
0   2.8876207928745172
0   2.8876207928745132
0   3.0958687492112738
0   3.0958687492112764
0   2.325542443966599
0   2.4561189934373764
0   2.4561189934373817
0   2.1936497274846682
0   2.1936497274846776
0   3.1561568663541895
0   3.1561568663541824
0   2.6710723911730492
0   2.6710723911730616
0   2.4546643927228957
0   2.454664392722897
0   1.8963775068924376
0   2.2013692654259081
0   2.2013692654259187
0   1.979356553427237
0   2.1422268091471777
0   2.142226809147179
0   2.1915537502358493
0   2.1915537502358484
0   2.6326122548826447
0   2.63261225488265
0   1.9524940576821912
0   1.9524940576821872
0   2.2063824402234169
0   2.2063824402234222
0   2.4379817752091459
0   2.437981775209149
0   2.4569290951126628
0   2.4569290951126725
0   2.708299135605265
0   2.7082991356052681
0   2.1910754624626669
0   2.1034614208237685
0   2.1668766329512539
0   2.166876632951257
0   2.4647248429312687
0   1.7073337264016897
0   1.7073337264016963
0   1.9126185265450109
0   1.9126185265450082
0   2.1960704323256737
0   2.1960704323256852
0   2.2915148406056431
0   2.2915148406056516
0   1.7683708660291821
0   1.7683708660291826
0   2.1707132692812747
0   2.1707132692812792
0   2.1736137552893373
0   1.6709517127438511
0   1.5489887929020467
0   2.228275228762794
0   2.228275228762802
0   2.0592799058526339
0   2.059279905852641
0   2.2007068427163441
0   2.2007068427163405
0   2.0939518894999729
0   2.09395188949998
0   2.0614407465985787
0   2.0614407465985876
0   2.4540782556735548
0   2.3203164650698036
0   2.3203164650698107
0   2.2837314015391721
0   2.2837314015391739
0   2.2523671831943815
0   2.2523671831943668
0   2.3150312333013172
0   2.3150312333013168
0   2.2671290102007386
0   2.2671290102007551
0   2.0751479149702927
0   2.0751479149702976
0   2.3273146965739429
0   2.0419338266882434
0   2.0419338266882439
0   2.2108352174690915
0   1.7427898406183004
0   1.7427898406183049
0   1.8377270511563788
0   2.3263630862253732
0   2.326363086225371
0   1.8047369756856235
0   2.1517064357652704
0   2.1517064357652451
0   1.8510872714794506
0   2.0648468142114789
0   1.8905133198696986
0   1.8905133198697013
0   2.0360181540421602
0   2.0360181540421727
0   2.45310689117867
0   2.2338872839607071
0   2.2338872839607147
0   1.5232460396367147
0   1.9425824966136127
0   1.9425824966135936
0   1.7190789998882035
0   1.7190789998881821
0   1.9961273584108268
0   1.9961273584108019
0   2.0386066129650722
0   1.9715444925249801
0   1.9715444925249792
0   2.0023559610193984
0   2.0023559610193997
0   2.0684928618681595
0   1.9802563727906262
0   1.9802563727906248
0   1.997299097862308
0   1.9972990978623035
0   1.9872016253887255
0   1.9872016253887317
0   1.9742936611023914
0   1.9742936611023887
0   1.9428664867566865
0   1.9778859264077675
0   1.9778859264077719
0   1.8618279432810603
0   1.9701289133862523
0   1.9701289133862105
0   1.934937686587435
0   1.9349376865874115
0   1.5338353595272376
0   1.5338353595272123
0   2.263384817335707
0   1.4824967139599265
0   1.4824967139599228
0   1.934815762311608
0   1.9348157623116133
0   1.9640161061125414
0   1.9640161061125445
0   1.7072362952966937
0   2.1076702716211222
0   2.1076702716211329
0   1.5352069135193491
0   1.5352069135193829
0   1.976077636178645
0   1.9760776361786485
0   1.9007798643774536
0   1.7363833561339006
0   1.7363833561339015
0   1.407762966632651
0   1.4077629666326519
0   1.896708150353092
0   1.8967081503530938
0   1.5538211218378453
0   1.5538211218378475
0   1.6927512318223066
0   1.6927512318223163
0   1.6978169956277767
0   1.6978169956277736
0   1.7213204465480909
0   1.7213204465480914
0   1.7889098764807083
0   1.7889098764807172
0   1.8072704420544161
0   1.8072704420544183
0   1.892254225546937
0   1.9948030126340739
0   1.9948030126340783
0   1.6982077851209887
0   1.6982077851209896
0   1.8525717802443538
0   1.6911787444077677
0   1.6911787444077651
0   1.9665802917166015
0   1.752300409461613
0   1.7523004094616152
0   1.8130359616196632
0   1.8130359616196707
0   1.4997815131791188
0   1.4997815131791217
0   1.8201719213920926
0   1.8201719213920895
0   1.4508768758209813
0   1.6100678810100004
0   1.6100678810099995
0   1.6060761639972143
0   1.6060761639972139
0   1.5717046078473564
0   1.5717046078473622
0   1.6458356407392607
0   1.6458356407392665
0   1.7301926341709208
0   1.730192634170939
0   1.5377287201042931
0   1.5377287201042971
0   1.8887103977988002
0   1.5418896325024862
0   1.5418896325024649
0   1.5193345019924034
0   1.5193345019924118
0   1.5183188544594426
0   1.5183188544594484
0   1.4768030675389059
0   1.4768030675389094
0   1.3133209501801879
0   1.3133209501801912
0   1.2689356180048572
0   1.3017431475217198
0   1.3017431475217154
0   1.5749351885761524
0   0.92674100916434132
0   1.3660295699849785
0   3.2565918324299541
0   2.6314161806052883
0   1.9988472590456676
0   2.5572928485298099
0   2.7629583476619834
0   2.7629583476619892
0   2.6816643240188971
0   2.6816643240189157
0   2.3430427028175127
0   2.3430427028175118
0   2.2272247884953815
0   2.2272247884953815
0   2.8243242908716315
0   2.8243242908716248
0   2.1986131056457237
0   2.1986131056457228
0   2.4237943357189833
0   2.4237943357189877
0   1.864299112888526
0   1.86429911288853
0   2.1684231881882896
0   2.1684231881883007
0   2.5236291912770503
0   2.5236291912770521
0   2.8246523848405918
0   2.8246523848405962
0   2.4825135277781247
0   2.4825135277781309
0   2.5357719430815706
0   2.5357719430815533
0   2.1951687467104577
0   2.1951687467104657
0   2.6351542434643287
0   1.861468221554536
0   2.1202840469228108
0   2.701410784804231
0   2.4408079928520134
0   2.4408079928520299
0   2.2157707206550361
0   2.2157707206550348
0   2.2606205253226692
0   2.2606205253226657
0   2.06686240116094
0   2.066862401160952
0   1.8098732376468072
0   1.8098732376468232
0   2.2013142198675033
0   2.201314219867514
0   2.0731191110794649
0   2.0731191110794609
0   2.0469223902796259
0   2.0469223902796534
0   1.8315562038770259
0   2.5264390774520553
0   2.5264390774520686
0   2.1397180478041462
0   2.030642429217703
0   2.0306424292177234
0   2.6042366881679091
0   2.6042366881678944
0   1.8946869930659123
0   1.8946869930659109
0   1.6104682270265283
0   1.8198680482300307
0   1.7709285169751956
0   1.7709285169752014
0   2.0889630515147743
0   2.0889630515147686
0   1.740038176024175
0   1.7400381760241741
0   2.0426992207176013
0   2.0426992207176031
0   2.6557559750560591
0   2.393401573357488
0   2.3934015733574712
0   1.9993069848990239
0   1.9086758566371556
0   2.1564882293207437
0   2.1564882293207415
0   1.8818977290281764
0   1.8818977290281875
0   1.8549350362009878
0   1.8549350362009971
0   2.2580138582527303
0   2.2580138582527418
0   2.3275220124181746
0   2.0179900998302873
0   2.0179900998302922
0   2.0172173152935797
0   2.0172173152935828
0   1.9599928088293486
0   1.9599928088293619
0   2.1612115424442329
0   2.1612115424442511
0   1.8077362747798777
0   1.8077362747798751
0   2.042818955013106
0   2.0428189550130695
0   2.3213639512390887
0   2.3213639512390709
0   1.5700366795921119
0   1.5700366795920804
0   1.8932771395931067
0   1.8932771395931467
0   1.9868569642703244
0   1.9868569642703182
0   1.7064609593515994
0   1.7064609593516016
0   1.4723630686347529
0   1.4723630686347629
0   1.9107246339573289
0   1.9107246339573312
0   1.5992342840376055
0   1.5992342840376033
0   2.026276786871207
0   2.0262767868712106
0   1.9050482081830804
0   1.9050482081830542
0   1.8425763248344884
0   1.8425763248345057
0   1.9159920589508705
0   1.9159920589508728
0   1.8042592711814351
0   1.80425927118144
0   1.9255858691209853
0   1.9255858691209871
0   1.9685061470942333
0   1.8603235346525158
0   1.8603235346525278
0   1.8134051861909382
0   1.4934818732697741
0   2.1176062219093503
0   2.1176062219093574
0   1.461578239129709
0   1.8982094570732988
0   1.8982094570733099
0   1.5750178334566112
0   1.5750178334566067
0   1.7405286237331019
0   1.7405286237330997
0   1.9357400717473947
0   1.6716575578131163
0   1.4294836368358288
0   1.6884089447498001
0   1.5962984566556639
0   1.5962984566556644
0   1.7320933864254315
0   1.7320933864254302
0   1.9380529055975826
0   1.9380529055975875
0   1.3994221283001995
0   1.3994221283002002
0   1.556995379679373
0   1.5569953796793765
0   1.9339754561292386
0   1.9339754561292386
0   1.6031139339082068
0   1.6031139339082188
0   1.3615877553366307
0   1.3615877553366322
0   1.624723906855698
0   1.6247239068557007
0   1.4441288625587243
0   1.444128862558731
0   1.6375678541915981
0   1.543772325584265
0   1.9791680489318288
0   1.0383745613763058
0   1.6905313878216286
0   1.5813186610444832
0   1.9773136831948852
0   1.0629657455042951
0   1.5375060428443397
0   1.5375060428443366
0   1.489531360364077
0   1.4895313603640783
0   1.6919373000147577
0   1.6919373000147631
0   1.196517657772656
0   1.1965176577726657
0   1.662191152676185
0   1.6621911526761899
0   1.4595642176972181
0   1.459564217697219
0   0.99803752598777051
0   0.99803752598777518
0   1.393482714012819
0   1.3934827140128225
0   1.1730318424352564
0   1.1730318424352613
0   1.0660423875158158
0   1.0660423875158311
0   3.0082554169539519
0   2.9078083044385341
0   2.490613517460508
0   3.038744476015625
0   3.038744476015641
0   2.1917174126459376
0   2.1917174126459487
0   2.4144918771601853
0   2.4144918771601951
0   2.7364568357956389
0   2.7364568357956469
0   2.4482893206980481
0   2.4482893206980565
0   2.6274645592512407
0   2.6274645592512527
0   2.485471500972853
0   2.2035587796368712
0   2.2035587796368761
0   2.2171679677750165
0   2.2171679677750076
0   2.2018923128210628
0   2.8572091773880675
0   2.8572091773880719
0   2.5062209394877262
0   2.5062209394877679
0   2.4529745909175187
0   2.4529745909174996
0   2.6201217188551587
0   2.6201217188552097
0   2.7345651986421324
0   2.214966310377489
0   2.2149663103774895
0   2.2463749917816553
0   2.2463749917816629
0   2.1831023289676548
0   1.8346973898014687
0   1.8346973898014114
0   2.3586310898010487
0   2.1957294512729031
0   2.195729451272912
0   2.1944820594294701
0   2.1944820594294727
0   2.108015816221438
0   2.1080158162214295
0   1.7552442421768304
0   2.3390912788662455
0   2.3390912788662397
0   2.0705904794735117
0   2.0705904794735792
0   2.0627456299501721
0   2.0680384154357943
0   2.0680384154358014
0   1.9351192950307223
0   1.9351192950307334
0   1.5883268342755108
0   1.7326808689682363
0   1.7326808689682487
0   2.2920847782862639
0   2.4034047733223587
0   2.3167567809410712
0   2.316756780941053
0   2.1657915544910105
0   2.1657915544910331
0   2.1721231143666522
0   2.1721231143666544
0   1.5175589187685037
0   1.5175589187684908
0   2.5755758161583575
0   2.5755758161583606
0   1.957396965592078
0   1.9573969655920749
0   1.7613976732847716
0   1.761397673284764
0   1.628178136917227
0   1.6641157621475382
0   1.6641157621475537
0   1.6923809418233624
0   1.6923809418233824
0   2.3328523737703115
0   1.8059205875755389
0   1.8059205875755495
0   1.9345822561784609
0   1.9345822561784889
0   1.9434447871503169
0   1.8674856638593882
0   2.0969643169326444
0   2.0969643169326924
0   1.8896099166869469
0   1.6911123899980605
0   1.6911123899980671
0   1.8566562664444253
0   1.4603848836641444
0   2.1680457342512023
0   2.1680457342512214
0   1.7363672860017898
0   1.7363672860018147
0   1.5998426284643035
0   1.5998426284643279
0   1.6573334557413677
0   1.657333455741365
0   1.6760767458917014
0   1.7591256651998801
0   1.5879700677611952
0   1.6049378863461681
0   1.6234095746295991
0   1.6234095746296311
0   1.6966658117149036
0   1.6966658117148943
0   1.4430119903885437
0   1.4430119903885426
0   1.8064698358644815
0   1.8064698358644851
0   1.4355929426467711
0   1.4355929426467191
0   1.5078779774432842
0   1.5078779774432705
0   1.4673559084721761
0   1.4673559084721488
0   1.5676737050885658
0   1.5676737050885228
0   1.2989479460737752
0   1.2989479460737698
0   1.3776174968744317
0   1.3776174968743566
0   1.7182975721009748
0   1.7182975721011386
0   1.5230001952610506
0   1.5788020895536405
0   1.7664552885999329
0   1.7664552885999552
0   1.4796527869701566
0   1.4796527869701623
0   1.5806523106801493
0   1.5806523106800259
0   1.5603186406645544
0   1.5603186406646188
0   1.4871666349874486
0   1.4871666349874817
0   1.1902082404997549
0   1.1902082404997658
0   1.2970991919938271
0   1.2970991919938495
0   1.8109666071755854
0   1.8109666071755908
0   1.5593698203288153
0   1.559369820328826
0   1.2239792763228745
0   1.7837445017877371
0   1.327884680860278
0   1.3278846808603386
0   1.0890163787392904
0   1.0890163787392959
0   1.1309162026242257
0   1.1162852376655228
0   1.1162852376655366
0   0.96747145447905325
0   0.96747145447905547
0   1.0230687376858454
0   0.71766182198307926
0   0.7176618219830837
0   1.0000000000000002
0   1.0000000000000038
0   1.021700941721154
0   1.0217009417211513
0   1.0109769786063936
0   1.0109769786063958
0   1.0061127977170368
0   1.0061127977170354
0   0.64914982856232406
0   1.0268496166790229
0   1.0268496166790264
0   1.0415052329179793
0   0
0   0

1   2.6525807296223527
1   2.6005360558476593
1   2.600536055847646
1   2.4537867849264718
1   2.4537867849264612
1   2.2409365286549567
1   2.2409365286549425
1   2.0104558862924611
1   2.0104558862924509
1   1.8275479753883985
1   1.8275479753883981
1   1.7569486982810161
1   2.7305258535150663
1   2.6314576146694133
1   2.6369337722032524
1   2.6369337722033688
1   2.5519159587732414
1   2.551915958773094
1   2.4210334125074011
1   2.4210334125077724
1   2.3731866484380508
1   2.3731866484388529
1   2.2829351761866392
1   2.2829351761866308
1   2.291820806816252
1   2.2918208068162542
1   2.1837310060754755
1   2.1837310060758788
1   2.1623915004577601
1   2.1623915004586127
1   1.9574666603777779
1   1.9574666603779338
1   1.9260301341951012
1   1.9260301341952553
1   1.8444822504855849
1   1.8110451457836994
1   2.9493727559789473
1   2.9094924207859747
1   2.9094924207859512
1   2.8047922449234632
1   2.8047922449234637
1   2.6591894405334258
1   2.6591894405334053
1   2.5032274806260015
1   2.5032274806259784
1   2.3862169587759174
1   2.3862169587758975
1   2.3445774216216968
1   2.5665992956329751
1   2.5334226469421788
1   2.5334226469421681
1   2.4535708008962649
1   2.4535708008962489
1   2.3607820081610891
1   2.3607820081610829
1   2.2682814725492393
1   2.268281472549226
1   2.185851810249924
1   2.1858518102499174
1   2.1497223457599577
1   2.1522260467725931
1   2.1522260467725762
1   2.1843412817405388
1   2.1843412817405201
1   2.1869655550019504
1   2.0808211615236734
1   2.0808211615236729
1   1.9685882450455638
1   1.9780032157566789
1   1.978003215756686
1   2.0131687174954136
1   2.0131687174953963
1   2.0978116457636502
1   2.0978116457636458
1   2.1591744391649739
1   2.1591744391649517
1   2.029586412290044
1   2.0295864122899356
1   2.2748215138927694
1   2.2748215138927015
1   2.3470640502244269
1   1.8930052397164294
1   1.8930052397164165
1   1.7982875100340094
1   2.2395085990848953
1   2.272431600707606
1   2.2724316007075323
1   1.9267140392066615
1   2.2619502708468935
1   2.2619502708469374
1   1.8934227069249103
1   1.8934227069250582
1   2.113838658513119
1   2.1138386585133015
1   1.9351248895993414
1   1.9351248895993911
1   2.4211054941624446
1   2.3627980749967938
1   2.3627980749967907
1   2.2102551877067742
1   2.2102551877067524
1   2.0207107123190253
1   2.0207107123192185
1   1.8432397136141332
1   1.8432397136140781
1   1.6985255119520741
1   1.6985255119519245
1   1.6368982665687626
1   3.4666891311143293
1   2.7675452181988835
1   2.7675452181988804
1   2.7170344961156578
1   3.0092934311662423
1   3.0092934311662454
1   3.1069877831626433
1   3.106987783162638
1   2.699415144363936
1   2.6994151443639303
1   2.5696489559600337
1   2.5696489559600066
1   2.2943843783622468
1   2.2943843783622335
1   2.7344820862760271
1   2.7344820862760435
1   2.8547111892788983
1   2.8547111892789094
1   2.3710982978011179
1   2.3710982978011059
1   2.9250363178798149
1   2.1300703997592825
1   2.1300703997591302
1   1.9787432061397747
1   2.3103188517616342
1   2.0907563257490618
1   2.0907563257489077
1   2.4586781527887149
1   2.1916690949462456
1   2.1916690949462345
1   2.1667433270442631
1   2.1667433270442631
1   2.4010230170300244
1   2.4010230170300115
1   1.9129169270105644
1   1.9129169270105688
1   2.4964270768171244
1   2.4964270768171262
1   1.8536989358797054
1   1.8536989358796956
1   2.2029614807025064
1   2.2029614807025233
1   1.9176388316522508
1   1.9176388316522583
1   2.4536758084392227
1   2.2733371948084771
1   2.1680063073835307
1   2.1680063073835307
1   2.3128575605043245
1   1.9262239111786852
1   1.9262239111786714
1   1.5770564788858406
1   2.1497086652419179
1   2.1497086652418851
1   2.0736236966807078
1   2.0736236966807065
1   1.7906988383781064
1   1.7906988383781184
1   1.7885419671634684
1   1.7885419671634857
1   2.1970223241578042
1   2.1970223241578046
1   2.1425188896290712
1   2.1425188896290646
1   2.1290882564705025
1   2.1290882564705003
1   1.7856783452055009
1   1.7527839152331217
1   1.952872775272477
1   1.9528727752724571
1   1.7811795679636715
1   1.7811795679636542
1   2.2090977838390722
1   2.2090977838390793
1   2.2146358312827852
1   2.2146358312827918
1   1.939297947904802
1   1.939297947904802
1   1.932557441042182
1   1.9325574410421762
1   2.2823201212011766
1   2.057584625055723
1   2.0575846250557239
1   1.80432657882481
1   2.9992862717710218
1   2.8100053633529405
1   2.8100053633529374
1   2.7164933835749281
1   2.7164933835749308
1   2.7817082685714403
1   2.7817082685714261
1   2.6540510404531288
1   2.6493777109205112
1   2.6493777109204939
1   2.580368520955286
1   2.5803685209552736
1   2.540292077372726
1   2.5402920773727278
1   2.5622579067743794
1   2.5622579067743576
1   2.3369956894005988
1   2.336995689400593
1   2.3485087343690916
1   2.3485087343691013
1   2.2185229237547479
1   2.2185229237547626
1   2.1508816227747851
1   2.2441469921183201
1   2.651563287223905
1   2.5578356634903532
1   2.5578356634903656
1   2.4308219390358441
1   2.4284849918726219
1   2.4284849918726104
1   2.4148591280640996
1   2.4148591280641098
1   2.3502302503637398
1   2.350230250363754
1   2.2989190097365868
1   2.2989190097365868
1   2.7695067558978499
1   2.7695067558978481
1   2.5260636273876886
1   2.5260636273876886
1   2.6075495000029725
1   2.4957005881458798
1   2.4957005881458731
1   2.8470171210112523
1   2.558518263316182
1   2.558518263316186
1   2.2578197764876924
1   2.2578197764876915
1   2.5188316144860541
1   2.1272981147360746
1   2.4347504905276236
1   2.4347504905276316
1   2.3151407717242907
1   2.3151407717242938
1   2.3974657436100806
1   2.3974657436100903
1   2.2239819252230233
1   2.2239819252230237
1   2.1417661292804904
1   2.1417661292804966
1   2.2970221230428076
1   2.297022123042765
1   2.4199766019131794
1   2.4199766019132118
1   2.1616571292693583
1   2.1616571292694267
1   2.2466466451328584
1   2.2466466451328251
1   2.1543896119103287
1   2.1543896119102515
1   2.3302292395924447
1   2.3302292395924571
1   2.086877563344542
1   2.0868775633447143
1   2.4738340884566297
1   2.0323431090671722
1   2.0323431090669972
1   2.2293135258253853
1   2.2593670184292383
1   2.2593670184292671
1   1.7203400295518705
1   1.8493065669499491
1   1.8493065669499447
1   1.7895558324379151
1   2.2825830054621781
1   2.2825830054621798
1   2.2284904657779734
1   2.2284904657779769
1   2.1827771379721104
1   2.1827771379720775
1   2.1716714432284872
1   2.1716714432284867
1   2.0436123424190669
1   2.043612342419062
1   2.0628756682826399
1   2.0628756682826408
1   1.8675577433352299
1   2.1255644746315876
1   2.1255644746315911
1   2.0321701146063837
1   2.2512555719160781
1   2.2512555719160559
1   2.0821407800527099
1   2.0821407800527072
1   2.0066652313515401
1   2.0066652313515503
1   2.1340264626203136
1   2.0461206444707174
1   2.2155898419064015
1   2.1599327437655549
1   2.1599327437655527
1   1.9873485427334172
1   1.9070703318878239
1   1.9070703318878324
1   1.926668192544716
1   1.9266681925447329
1   1.9552619841390544
1   2.0079516063102818
1   2.0079516063102845
1   1.9399551033399467
1   1.9399551033399427
1   1.8600561299032803
1   1.8600561299032994
1   1.9030435173830575
1   1.9030435173830602
1   1.7800036640082255
1   1.7800036640082268
1   1.8813726196573572
1   1.6672373237076537
1   1.6672373237076688
1   1.6989312979214413
1   1.6989312979214395
1   1.9180896233261482
1   1.8325916816319832
1   1.8424060970161729
1   1.8424060970161751
1   1.7843829151595862
1   1.7843829151595929
1   1.7668198084491644
1   1.7668198084491658
1   1.7482955359026087
1   1.7482955359026127
1   1.6805972018771942
1   1.6805972018771969
1   3.5550289073964212
1   2.9491449074670002
1   2.949144907467002
1   2.6434084993501776
1   2.643408499350183
1   2.7858133017191111
1   2.7858133017191089
1   2.8008286604824897
1   2.8008286604824928
1   2.989983163618684
1   2.9247057676322039
1   2.9247057676321946
1   2.9527175597991921
1   2.4236511393688107
1   2.4236511393688165
1   3.0041049349305511
1   3.0041049349305742
1   2.5719667527945527
1   2.5719667527945482
1   2.2818525048866229
1   2.2818525048866181
1   2.4692586245307919
1   2.469258624530819
1   2.6314138149818995
1   2.6314138149819075
1   2.2323265755491279
1   2.4799434039608319
1   2.4799434039608532
1   2.3144209696381099
1   2.704922106321296
1   2.7049221063213214
1   2.6843836949117192
1   2.6843836949117326
1   2.2389613534081447
1   2.2389613534081239
1   2.488010371733449
1   2.7213939998754442
1   2.7213939998754539
1   2.4462867770329324
1   2.3439665029438705
1   2.343966502943863
1   2.430963921680342
1   2.4309639216804153
1   2.4350861603129248
1   2.4350861603129359
1   2.2510946631571089
1   2.251094663157108
1   2.6300412547974776
1   2.6300412547975194
1   2.3429009524515223
1   2.3429009524515321
1   2.5219129506597118
1   2.241806674721142
1   2.4444553328497567
1   2.4444553328497598
1   2.2729651413532213
1   2.2729651413532737
1   2.578278054651415
1   2.5782780546514141
1   2.2836414606734756
1   2.1848959265324939
1   2.2815444954180029
1   2.2815444954179829
1   2.352683025539231
1   2.3526830255392395
1   2.3829855304642167
1   2.3829855304642136
1   2.6023316473536848
1   2.1654796722059872
1   2.165479672205993
1   2.2605697317699791
1   2.2605697317699698
1   2.2106415730771261
1   2.2106415730771238
1   2.1513593341552935
1   2.1513593341552992
1   2.1449215247718461
1   2.1449215247718589
1   2.3296809993128096
1   2.1234633335819262
1   2.1665548764023059
1   2.1665548764023059
1   1.8165748807080382
1   1.8165748807080271
1   2.208716054041072
1   2.208716054041084
1   2.468950041592227
1   2.4137466640062462
1   2.4137466640062502
1   2.3292960055841143
1   2.3292960055841241
1   2.1560521492995828
1   2.1560521492995912
1   2.0624208177746617
1   2.0624208177746719
1   1.9854691236471731
1   1.985469123647174
1   1.9193194080819387
1   2.1932427938474324
1   2.1076081917188154
1   2.107608191718831
1   2.1540141729867921
1   2.154014172986793
1   2.1757674687352941
1   2.1757674687352933
1   1.9965851362339517
1   2.2151370797564742
1   2.215137079756456
1   2.2207374072623156
1   2.2207374072623201
1   2.1230084155503084
1   2.1230084155503257
1   1.9472469321236519
1   1.9472469321236634
1   2.1269988075953994
1   2.1269988075953901
1   2.2488966310637766
1   2.2475534482488966
1   1.9344715383443178
1   1.9344715383443285
1   1.9795697383171085
1   1.9795697383171147
1   2.2131167416891859
1   2.2131167416891855
1   2.3547124050943835
1   2.2891989760535401
1   2.1123236733402426
1   2.1123236733402422
1   1.9083508730767638
1   1.9083508730767749
1   1.8365523857119652
1   1.8147510356060259
1   1.8147510356060308
1   1.6904842487055367
1   1.7687184718516709
1   1.7687184718516606
1   2.0189452847769283
1   2.0189452847769411
1   2.1827347863047346
1   2.182734786304759
1   1.7555311252584955
1   1.7555311252585128
1   2.0369123240200282
1   2.0555585111024826
1   2.0555585111024879
1   1.7929926156950717
1   1.7929926156950837
1   2.069312769046697
1   2.0693127690466984
1   1.9256593235730253
1   1.9256593235730284
1   1.8779918591121056
1   1.8779918591121039
1   2.0546949831366352
1   1.7680551807570071
1   1.7680551807569618
1   1.9213615389429326
1   1.9213615389429264
1   2.0425302092701423
1   2.0425302092701294
1   1.8921520469215993
1   1.8921520469216038
1   2.0491971475367077
1   2.0491971475367432
1   1.8283277267570655
1   1.9336276416518947
1   1.9336276416518965
1   2.0615831289482451
1   2.0615831289482784
1   1.9106688590457228
1   1.9106688590457042
1   2.0252191910569612
1   2.0252191910569532
1   1.6771778494056409
1   2.0502674675917691
1   1.6969560440911495
1   1.5374056583235576
1   1.5374056583235647
1   1.7132851982082848
1   1.7132851982082875
1   1.7915704699973705
1   1.7915704699973749
1   1.7314096059493349
1   1.7314096059493349
1   1.8625807079291778
1   1.862580707929181
1   1.484392298822969
1   1.4843922988229776
1   1.6080837960446268
1   1.6080837960446344
1   1.5148244800330506
1   1.3926416784272164
1   3.5349374563218614
1   3.5185878056102204
1   2.4140105546816373
1   2.414010554681651
1   2.415754245079285
1   2.4157542450792726
1   2.7825110112917151
1   2.7825110112917066
1   3.2135419826625888
1   3.2135419826625906
1   2.6910862461736476
1   2.7594034654842519
1   2.7594034654842821
1   2.2810448207592806
1   2.2810448207592677
1   2.4399810932232882
1   2.4399810932232833
1   2.6511514808574068
1   2.6511514808573917
1   3.0406573571964253
1   2.5198286470566225
1   2.5198286470566003
1   2.8186901511881599
1   2.818690151188147
1   2.2419378803630456
1   2.3689219327807995
1   2.3689219327808222
1   2.4329087942135499
1   2.4329087942135685
1   2.6059043584852883
1   2.6059043584852799
1   2.5150128764603479
1   2.6376937723369189
1   2.637693772336926
1   2.6904502764780016
1   2.6904502764779821
1   2.2403422676757319
1   2.240342267675687
1   2.8775085867874139
1   2.4098433931560606
1   2.4098433931560672
1   2.2258107683451533
1   2.2258107683451853
1   2.6587394500086163
1   2.2903819351004304
1   2.2903819351004326
1   2.5589534747165685
1   2.5589534747165898
1   2.684252649439832
1   2.5575468518527633
1   2.5575468518527651
1   2.2611368235992355
1   2.261136823599232
1   2.3956289515753282
1   2.395628951575338
1   2.3538319654773727
1   2.3538319654773763
1   2.1674313827427447
1   2.0135275889180333
1   2.013527588918028
1   2.3278227604895383
1   2.3278227604895068
1   2.5040642385542222
1   2.5040642385541938
1   2.2001266327959881
1   2.2023971461876886
1   2.2023971461877427
1   2.2946867960599535
1   2.2946867960599526
1   2.2835245333283947
1   2.5092327725183767
1   2.5092327725183754
1   2.3068728106328331
1   2.3068728106327749
1   2.2908161049893714
1   2.2908161049893581
1   1.8434465197137877
1   1.8434465197138064
1   1.7910682411934551
1   1.7910682411934795
1   2.1021966856353984
1   1.8798595735403802
1   1.8798595735403745
1   2.1718001723430262
1   2.1718001723430271
1   1.9254377454130811
1   1.9876224724888187
1   1.9876224724888223
1   2.2430927060898274
1   2.2430927060898518
1   2.28616538354503
1   1.9746744351181791
1   1.974674435118172
1   2.1991756741996165
1   2.1991756741996262
1   2.0518547383093351
1   2.0518547383093582
1   2.1583327439008158
1   2.1649517072231244
1   2.1649517072231097
1   2.261084964694696
1   1.8391666609842385
1   1.8391666609842399
1   2.0729886341809522
1   2.0729886341809638
1   2.1742021593189174
1   2.1742021593189134
1   2.261120023622547
1   2.123908496105368
1   2.1239084961053565
1   2.0222598891680557
1   2.0222598891680525
1   1.8210586431594522
1   1.821058643159462
1   2.090254483135034
1   2.0902544831350109
1   2.1146453923134385
1   1.8823671083802109
1   1.8823671083802256
1   2.0346160941996514
1   2.0346160941996425
1   1.8528116167607118
1   1.852811616760722
1   1.9201357715091634
1   1.9201357715091794
1   2.0955372956733633
1   1.9435725823925214
1   1.9435725823925321
1   2.0882676447609572
1   2.0882676447609883
1   1.7056628586877478
1   1.9664080672918711
1   1.9664080672918836
1   1.7296733811674589
1   1.7296733811674798
1   1.9720725782544934
1   1.9720725782544926
1   1.5146141920787919
1   1.840164096092086
1   1.8401640960920567
1   1.8603112729250428
1   1.8603112729250246
1   1.5805655722760648
1   1.5805655722760648
1   1.8416273912891037
1   1.910050829990559
1   1.9100508299905705
1   1.9734840415436983
1   1.9734840415437018
1   1.7839184901805707
1   2.101131463429164
1   1.6444911170853054
1   1.9919695871870449
1   1.9919695871870617
1   1.8610252965794154
1   1.8610252965794154
1   1.6889697258260425
1   1.6889697258260195
1   1.7677389638941268
1   1.6760706634327356
1   1.9736842043009255
1   1.7210659808753044
1   1.7210659808752999
1   2.0356285598550508
1   1.7422132931764085
1   1.7422132931764129
1   1.6437287154508522
1   1.6437287154508371
1   1.6891171124702891
1   1.6891171124703104
1   1.6070129951381498
1   1.6070129951381502
1   1.8051704624216978
1   1.8051704624216858
1   1.314549048055343
1   1.3145490480553512
1   1.473306275846102
1   1.3599980568088423
1   1.418943012245494
1   1.418943012245494
1   1.4390053889106094
1   1.4390053889106258
1   1.3983299253064008
1   1.3983299253064041
1   1.6277795353829707
1   1.6277795353829743
1   1.4813960005038402
1   1.4813960005038489
1   1.4881848358189145
1   1.4881848358189256
1   1.0169926274255527
1   1.0169926274255559
1   2.7223582301594993
1   2.5592194860393023
1   2.5592194860393134
1   2.8122023167962524
1   2.8122023167962609
1   2.4665085477881821
1   2.4665085477881927
1   2.4650496572715825
1   2.4650496572715732
1   2.40518376214456
1   2.4051837621445551
1   2.6209493229362644
1   2.6209493229362657
1   2.3816370637469171
1   2.7576596651646299
1   2.3535053982150069
1   2.3535053982150194
1   2.2863150042685372
1   2.2863150042685456
1   2.2600687528562946
1   2.260068752856299
1   2.1562181469859585
1   2.1562181469859643
1   1.9178576651741537
1   1.8271426776542761
1   1.8271426776542858
1   2.1890741265789071
1   2.2274581909147044
1   1.8503220785853447
1   1.8503220785853514
1   1.9918661084902345
1   1.9976460137495802
1   1.9976460137496903
1   1.8295027139027504
1   1.8295027139027451
1   2.0184220918423739
1   2.0184220918423774
1   2.2471502371069572
1   2.0091292773080474
1   2.0091292773079248
1   2.3314760295723342
1   2.3314760295723422
1   1.8131642114382736
1   1.8131642114382776
1   1.8258850234195649
1   1.8258850234195596
1   1.7491278453553831
1   1.9182138123593959
1   1.9182138123593995
1   1.6394513029383639
1   1.639451302938399
1   1.8230615749664447
1   1.823061574966482
1   1.8598018986014342
1   1.8598018986014444
1   1.9356846032669877
1   1.7618636889413195
1   1.7618636889413435
1   1.5299313164498369
1   1.5299313164498436
1   1.7235492182962089
1   1.7235492182962151
1   1.561021360859844
1   1.5610213608598493
1   1.3838099722685109
1   1.3838099722685144
1   1.3548776159826255
1   1.3548776159826235
1   1.2766245344258582
1   1.2123892370853036
1   1.2123892370853053
1   1.1261824112007424

2   3.098120378059638
2   3.0521280885775091
2   3.0521280885774931
2   2.9237805784000934
2   2.9237805784000734
2   2.7413697088516873
2   2.7413697088516624
2   2.5494121541026669
2   2.5494121541026433
2   2.401730841955771
2   2.4017308419557595
2   2.345948138115185
2   3.157862465628317
2   3.0646021402509303
2   3.0646021402509209
2   2.8661646721109588
2   2.8661646721109455
2   2.7469132516005668
2   2.7469132516005588
2   2.8151660178654581
2   2.8151660178654399
2   2.9760457339866822
2   2.9760457339866564
2   3.0553927229117468
2   2.6939767421892316
2   2.6939767421892236
2   2.5079802810684151
2   2.507980281068396
2   2.4098719157499238
2   2.78048056403818
2   2.7804805640381738
2   2.6890091667254525
2   2.6890091667254628
2   2.5042035974325199
2   2.5042035974325438
2   2.4085311006622097
2   3.5325904804873769
2   3.4564887661399464
2   3.4564887661399397
2   3.348623206681768
2   3.3486232066817698
2   3.2397917657607316
2   3.2397917657607245
2   3.0861149316311498
2   3.0861149316311445
2   2.9760918228196207
2   2.9760918228196154
2   2.9471280296670694
2   2.7598269041856427
2   2.7598269041856489
2   2.7996529366858227
2   2.7996529366858289
2   2.7263944509114992
2   2.5777507451091206
2   2.5777507451091242
2   2.430764877578131
2   2.4761006400163628
2   2.4761006400163623
2   2.5112442917150903
2   2.5112442917150903
2   2.7626496498443451
2   2.7228338535013887
2   2.7228338535013838
2   2.7181923059201036
2   2.7181923059200774
2   2.7572371455179239
2   2.7572371455179177
2   2.7589315598973276
2   2.758931559897305
2   2.7631649571497294
2   2.7631649571497294
2   2.7754557591902351
2   2.6941926578114961
2   2.694192657811497
2   2.5739458186371045
2   2.6714440726649569
2   2.6714440726649458
2   2.6693757067871928
2   2.6693757067871848
2   2.5594231950300235
2   2.5594231950300106
2   2.6597720335932502
2   2.5884493399764135
2   2.5884493399764308
2   2.8870251477673969
2   2.9037330118479199
2   2.9037330118478688
2   2.8655149165509237
2   2.8655149165509828
2   2.7555447796934605
2   2.7555447796933819
2   2.8097914076011219
2   2.6134951315767982
2   2.6134951315768182
2   2.7101565470418341
2   2.7101565470417759
2   2.4153586501545194
2   2.4153586501544511
2   2.2654026338704627
2   2.5370851104361036
2   2.5370851104360534
2   2.3834815620791909
2   2.3834815620792957
2   2.2871205521728935
2   2.2871205521728672
2   2.2986737632762577
2   2.2986737632763306
2   2.3636047314041959
2   3.5735813475825111
2   3.322079375484662
2   3.3220793754846505
2   3.2146598812627158
2   3.2146598812627105
2   2.9047023979488005
2   2.9047023979487876
2   2.9091282752714251
2   2.9091282752714194
2   3.0035741033762546
2   3.0035741033762524
2   3.0683972570732223
2   3.0365476041639057
2   2.8828847855440802
2   2.8828847855440607
2   2.9934377767618212
2   2.9934377767618092
2   2.8656758472733639
2   2.8656758472733643
2   2.8029743566324363
2   2.8029743566324226
2   2.8669061433977325
2   2.8669061433977245
2   2.7536329326275064
2   2.8187917336788253
2   2.7931907870553498
2   2.7931907870553641
2   2.7285675749733729
2   2.7429057944180979
2   2.7429057944181121
2   2.6895122866259049
2   2.9761373062284351
2   2.9522901423965697
2   2.9522901423965804
2   2.590576228282762
2   2.5905762282827549
2   2.6289301316333407
2   2.6289301316333558
2   2.7214849653505953
2   2.7214849653505935
2   2.8282524280196517
2   2.8282524280196708
2   2.5667008977878019
2   2.7091896572583059
2   2.7091896572583232
2   2.604614927218142
2   2.6046149272181411
2   2.4118326187768293
2   2.411832618776828
2   2.4540413847262013
2   2.4540413847261986
2   2.2910510023104083
2   2.2910510023104047
2   2.1781315273425803
2   2.1393799146654899
2   2.2560158425006711
2   2.2560158425006724
2   2.4737673626995575
2   2.4737673626995536
2   2.6125474136872535
2   2.6125474136872509
2   2.466166742866188
2   2.4661667428661875
2   2.5240911334258813
2   2.5240911334258742
2   2.3316551275423483
2   3.9866600261341931
2   3.2010792472711729
2   3.2010792472711675
2   3.4523440866605943
2   3.4523440866605912
2   3.3704223641820996
2   3.3704223641820921
2   3.1858298572253148
2   3.1858298572253059
2   3.2474590590656454
2   3.2474590590656458
2   3.1135663949193746
2   3.4810485687371369
2   2.9815998594704958
2   2.981599859470478
2   3.0916581306611186
2   3.0916581306611182
2   3.1951096657033498
2   3.1951096657033449
2   2.6643232515570214
2   2.6643232515570205
2   3.2365473847485378
2   3.2365473847485386
2   2.4266420346544515
2   2.8436913290661137
2   3.1054349592100481
2   3.105434959210049
2   2.8416511131790405
2   2.841651113179041
2   3.1035946418817759
2   3.1035946418817715
2   3.0059407817289139
2   3.0059407817289117
2   3.4311986930051299
2   3.4311986930051237
2   3.0173981675984822
2   2.8193518572863741
2   2.8193518572863736
2   3.2306854096567563
2   3.2306854096567608
2   2.8581864064862161
2   2.8280173218052855
2   2.8362121967196416
2   2.8362121967196345
2   2.7631274226488878
2   2.4770329597525196
2   2.6340713821311539
2   2.6340713821311468
2   2.874313045733313
2   2.8743130457333188
2   2.8367972539752468
2   2.8367972539752406
2   2.870264343087138
2   2.8702643430871424
2   2.4651591602082976
2   2.4651591602083003
2   2.6592346735268366
2   2.6592346735268357
2   2.6545133598522384
2   2.6545133598522419
2   2.9951607083430498
2   2.9951607083430458
2   2.6852991030681448
2   2.6852991030681426
2   2.7688799733318907
2   2.7688799733318885
2   2.674865812990936
2   2.6748658129909306
2   2.628990427860892
2   2.6289904278608942
2   2.780468640620108
2   2.8385795501855648
2   3.0000000000000022
2   2.6602820850170197
2   2.6602820850170219
2   2.4613864658127231
2   2.4613864658127236
2   2.7224577929868321
2   2.7224577929868357
2   2.823509807897655
2   2.4214168593533687
2   2.4214168593533656
2   2.4756490855772864
2   2.4756490855772872
2   2.5003188062043922
2   2.7468901743488061
2   2.7468901743488088
2   2.8638411798258439
2   2.8638411798258425
2   2.7684620250153467
2   2.4971894957154595
2   2.4971894957154581
2   2.6898420983497013
2   2.6898420983497022
2   2.5343453354857837
2   2.5343453354857886
2   2.6400996824759591
2   2.6400996824759564
2   2.6238202689108232
2   2.6238202689108245
2   2.4268991345113005
2   2.5119660365688121
2   2.5119660365688148
2   2.5251718091230777
2   2.5251718091230781
2   2.7435167367239934
2   2.7435167367239979
2   2.464894225978346
2   2.2438168115403454
2   2.48371933181852
2   2.4837193318185222
2   2.5124508510943171
2   2.5124508510943224
2   2.3989661892089833
2   2.3989661892089864
2   2.4412518516937545
2   2.4412518516937523
2   2.5764842162374926
2   2.5764842162374939
2   2.3604448246205054
2   2.3628987680158793
2   2.3628987680158788
2   2.4369057906257572
2   2.548123062376789
2   2.5481230623767863
2   2.5626446907840412
2   2.3124357971984488
2   2.3124357971984519
2   2.4264268492417074
2   2.4264268492417145
2   2.2844029210559977
2   2.2844029210560008
2   2.25233010855864
2   2.3682591933281154
2   2.3682591933281194
2   2.2946231224418145
2   2.2946231224418123
2   2.2026352294231457
2   2.2026352294231457
2   2.5409070148472059
2   2.4673084169341992
2   2.4673084169341974
2   2.3881348414380308
2   2.3881348414380308
2   2.6309173032002677
2   2.4166010944846703
2   2.4166010944846694
2   2.2460751076272274
2   2.2460751076272256
2   2.2502841629510577
2   2.2502841629510573
2   2.416239990220125
2   2.4162399902201308
2   2.3431630034893085
2   2.3431630034893076
2   2.5951622245502106
2   3.8366422994196725
2   2.8364939431126373
2   2.8364939431126408
2   3.7292999682492312
2   3.7292999682492418
2   2.7758056844167771
2   2.7758056844167784
2   2.978588077658864
2   2.9785880776588636
2   3.6369800856180374
2   2.7627188625708694
2   2.7627188625708698
2   3.2442109578650373
2   2.6771510006318766
2   2.6771510006318757
2   3.0122418250021834
2   3.0122418250021856
2   3.2187814835655137
2   3.2187814835654991
2   3.1984971181273929
2   2.9110127082502602
2   2.9110127082502588
2   3.1743754570738707
2   2.698455202473276
2   2.6984552024732826
2   3.1156474898140414
2   3.1156474898140658
2   2.7485906570028495
2   2.7485906570028726
2   2.8390097779295917
2   2.8390097779295713
2   2.8126172330969634
2   2.8126172330969612
2   2.5474538848374264
2   2.622417365905203
2   2.6798725983369351
2   2.6798725983369298
2   3.0145254162203425
2   2.6596690205485221
2   2.6596690205485172
2   3.0246832519510316
2   3.0246832519510374
2   2.8304928304111519
2   2.8304928304111914
2   2.8305938863863553
2   2.830593886386346
2   2.5693643876851442
2   2.5693643876851877
2   2.8627685176918334
2   2.5762316221639998
2   3.02290280794693
2   3.0229028079469384
2   2.728817334534265
2   2.7288173345342503
2   2.6577412503688
2   2.657741250368804
2   2.6677618024281995
2   2.6677618024281955
2   2.7171875035613144
2   2.6273909195865821
2   2.6273909195865515
2   2.6068248089995198
2   2.6068248089995394
2   2.7167307459982704
2   2.7167307459982721
2   2.6390723452533007
2   2.6390723452533398
2   2.2697270082656673
2   2.5120962614632814
2   2.5120962614632836
2   2.4742502182719921
2   2.4742502182719779
2   2.7402467186334363
2   2.701604516316467
2   2.7016045163164679
2   2.6046321178169856
2   2.6046321178169842
2   2.3604617433630044
2   2.3604617433630097
2   2.4023149784162121
2   2.4023149784162099
2   2.6929767149733084
2   2.5225444074369081
2   2.2953640307660406
2   2.2953640307660383
2   2.4407008508942383
2   2.4407008508942325
2   2.5481181674203457
2   2.5481181674203541
2   2.2662099821561443
2   2.1022564840140272
2   2.1022564840140285
2   2.4332882423194468
2   2.4332882423194482
2   2.153468082376389
2   2.1534680823763934
2   2.4588600702592087
2   2.3567198887813006
2   2.3567198887813019
2   2.4096574812554956
2   2.4096574812554996
2   2.442224857253863
2   2.4422248572538674
2   2.2869211643247049
2   2.2586191378370124
2   2.2586191378370097
2   2.3442065604451998
2   2.3442065604452074
2   2.4244374250280165
2   2.4244374250280241
2   2.324616040598245
2   2.3246160405982357
2   2.0245605886588165
2   2.2288268054840166
2   2.3376488053344695
2   2.3376488053344615
2   2.2608015927000813
2   2.2608015927000911
2   2.1245584298312354
2   2.1245584298312341
2   2.368403706696264
2   2.3684037066962631
2   2.0408815179425845
2   2.2959964135675661
2   2.2959964135675683
2   2.0181948487518486
2   2.8694281482719983
2   2.884085287095314
2   2.8840852870953211
2   2.8218767580967974
2   2.8218767580968032
2   2.7966656336188946
2   2.7966656336188982
2   2.8211242753667802
2   2.821124275366786
2   2.7113670912012999
2   2.7113670912013039
2   2.7137963339429936
2   2.7137963339429931
2   2.6877672500602992
2   2.6877672500603063
2   2.6881895115324443
2   2.6589985264330451
2   2.6454905747955766
2   2.6454905747955864
2   2.5030778354203305
2   2.5030778354203358
2   2.5463855861363656
2   2.4558665164503051
2   2.4558665164503077
2   2.413461180458476
2   2.3423252890960153
2   2.3423252890960171
2   2.3530780366648028
2   2.3530780366648112
2   2.2528027372755455
2   2.252802737275553
2   2.1958380253821157
2   2.1958380253821224
2   2.3321939790396633
2   2.1173890263386359
2   2.1173890263386337
2   2.503276757182558
2   2.5032767571825607
2   2.4934458838199265

3   3.7529937642924498
3   3.7081071210660532
3   3.708107121066055
3   3.5879988477423819
3   3.5879988477423783
3   3.4295631028271902
3   3.4295631028271907
3   3.2771338113240915
3   3.2771338113240915
3   3.1690503019081655
3   3.1690503019081633
3   3.1301834691917922
3   3.9288393459914657
3   3.8104991133805326
3   3.8104991133805317
3   3.5639052257506521
3   3.5639052257506512
3   3.3954326680514524
3   3.3954326680514546
3   3.4044495229839016
3   3.4044495229838967
3   3.5067257678442347
3   3.5067257678442401
3   3.5611962063969163
3   3.0000000000000013
3   3.1127608462427205
3   3.1127608462427174
3   3.3317139009579853
3   3.3317139009579804
3   3.4734484427936239
3   3.4734484427936216
3   3.4828321823139943
3   3.4828321823139903
3   3.4217192873399402
3   3.4217192873399416
3   3.3862408705123141
3   4.7478668002300095
3   3.7508296487353485
3   3.7508296487353459
3   4.4389443260024288
3   4.4389443260024306
3   3.8417993790145033
3   3.8417993790144989
3   3.8176375545502808
3   3.8176375545502763
3   3.8552814647696367
3   3.8552814647696358
3   3.3725725332421557
3   3.3725725332421548
3   3.6368266577773056
3   3.6368266577773118
3   3.4714459129638211
3   3
3   3.5831007622850644
3   3.5831007622850555
3   3.6904319373742167
3   3.810508716803878
3   3.810508716803878
3   3.6825684871528335
3   3.2043908207187775
3   3.2043908207187761
3   3.5231540669094761
3   3.5231540669094752
3   3.4634049197458219
3   3.4634049197458205
3   3.2085257865054602
3   3.2085257865054606
3   3.3038349090990229
3   3.3038349090990176
3   3.3960771248831394
3   3.3960771248831274
3   3.5082356048515635
3   3.6158755531376432
3   3.6158755531376325
3   3.5629208148877467
3   3.5629208148877414
3   3.5880049756322894
3   3.1839632252541881
3   3.1839632252541819
3   3.4125817161115006
3   3.4125817161114989
3   3.2591065345133874
3   3.2591065345133829
3   3.321289947053224
3   3.3212899470532253
3   3.561351674130675
3   3.2752428197970529
3   3.2752428197970493
3   3.405912353949081
3   3.5092317664922241
3   3.1674391018964854
3   3.1674391018964831
3   3.2517618461915037
3   3.2517618461914979
3   3.1786060322851384
3   3.1786060322851388
3   3.374181278108245
3   3.2061467514030948
3   3.2061467514030957
3   3.1938392091295045
3   3.1938392091295054
3   3.2006123361723797
3   3.2006123361723779
3   3.3996589251276634
3   3.3996589251276621
3   3
3   3.1498999403192798
3   3.149899940319282
3   3.2043541144460623
3   3.2043541144460623
3   3.1112360895132247
3   3.1112360895132176
3   3.3131218858564431
3   3.0085595312619193
3   3.008559531261918
3   2.9999999999999996
3   3.0182695968102942
3   3.0182695968102933
3   3.076817950809617
3   3.0768179508096138
3   4.2353509889133667
3   3.6085135773399921
3   3.6085135773399886
3   3.84292154027378
3   3.8429215402737711
3   3.9327007021455733
3   3.5451460396278049
3   3.5451460396278041
3   3.9911182292190581
3   3.9911182292190608
3   3.88142157508309
3   3.8814215750830909
3   3.2551424515458618
3   3.2551424515458596
3   3.3749442164729766
3   3.1805556092405904
3   3.18055560924059
3   3.3721787532793175
3   3.3721787532793126
3   3.3251062963127818
3   3.32510629631278
3   3.4114204774542354
3   3.4114204774542327
3   3.4240132851794929
3   2.9999999999999996
3   3.2504229752672158
3   3.2504229752672145
3   3.352928822687637
3   3.3529288226876384
3   3.1791395672253544
3   3.179139567225354
3   3.6272533241353981
3   3.6272533241353964
3   3.4167057137455816
3   3.4167057137455723
3   3.6562858479437761
3   3.1506798577353745
3   3.1506798577353803
3   3.2818845488715351
3   3.3296726991124013
3   3.3296726991124053
3   3.3295861933407629
3   3.3295861933407638
3   3.0365649189522275
3   3.036564918952227
3   3.2562404266002738
3   3.2562404266002534
3   3.077358700162228
3   3.1850741490330616
3   3.1850741490330789
3   3.0700627338683004
3   3.2017162349800619
3   3.2017162349800619
3   3.2780511858755341
3   3.2780511858755315
3   3.1203528507454941
3   3.1203528507454945
3   3.3198835059826139
3   3.3198835059826091
3   3.0000000000000018
3   3.8369668012341442
3   3.7178471566642779
3   3.7178471566642735
3   3.745909948822697
3   3.7459099488226988
3   3.6362896608678774
3   3.6362896608678756
3   3.578382161356978
3   3.5490327203233676
3   3.5490327203233658
3   3.5231450643933835
3   3.4292892995522579
3   3.4292892995522632
3   3.1918309478247746
3   3.1918309478247742
3   3.3638794825899501
3   3.3638794825899483
3   3.5658555751598024
3   3.4604762474747295
3   3.4604762474747277
3   3.1721462852142785
3   3.1497540966023565
3   3.1497540966023556
3   3.3998282497371748
3   3.3998282497371739
3   3.061721144784173
3   3.0617211447841735
3   3.2178149090350696
3   3.2178149090350687
3   3.0209021607761231
3   3.0209021607761222
3   3.032277301225899
3   3.0322773012259008
3   3.1349689432523005
3   2.9999999999999996
3   3.0642977794987307
3   3.0642977794987334
3   3.0049323656190277
3   3.0049323656190299
3   3.0060887605452011

4   4.5813190231459462
4   4.5110319923865507
4   4.5110319923865489
4   4.359459085547571
4   4.3594590855475692
4   4.2125444388931577
4   4.2125444388931568
4   4.1008196730268844
4   4.1008196730268835
4   4.0271499078118804
4   4.0271499078118778
4   4.0000000000000009
4   4.5206699446069463
4   4.3165349037905827
4   4.31653490379058
4   4.4867766184074753
4   4.372413365082342
4   4.3724133650823411
4   4.0526629816683464
4   4.0526629816683464
4   4.1525121955482378
4   4.1525121955482378
4   4.0105240980204639
4   4.0105240980204639
4   5.077209654060618
4   4.6025960191018269
4   4.6025960191018189
4   4.2186989499770986
4   4.2186989499770986
4   4.8096728430402349
4   4.8096728430402322
4   4.6100041872874282
4   4.6100041872874256
4   4.5507991273391752
4   4.7074342156054438
4   4.7074342156054358
4   4.0386869122031941
4   4.0386869122031861
4   4.0372559441263141
4   4.0372559441263141
4   4
4   4.0108609966164215
4   4.0108609966164215
4   4.063841956404926
4   4.0004531504985321
4   4.0004531504985312
4   4.0492823652809147
4   4.0492823652809147
4   4.0337062087298454
4   4.0337062087298445
4   4.019017113105317
4   4.0190171131053152
4   4.0134783851675149
4   4
4   4.0038675043828116
4   4.0038675043828107
4   4.0000436678639879
4   4.000043667863987
4   4.0009123327040088
4   4.0001018919061293
4   4.0001018919061284
4   4.00032381532617
4   4.0003238153261691
4   4.0026179685428618
4   4.0026179685428609
4   4.0034361922047639

5   6
5   5
5   4.9999999999999991
5   5
5   5
5   5.0000000000000009
5   5
5   5
5   5
5   5
5   5
5   5

6   6

