-6   6

-5   6.0000000000000009
-5   5
-5   5
-5   5.0000000000000009
-5   4.9999999999999991
-5   5
-5   5
-5   5
-5   5
-5   5
-5   5.0000000000000009
-5   4.9999999999999991

-4   5.993197351006641
-4   4.9982094441045648
-4   4.9982094441045595
-4   4.0101846050725305
-4   4.0101846050725269
-4   4.0095281635483015
-4   4.9904938301244099
-4   4.9904938301244064
-4   4.0047199639609889
-4   4.0047199639609898
-4   4.0021340395032086
-4   4.0021340395032095
-4   4.001941067864248
-4   4.001941067864248
-4   4.0000107728563377
-4   4.0000107728563377
-4   4.997496682008375
-4   4.9931176420629777
-4   4.9931176420629777
-4   4
-4   4.9953606493428877
-4   4.995360649342885
-4   4.98615421340764
-4   4.9861542134076382
-4   4.0013854447895794
-4   4.0013854447895785
-4   4.0036263896577244
-4   4.0036263896577244
-4   4.0002572211919469
-4   4.0108488266375408
-4   4.0108488266375408
-4   4.0054670311805944
-4   4.0054670311805936
-4   4.003495454582219
-4   4.0034954545822181
-4   4.0030016924426457
-4   4.000006726132459
-4   4.000006726132459
-4   3.9999999999999973
-4   4.0000323808128071
-4   4.0000323808128071
-4   4.0000240214320923
-4   4.0000240214320923
-4   4.0001778120710423
-4   4.0001778120710414
-4   4.0004516221999484
-4   4.0004516221999475
-4   4.0000150095866429
-4   4.0001800712347064
-4   4.0001800712347055
-4   4.0000562206672008
-4   4.0000000000000009
-4   4.000020020409746
-4   4.000020020409746
-4   4.0000024916491581
-4   4.0000024916491581
-4   4.000002586569444
-4   4.0000094407732716
-4   4.0000094407732716
-4   4.0000003098505044
-4   4.0000003098505026
-4   4.0000011540724882
-4   4.0000011540724865
-4   4.0000184410762172
-4   4.0000184410762181
-4   4.0000078311618754

-3   5.9815037009125565
-3   4.9861161722551754
-3   4.9861161722551763
-3   4.0040948849898612
-3   4.0040948849898266
-3   4.0197726133803311
-3   3.0564169634691543
-3   3.0564169634691454
-3   3.0290003427222798
-3   3.0290003427222745
-3   3.0287970147239078
-3   3.0287970147239029
-3   4.9850389807908027
-3   4.9850389807907964
-3   3.9552233456986503
-3   3.9552233456986476
-3   3.0164473154539011
-3   3.0164473154538971
-3   3.0163828530567121
-3   3.9903331694227555
-3   3.9903331694227484
-3   3.9725087901843654
-3   3.972508790184361
-3   3.0201099458570995
-3   3.0201099458571004
-3   3.9841090287056407
-3   3.9841090287056335
-3   4.967597284641819
-3   4.9675972846418048
-3   4.9845744175669671
-3   3.9923865670669052
-3   3
-3   3.0379832298367484
-3   4.9852487477439844
-3   4.9852487477439906
-3   3.041774691625776
-3   3.0417746916257773
-3   4.9494286064469266
-3   4.9494286064469302
-3   3.991492303548215
-3   3.9914923035482159
-3   3.22279832633156
-3   3.2227983263316085
-3   3.867387682814754
-3   3.8673876828147851
-3   3.0088288038348394
-3   3.0088288038348381
-3   3.9758567514849252
-3   3.0405483752502271
-3   3.0405483752502289
-3   4.0104059444620566
-3   4.0104059444620557
-3   3.0208495146195018
-3   3.981222194908602
-3   3.9812221949086011
-3   3.9925442480958937
-3   3.9925442480958866
-3   3.0016646131990039
-3   3.001664613199003
-3   3.0126078947897152
-3   3.9835258657300239
-3   3.023053514861493
-3   3.0230535148614912
-3   3.9939905798221416
-3   3.9939905798221433
-3   3.0093954973182391
-3   3.0093954973182391
-3   3.0118670296069432
-3   3.0118670296069427
-3   3.9971469554661851
-3   3.0091681258077765
-3   3.0091681258077765
-3   3.0048680049290315
-3   3.0048680049290302
-3   3.9847287164006131
-3   3.984728716400606
-3   3.007684954680601
-3   3.0076849546806019
-3   3.0080665141254648
-3   3.0078402999561482
-3   3.0078402999561482
-3   3.0000000000000004
-3   3.0120125841010981
-3   3.9945177206448275
-3   3.9945177206448266
-3   3.0077525971556014
-3   3.416320610548397
-3   3.4163206105484187
-3   3.0037561378668496
-3   3.0037561378668491
-3   3.6388985525611046
-3   3.6388985525611268
-3   3.0164204042093954
-3   3.0017672157934676
-3   3.0017672157934681
-3   3.9833407510873498
-3   3.9833407510873453
-3   3.0031949030027363
-3   3.0031949030027341
-3   3.0139383057255387
-3   3.0139383057255369
-3   3.0029581675985408
-3   3.0029581675985391
-3   3.0168366424484567
-3   3.0168366424484572
-3   3.9934420764818297
-3   3.00225060831088
-3   3.0022506083108791
-3   3.0051316396471806
-3   3.0051316396471792
-3   3.9673508992113025
-3   3.9673508992113042
-3   3.000586415858038
-3   3.000586415858038
-3   3.9761320642183957
-3   3.9841669330679066
-3   3.0382016953213684
-3   3.0382016953213684
-3   3.017523666886782
-3   3.0090633607042814
-3   3.0090633607042814
-3   3.9509249068615233
-3   3.9509249068615215
-3   3.5000812800885903
-3   3.500081280088601
-3   3.0065253779055419
-3   3.0065253779055423
-3   3.0212579325797289
-3   3.0212579325797289
-3   3.5509757630550025
-3   3.5509757630549927
-3   3
-3   3.0145082997532007
-3   3.0145082997531993
-3   3.0072668406212677
-3   3.0072668406212664
-3   3.985930084233372
-3   3.0128788332504497
-3   3.9736674954303268
-3   3.9736674954303224
-3   3.0193445494470499
-3   3.0193445494470503
-3   3.9950765341845083
-3   3.9950765341845065
-3   3.0013136537423559
-3   3.0013136537423564
-3   3.0085886736878207
-3   3.5539896236710993
-3   3.5539896236710646
-3   3.5008605563324586
-3   3.5008605563324924
-3   3.0082142034228219
-3   3.0082142034228219
-3   2.9999999999999996
-3   3.9820393315799016
-3   3.9820393315799016
-3   3.6442896693757145
-3   3.4111653928368391
-3   3.0000000000000009
-3   3.0039550713735865
-3   3.0039550713735852
-3   3.0041868431410408
-3   3.004186843141039
-3   3.000732322098286
-3   3.0130485524791046
-3   3.0130485524791064
-3   3.0050524867315711
-3   3.005052486731572
-3   3.001356996089088
-3   3.0013569960890893
-3   3.0006561971329746
-3   3.0006561971329742
-3   3.0003345728171995
-3   3.0003345728171977
-3   3.0012783718840685
-3   3.0012783718840677
-3   3.0025971651331105
-3   3.0025971651331114
-3   3.00142793616557
-3   3.0014279361655722
-3   3.0004566478509265
-3   3.0004566478509265
-3   3.0023051998981707
-3   3.0023051998981698
-3   3.0062182960190489
-3   2.9999999999999996
-3   3.0000825974880931
-3   3.0000825974880927
-3   3.0001979419782341
-3   3.0001979419782345
-3   3.0000406450121218
-3   3.0000406450121235
-3   3.00032870105656
-3   3.0004286678276229
-3   3.0004286678276255
-3   3.0016346305947743
-3   3.0016346305947739
-3   3.0005053941972992
-3   3.0012216753200787
-3   3.0012216753200809
-3   3.0001170695853494
-3   3.0001170695853503
-3   3.0000688282629024
-3   3.0000688282629038
-3   3.0001096995133105
-3   3.0004977217766915
-3   3.0004977217766924
-3   3.0000442063094068
-3   3.0000442063094073
-3   3.0000379261556773
-3   3.0000379261556804
-3   3.0000163706817169
-3   3.0000163706817173
-3   3.0004766140526984
-3   2.9999999999999991
-3   3.0001369321493923
-3   3.0001369321493923
-3   3.000014325892328
-3   3.0000143258923315
-3   3.0000135429008608

-2   5.9683095977253551
-2   4.969810973358479
-2   4.9698109733584843
-2   3.9856762038862623
-2   3.9856762038862161
-2   3.0238222437712978
-2   3.0238222437712925
-2   4.0182891100956732
-2   2.1606936791244409
-2   2.1606936791244351
-2   2.0491586586995361
-2   2.0491586586995258
-2   2.0166477170542172
-2   3.040160214211709
-2   3.0401602142117108
-2   4.978852288709728
-2   4.9788522887097253
-2   3.9673892011120016
-2   3.9673892011119927
-2   2.9116888711348818
-2   2.9116888711348841
-2   2.0887016732647283
-2   2.0887016732647252
-2   3.0005644152259956
-2   3.0005644152259903
-2   3.0450939816217657
-2   3.9803787783343463
-2   3.9803787783343427
-2   2.0579020151772585
-2   3.9581314152739786
-2   3.9581314152739715
-2   2.9769680546292712
-2   2.9769680546292658
-2   2.0592887043744144
-2   2.0592887043744108
-2   3.9644395349628399
-2   3.9644395349628327
-2   4.9316253878231127
-2   4.9316253878231153
-2   4.9595215936441859
-2   2.9953648716106955
-2   3.0012961979746375
-2   3.9767445408744058
-2   4.9694064021702857
-2   4.9694064021702848
-2   2.0554008479407253
-2   2.055400847940724
-2   3.0568000697698579
-2   3.0568000697698468
-2   2.040152959931246
-2   2.040152959931242
-2   4.8770697170649715
-2   4.8770697170649564
-2   2.1140684694082221
-2   2.1140684694082332
-2   2.1212165521437099
-2   2.0532057076008186
-2   3.9336375041561604
-2   3.9336375041561551
-2   2.9723089192655467
-2   2.9723089192655485
-2   3.9176538332218405
-2   3.9176538332218582
-2   3.240325534093714
-2   3.2403255340936781
-2   2.1132284061853004
-2   2.1132284061853048
-2   3.9733412595382376
-2   2.1102106770139795
-2   2.1102106770139875
-2   2.9517494901330608
-2   3.0004758369872366
-2   3.0004758369872384
-2   3.9886584941455734
-2   3.9886584941455716
-2   3.9822208976595732
-2   3.9822208976595537
-2   3.9537185824464149
-2   3.9537185824464078
-2   2.9660537753531391
-2   2.9251754517316235
-2   2.9251754517316173
-2   3.9685899282384707
-2   2.9942217386414955
-2   2.9942217386414858
-2   2.0341843183997002
-2   2.0831240983233528
-2   2.0831240983233537
-2   2.0701742278908908
-2   2.0701742278908917
-2   3.9781682496018123
-2   3.9781682496017998
-2   3.0017349755175347
-2   3.0017349755175351
-2   2.9755001765495352
-2   2.975500176549529
-2   3.977171767615916
-2   2.0985677203691173
-2   2.9840799578465793
-2   2.9840799578465735
-2   2.060759672938322
-2   2.0607596729383295
-2   2.0336391262556068
-2   2.0235179901582776
-2   2.0235179901582745
-2   2.071183495691268
-2   2.0711834956912689
-2   3.9563660087441965
-2   3.9563660087442045
-2   2.9774602736248208
-2   2.9774602736248168
-2   3.0064152934152935
-2   2.962873586879486
-2   2.9628735868794878
-2   2.0676752240925906
-2   2.0676752240926
-2   2.6086657888600433
-2   2.6086657888600127
-2   2.4957805169407954
-2   2.4957805169408043
-2   2.0657356416584087
-2   2.0763470162367414
-2   2.0763470162367339
-2   2.9949285011523776
-2   2.9298672677150939
-2   2.0772087104048631
-2   2.0772087104048604
-2   2.0403766998952886
-2   2.0403766998952868
-2   2.0292836106717882
-2   2.0292836106717855
-2   3.0072433681433046
-2   2.981360191001087
-2   2.981360191001079
-2   3.9846584159542111
-2   3.9846584159542031
-2   3.4303931655045994
-2   3.4303931655046238
-2   2.978863477013475
-2   3.5980385225678662
-2   3.5980385225678386
-2   2.0208028607333599
-2   2.0208028607333595
-2   2.0439199312478786
-2   2.0439199312478782
-2   2.9880721998455693
-2   2.9880721998455635
-2   2.0358539729825327
-2   3.9590615656101518
-2   3.9590615656101438
-2   2.0099811713869067
-2   2.9754663306142417
-2   2.9754663306142368
-2   2.5572303923399069
-2   2.557230392339902
-2   2.971646668525143
-2   2.971646668525135
-2   2.0415831349534961
-2   2.0415831349534952
-2   2.9580553211298919
-2   2.958055321129891
-2   2.9391618431385287
-2   2.9391618431385282
-2   2.55559905111495
-2   2.5555990511149465
-2   3.9717268223868425
-2   2.0612570306432412
-2   2.0612570306432443
-2   2.0118068629076404
-2   2.0118068629076387
-2   2.013287251388546
-2   2.013287251388546
-2   2.0490911037456923
-2   2.0490911037456905
-2   2.0308707572925191
-2   2.0308707572925164
-2   2.9896793945368922
-2   2.9896793945368882
-2   2.0363315837681468
-2   2.036331583768145
-2   3.9471177123409413
-2   3.9471177123409413
-2   2.0316839758008212
-2   2.9552412815163094
-2   2.9552412815163103
-2   3.9514637879706598
-2   2.1231385535972396
-2   3.9149347815636109
-2   2.0628420867710546
-2   2.0628420867710529
-2   3.016558222750418
-2   3.0165582227504184
-2   2.0238043476824537
-2   2.0238043476824537
-2   2.9278556465078394
-2   2.6736877775261054
-2   2.6736877775261054
-2   2.0189633695634166
-2   2.0189633695634157
-2   2.4479711772760093
-2   2.4479711772760075
-2   2.0776744994889524
-2   2.0776744994889524
-2   3.9216805620193114
-2   3.9216805620193069
-2   2.0115871931788725
-2   2.1280034359379529
-2   2.6973379431280744
-2   2.6973379431280682
-2   3.4284118124290055
-2   3.4284118124290144
-2   2.9990333880352846
-2   2.9990333880352873
-2   2.4286379058548535
-2   2.428637905854846
-2   3.5298753579385176
-2   3.5298753579385238
-2   2.0695397804799334
-2   2.9796194811031058
-2   3.011283280155113
-2   3.0112832801551122
-2   2.908535473226098
-2   2.9085354732260975
-2   3.9728473515916347
-2   2.9825554837106703
-2   3.9417832905848424
-2   3.9417832905848371
-2   2.1345129538103764
-2   2.1345129538103764
-2   2.0814258527682301
-2   2.0814258527682314
-2   3.002284320743358
-2   3.0022843207433549
-2   3.8686895831555415
-2   3.8686895831555388
-2   2.9732022150139299
-2   2.9732022150139281
-2   2.9863002234296641
-2   2.2594492212497475
-2   2.2594492212497381
-2   2.0203265114579958
-2   2.0260261284430756
-2   3.3394036309105797
-2   3.3394036309105797
-2   2.0509653746734475
-2   2.0509653746734453
-2   3.6771578405154619
-2   3.6771578405154619
-2   2.2077056816948422
-2   2.2077056816948364
-2   2.0196156092504687
-2   2.0196156092504682
-2   2.925312769165421
-2   2.9253127691654166
-2   2.9258555837216638
-2   2.9899079846725067
-2   3.8453347706797887
-2   3.8453347706797922
-2   3.5294533778292925
-2   2.7753530469924086
-2   3.0000000000000009
-2   2.0313475087084067
-2   2.0313475087084059
-2   2.0133531011590442
-2   2.0133531011590424
-2   2.0156606293462573
-2   2.9955354152960458
-2   2.9955354152960454
-2   2.0305331343357969
-2   2.0305331343357977
-2   2.020660280366751
-2   2.0206602803667524
-2   2.0095774423411767
-2   2.0095774423411772
-2   2.1129955760737724
-2   2.1129955760737689
-2   2.1338013600806596
-2   2.1338013600806764
-2   2.8807172237536345
-2   2.8807172237536469
-2   2.023128382012811
-2   2.0233895135313991
-2   2.0233895135313986
-2   2.0111644537445779
-2   2.0111644537445788
-2   2.9964901208079153
-2   2.8052630322269381
-2   2.8052630322269141
-2   2.9807330634439424
-2   2.9807330634439482
-2   2.2026329567226712
-2   2.2026329567227001
-2   2.0631065127536488
-2   2.0631065127536492
-2   2.4643743260788749
-2   2.464374326078886
-2   2.0054858177497836
-2   2.6029166170725291
-2   2.6029166170725402
-2   2.9726587158749336
-2   2.972658715874934
-2   2.0027279524768442
-2   2.9930111643333568
-2   2.9930111643333595
-2   2.9785054693090145
-2   2.9785054693090172
-2   2.0479040664750725
-2   2.0479040664750729
-2   2.002176032724956
-2   2.006167810554861
-2   2.0089198665652375
-2   2.0089198665652388
-2   2.9821360496690805
-2   2.9821360496690863
-2   2.9966833569872753
-2   2.9966833569872788
-2   2.9644566350847765
-2   2.9644566350847783
-2   2.0092326849211863
-2   2.0092326849211881
-2   2.0144926855167951
-2   2.0144926855167955
-2   2.0125890522196617
-2   2.8160809934120197
-2   2.8160809934120232
-2   2.9694893691124431
-2   2.2719623481750055
-2   2.2719623481750046
-2   2.0088623841518647
-2   2.0088623841518647
-2   2.9966900028525068
-2   2.0168151617873229
-2   2.0168151617873229
-2   2.0090870746066072
-2   2.0090870746066076
-2   2.0092904069287272
-2   2.0092904069287281
-2   2.0081112021758116
-2   2.0155796000592061
-2   2.015579600059207
-2   2.0050079282675033
-2   2.0488581052714649
-2   2.0032549921843272
-2   2.0313916667881067
-2   2.0313916667881116
-2   2.9867038733864377
-2   2.9867038733864408
-2   2.0156438207502894
-2   2.0156438207502929
-2   2.0092182124924634
-2   2.0092182124924642
-2   2.9768778237284201
-2   2.9768778237284241
-2   2.0182181352626052
-2   2.9908225911777442
-2   2.9908225911777464
-2   2.98091555616455
-2   2.9809155561645531
-2   2.9863359138567711
-2   2.5821993766531497
-2   2.5821993766531595
-2   2.0079691906047876
-2   2.0079691906047898
-2   2.4900274072497437
-2   2.4900274072497517
-2   2.0020064718981905
-2   2.0020064718981909
-2   2.0155075218810485
-2   2.0155075218810472
-2   2.9935956591442312
-2   2.0057848257087025
-2   2.0057848257087052
-2   2.0054432378685036
-2   2.0095520454554681
-2   2.0095520454554672
-2   2.5036696833072378
-2   2.5036696833072116
-2   2.9897354663105307
-2   2.9897354663105329
-2   2.5662942352540261
-2   2.5662942352539995
-2   2.0023436120110665
-2   2.0189509783758637
-2   2.0189509783758646
-2   2.0142476697785363
-2   2.0142476697785368
-2   2.0045702693541325
-2   2.0045702693541334
-2   2.1519875898951479
-2   2.0075980541984002
-2   2.007598054198402
-2   2.0357758169776639
-2   2.035775816977671
-2   2.0065732945501793
-2   2.0065732945501793
-2   2.0259603499821721
-2   2.0259603499821717
-2   2.9564176542817409
-2   2.9564176542817511
-2   2.0068801732946677
-2   2.0068801732946677
-2   2.8838778332271362
-2   2.0272670498188741
-2   2.0272670498188763
-2   2.0039437950835293
-2   2.0039437950835297
-2   2.0015688028424101
-2   2.0042826702732115
-2   2.0042826702732151
-2   2.6248681918886012
-2   2.6248681918884613
-2   2.973858887368491
-2   2.9738588873684901
-2   2.4348277998319565
-2   2.4348277998321137
-2   2.9752969215240963
-2   2.975296921524095
-2   2.0001892407573507
-2   2.005791108876346
-2   2.005791108876346
-2   2.0038161276929074
-2   2.0038161276929096
-2   2.0244300473930785
-2   2.024430047393079
-2   2.0200095868311299
-2   2.0200095868311343
-2   2.0029024543740537
-2   2.0029024543740541
-2   2.8052461649027407
-2   2.8052461649027314
-2   2.0164183039105583
-2   2.016418303910557
-2   2.002395371340306
-2   2.2266046753610906
-2   2.2266046753610991
-2   2.9915518975980162
-2   2.9777833171445556
-2   2.0089873604928705
-2   2.9723712868380292
-2   2.9723712868380177
-2   2.0036951794355407
-2   2.0036951794355438
-2   2.924457913287803
-2   2.9244579132877995
-2   2.0063587984689706
-2   2.0063587984689946
-2   2.9891516501911743
-2   2.0981902833155668
-2   2.0981902833155806
-2   2.0034352709046384
-2   2.0034352709046401
-2   2.0014746041647724
-2   2.001474604164772
-2   2.0058166627227987
-2   2.0058166627228005
-2   2.0207680345802408
-2   2.0027672652545307
-2   2.002767265254533
-2   2.0128098504999783
-2   2.0014918272104136
-2   2.0008247171464264
-2   2.0008247171464273
-2   2.0000475622427176
-2   2.0026562441550548
-2   2.0005425424928371
-2   2.0005425424928398
-2   2.0002172323814476
-2   2.0005600784414068
-2   2.0005600784414077
-2   2.0016527904885031
-2   2.0016236879839435
-2   2.0016236879839489
-2   2.0012227318199223
-2   2.0012227318199272
-2   2.0006300469331619
-2   2.0006300469331664
-2   2.0011913457867085
-2   2.0011913457867085
-2   2.0012222494424119
-2   2.002994436005503
-2   2.0002985253583954
-2   2.0002985253583971
-2   2.0006989969175693
-2   2.0006989969175693
-2   2.0003455341182965
-2   2.0003455341182943
-2   2.0013263636390151
-2   2.0013263636390146
-2   2.0003143483622217
-2   2.000314348362223
-2   2.0002924785455076
-2   2.0002924785455107
-2   2.0008526881028112
-2   2.0008526881028152
-2   2.0004288202699652

-1   5.9578797585398915
-1   4.9562264455408744
-1   4.956226445540854
-1   3.9685332107267879
-1   3.9685332107267275
-1   2.9905916124531133
-1   2.9905916124530711
-1   4.0136112469897522
-1   2.0415120108727516
-1   2.0415120108727183
-1   1.2380732512978068
-1   1.2380732512977903
-1   1.0655920890072379
-1   3.0374873426053264
-1   3.0374873426052718
-1   1.9498730975008582
-1   1.9498730975008529
-1   4.9737121735161738
-1   4.9737121735161365
-1   2.9797338666306792
-1   2.9797338666306521
-1   3.9763125797154428
-1   3.9763125797154082
-1   2.0359612655461468
-1   2.0632002706136592
-1   2.0632002706136472
-1   2.9739925045753584
-1   2.9739925045753317
-1   2.0693847317744267
-1   3.9714258971108318
-1   3.971425897110838
-1   3.0579439049530213
-1   1.1906704669248311
-1   1.1906704669248165
-1   3.9638520972091573
-1   3.9638520972091555
-1   3.0080202649382279
-1   3.008020264938204
-1   1.0968487238137896
-1   1.0968487238137778
-1   2.012874015131068
-1   2.0128740151310516
-1   2.9704909502482741
-1   3.9233991359410485
-1   3.9233991359409748
-1   4.8935089194211114
-1   4.8935089194210448
-1   4.9289748621519314
-1   2.9912360154310598
-1   1.131710760455449
-1   1.1317107604554471
-1   3.9279980194363118
-1   1.2622871755618603
-1   1.2622871755619303
-1   4.9537060133310638
-1   4.9537060133310327
-1   3.0759510040861415
-1   3.0759510040861571
-1   2.1014024346730511
-1   2.1014024346729463
-1   2.0137923558850326
-1   2.0137923558850259
-1   2.0867492517226287
-1   2.0356721339971027
-1   4.8148939458283504
-1   4.8148939458283637
-1   2.8990953305112339
-1   2.8990953305111922
-1   2.161703143505282
-1   2.1617031435052807
-1   2.0198567323982268
-1   2.0198567323982259
-1   3.9777449466769381
-1   3.977744946676939
-1   3.8541223530078863
-1   3.8541223530078925
-1   3.2054594433487718
-1   3.2054594433487504
-1   1.0878494542778068
-1   1.0878494542778103
-1   3.9719353219531675
-1   2.1324728467758298
-1   2.132472846775805
-1   1.077996364019878
-1   2.9781042268824152
-1   2.9655803810555059
-1   2.965580381055485
-1   3.9584351787470329
-1   3.9584351787470311
-1   3.8934389366296447
-1   3.89343893662965
-1   3.9668346981488041
-1   3.9668346981488023
-1   2.9891414545467527
-1   2.9261372497663989
-1   2.9261372497664078
-1   1.2818488267314032
-1   1.2818488267314003
-1   3.9782111186788232
-1   1.1885839893985288
-1   1.9926383881285061
-1   1.9926383881284884
-1   2.9349355346352635
-1   2.9349355346352564
-1   1.2787050430078077
-1   1.2787050430077922
-1   1.246628887663823
-1   1.2466288876638301
-1   1.9679702978646327
-1   2.0543793777660873
-1   2.0543793777661103
-1   3.9606415949829987
-1   3.9606415949829952
-1   1.9057400632448775
-1   1.9057400632448345
-1   2.5208453459721833
-1   2.5208453459721505
-1   2.9238960342056095
-1   2.9238960342056264
-1   2.004869566746581
-1   1.7301880215015428
-1   1.7301880215015619
-1   3.9561257752569752
-1   1.9745423000524327
-1   1.9745423000524593
-1   2.0148784856211615
-1   2.9585929032629741
-1   2.9585929032629692
-1   1.0652816385540138
-1   1.065281638554012
-1   1.5632217593838833
-1   1.5632217593838642
-1   1.2249612753173749
-1   1.22496127531737
-1   1.2356163024638316
-1   3.9337692188064883
-1   3.9337692188064786
-1   2.9312980262823962
-1   2.9265488600192255
-1   2.9265488600192189
-1   2.9959217336776351
-1   2.9959217336776267
-1   2.0281757916520782
-1   2.0281757916521141
-1   1.1328850958007828
-1   1.1328850958007888
-1   2.8254715291273653
-1   2.8254715291274368
-1   2.0817112444935222
-1   2.0817112444935155
-1   1.9950435641284652
-1   1.9950435641284652
-1   1.0458613246376276
-1   2.1660982079249704
-1   2.1660982079250295
-1   2.9591853049053296
-1   2.1195759840443933
-1   1.2210269030693977
-1   1.2210269030693497
-1   2.9690493464106074
-1   2.0170836474439291
-1   2.0170836474439429
-1   1.9978596104182729
-1   1.9978596104182689
-1   2.135521534727987
-1   2.1355215347279595
-1   2.9767740333918393
-1   2.9032515203148748
-1   2.9032515203148583
-1   3.96916796553064
-1   3.9691679655306222
-1   3.3626574144359349
-1   3.3626574144359207
-1   2.0204486498163581
-1   2.0204486498163519
-1   3.6056821635375744
-1   3.6056821635375718
-1   2.9243126917453854
-1   1.0390285716151431
-1   1.0390285716151491
-1   2.9759176198324591
-1   2.9759176198324555
-1   1.9796570488551857
-1   1.9796570488551768
-1   1.3678421045407769
-1   1.1914920382469238
-1   1.1914920382469243
-1   3.9264842925224768
-1   3.9264842925224634
-1   1.9073208673517712
-1   1.5614588199464574
-1   1.492410831260065
-1   1.4924108312600552
-1   2.7259901837359082
-1   2.7259901837358274
-1   2.9655546595685283
-1   2.9655546595685291
-1   1.6887312620126744
-1   1.6887312620126638
-1   2.944757065134767
-1   2.9447570651347612
-1   2.3557111410420073
-1   2.3557111410420002
-1   2.1603011917128283
-1   2.1603011917127608
-1   2.9308513102077516
-1   2.9308513102077711
-1   1.3506844069018045
-1   1.3506844069018493
-1   2.7629039627837364
-1   2.7629039627837213
-1   1.5834876430593865
-1   3.9499507947207118
-1   1.9928328676582874
-1   1.9928328676582829
-1   2.0294422201763638
-1   2.0294422201763531
-1   1.3934907708734579
-1   1.393490770873427
-1   2.0124802109095814
-1   1.8727920792881831
-1   1.8727920792881587
-1   1.0773155472065143
-1   1.0773155472065143
-1   1.9954373864960435
-1   1.9954373864960302
-1   2.887880814244832
-1   2.8878808142448245
-1   1.3041799395912548
-1   1.3041799395912537
-1   2.049785420717873
-1   2.0497854207178676
-1   3.9390287252892087
-1   3.939028725289214
-1   3.9281776979177661
-1   2.9444328515575222
-1   2.9444328515575151
-1   1.1998591670717644
-1   1.1998591670717618
-1   1.8842301870868887
-1   1.8842301870868861
-1   3.1943225142287375
-1   2.0852269412783695
-1   2.024057198301445
-1   2.0240571983014424
-1   2.3491088586772157
-1   1.160135596943896
-1   1.1609353124884749
-1   1.1609353124884745
-1   2.9799921276654673
-1   2.9799921276654606
-1   2.6969779255434236
-1   2.6969779255433921
-1   1.9178467897116551
-1   1.91784678971166
-1   2.9508532804950254
-1   1.1331530042539162
-1   1.1331530042539186
-1   2.4084887543144462
-1   2.4084887543144076
-1   2.0111924772886525
-1   2.0152237351643909
-1   2.0152237351643945
-1   3.9095767061817304
-1   3.909576706181733
-1   1.1888361747059304
-1   1.1888361747059324
-1   2.1467385549117739
-1   1.4465954283951061
-1   1.4465954283951019
-1   2.5598879886137262
-1   2.5598879886137298
-1   3.2004068672375587
-1   3.2004068672376045
-1   2.9893775718465481
-1   2.9893775718465503
-1   2.521230215295104
-1   2.5212302152950881
-1   2.0689941302595689
-1   3.62223574134023
-1   3.6222357413401856
-1   2.9338150505820959
-1   2.8415918887316347
-1   2.8415918887316254
-1   2.9579060379038982
-1   2.9579060379038902
-1   1.3009304573140661
-1   1.3009304573140688
-1   3.96774474473147
-1   2.9166666419749605
-1   3.9166124213886278
-1   3.916612421388618
-1   2.0280713669867048
-1   2.0280713669867025
-1   1.1289401546684412
-1   2.1171413737188938
-1   2.117141373718896
-1   2.3396165623709799
-1   2.3396165623709781
-1   1.8834781274298944
-1   1.8834781274298984
-1   1.4529638174324118
-1   1.4529638174324164
-1   2.8706570857013984
-1   2.8706570857013904
-1   1.3355511658589012
-1   1.1041213977972988
-1   1.1041213977972981
-1   3.6457456790815188
-1   3.6457456790815099
-1   1.3903041939705354
-1   1.0713553839597398
-1   2.9812358794260314
-1   1.9484131301186038
-1   2.4785009850404278
-1   2.4785009850404345
-1   2.0210115948488601
-1   1.1276901023593657
-1   1.1276901023593642
-1   2.1300653499875417
-1   2.1300653499875453
-1   2.9563749556411372
-1   2.9563749556411509
-1   3.8397012894429139
-1   3.8397012894429157
-1   1.9975322578831487
-1   1.9975322578831487
-1   1.9886228512784707
-1   1.9886228512784734
-1   1.1054057389477134
-1   1.1054057389477057
-1   1.1082562827878732
-1   1.1082562827878812
-1   1.3367730802382083
-1   1.3367730802382096
-1   2.8958606373992355
-1   2.8958606373992337
-1   3.0574429247143673
-1   1.1589999931871402
-1   1.1589999931871395
-1   3.7628604820540348
-1   3.7628604820540437
-1   3.151361693647547
-1   2.8754470034610957
-1   2.1150453998986878
-1   2.1150453998986944
-1   2.9084462478301072
-1   1.0882603789547349
-1   1.0882603789547338
-1   2.9580769419084443
-1   1.1809266336801305
-1   1.1809266336801301
-1   1.143848034990808
-1   1.5447689903626496
-1   1.5447689903626554
-1   1.9162327709014946
-1   1.125237064539071
-1   1.125237064539071
-1   2.9262451207059819
-1   2.9262451207059752
-1   1.6011496968655732
-1   1.6011496968655679
-1   2.0023390960982486
-1   2.0023390960982508
-1   1.9547363481038604
-1   1.9547363481038658
-1   1.1746687297556082
-1   1.1746687297556069
-1   1.9664577794802844
-1   1.9664577794802849
-1   1.0583393226778564
-1   1.932878642375639
-1   1.9328786423756408
-1   1.2956483795230627
-1   2.8076170982020399
-1   2.8076170982020399
-1   2.0465095230361725
-1   2.0465095230361703
-1   1.9705760669165819
-1   1.9705760669165855
-1   2.0004471740383658
-1   1.9877019618073524
-1   1.9877019618073541
-1   1.5447603347894483
-1   1.5447603347894545
-1   2.1812671309803799
-1   2.1812671309803915
-1   2.9508509565469128
-1   2.9508509565469092
-1   2.8061336754831787
-1   2.806133675483176
-1   2.8873312809190188
-1   2.000007505822202
-1   2.2092077639155678
-1   2.209207763915598
-1   1.9637171574078947
-1   1.9637171574078955
-1   1.399203775886477
-1   1.3992037758864664
-1   2.6955095888419933
-1   2.6955095888420151
-1   1.1348756107551852
-1   1.1348756107551876
-1   1.9865787523689589
-1   2.9704446233434312
-1   2.9704446233434245
-1   2.9835548822003828
-1   2.9835548822003841
-1   1.6134850958385512
-1   2.4851976881958078
-1   2.4851976881957958
-1   1.2080834693284848
-1   1.2080834693284841
-1   1.8373792856533644
-1   1.8373792856533844
-1   1.5746819079769376
-1   1.9927181477912845
-1   1.8041760306254839
-1   1.8041760306254901
-1   1.9685040722565685
-1   1.9685040722565668
-1   1.051049718729403
-1   1.0510497187294039
-1   2.9782527893779194
-1   2.9782527893779203
-1   1.0156993250504187
-1   1.0883096851544554
-1   1.0883096851544563
-1   1.5126609265404154
-1   1.0234036725140598
-1   2.8684308114286714
-1   2.8684308114286434
-1   1.4314922832196728
-1   1.4314922832196328
-1   1.7742925064429826
-1   1.7742925064429893
-1   2.7881828564040601
-1   2.7881828564040814
-1   1.6858532466964005
-1   1.8760785025927889
-1   1.8760785025927813
-1   2.2827448035423847
-1   2.2827448035423767
-1   1.3699455874027955
-1   1.3699455874027913
-1   1.0776586013127298
-1   1.0776586013127292
-1   2.9541328516879579
-1   2.9376964324100694
-1   2.9376964324100849
-1   1.0460606400944004
-1   1.0460606400944004
-1   2.949330647144945
-1   1.9903091725925495
-1   1.9903091725925508
-1   1.8672676526642338
-1   1.8672676526642307
-1   1.0924090228479617
-1   1.9907725804785259
-1   1.9907725804785259
-1   1.3326847532230013
-1   1.9804238457799035
-1   1.9804238457798893
-1   1.9785071615268719
-1   1.9785071615268754
-1   1.0654094079123819
-1   1.0654094079123826
-1   1.9953418932935145
-1   1.0604709697079764
-1   1.0604709697079751
-1   1.0875234737962556
-1   1.0875234737962367
-1   1.2747512995401615
-1   1.2747512995401677
-1   1.9278357374367872
-1   1.9927316228330119
-1   1.9664171437018254
-1   1.9664171437018294
-1   2.9793767150852886
-1   2.979376715085289
-1   1.8551662315129103
-1   1.9773222295371533
-1   1.9773222295371591
-1   1.0396874806563374
-1   1.9916963308686757
-1   1.9916963308686699
-1   1.9240073367795052
-1   1.9240073367796624
-1   1.1851367774963195
-1   1.1851367774963375
-1   2.4459164444714117
-1   2.4459164444712753
-1   2.866280135761909
-1   2.8662801357617371
-1   1.1711459590853637
-1   1.1711459590850142
-1   2.0357613609536918
-1   2.0357613609536962
-1   2.1989546269109375
-1   2.9840914055702812
-1   2.984091405570283
-1   1.9003753480293009
-1   1.9003753480293137
-1   1.0878119129222943
-1   2.7879722694528954
-1   2.8239678351933653
-1   2.823967835193387
-1   1.0541908647799814
-1   1.1436579641311724
-1   1.1436579641311631
-1   1.1179782444440489
-1   1.1179782444440254
-1   1.2498384972773819
-1   1.249838497277425
-1   1.9595916450828614
-1   1.9595916450828721
-1   1.9722299880105121
-1   1.9722299880105125
-1   1.0632752146363957
-1   1.0632752146363962
-1   2.9857763569355109
-1   1.947087255066307
-1   1.9470872550662919
-1   1.9959491585025728
-1   1.0352565038390369
-1   1.0352565038390409
-1   1.9767166606342368
-1   1.976716660634247
-1   1.1469204244860423
-1   1.1469204244860511
-1   2.509755672424157
-1   2.5097556724241685
-1   2.9761988768925929
-1   2.9761988768925951
-1   1.0768277470489842
-1   1.076827747048986
-1   2.5356384562843717
-1   2.5356384562843726
-1   1.1176046275727649
-1   1.1176046275727491
-1   1.9673331608024576
-1   1.9673331608024451
-1   1.214156589339211
-1   1.9957681418745779
-1   1.9817831107015524
-1   1.9817831107015529
-1   1.2688415225924465
-1   1.2688415225924297
-1   1.9455583140056305
-1   1.9455583140056265
-1   2.0002662715773076
-1   1.1616122187593489
-1   1.1616122187593783
-1   1.9821401515319303
-1   1.9821401515319286
-1   1.986303737932364
-1   1.986303737932368
-1   1.8592106470594048
-1   1.8592106470593972
-1   1.0792871738695597
-1   1.0792871738695446
-1   1.2139579148127104
-1   1.2139579148127391
-1   2.8286661785514311
-1   2.8286661785513965
-1   1.3209275346024665
-1   1.3209275346024014
-1   1.7862350443325838
-1   1.7862350443325816
-1   2.8888368031470515
-1   1.9610993670300019
-1   1.9610993670300156
-1   1.0184930781636532
-1   1.983524942695281
-1   1.9835249426952819
-1   1.9915899951643512
-1   1.9915899951643521
-1   1.1935026008642053
-1   1.1935026008641634
-1   1.5944106253401182
-1   1.5944106253400516
-1   1.994282551534349
-1   2.7225514358354213
-1   2.7225514358351797
-1   2.8879564086703713
-1   2.8879564086703517
-1   1.9936537033470962
-1   1.9936537033470954
-1   1.9058982751028646
-1   1.905898275102607
-1   1.0327799265354056
-1   1.032779926535405
-1   1.0310046415612675
-1   1.0310046415612728
-1   2.9768766095360717
-1   2.9768766095360695
-1   1.0482717107663688
-1   1.0289285629150975
-1   1.1017701170147927
-1   1.1017701170147718
-1   1.9325532175503413
-1   1.9325532175503319
-1   1.9853251498932152
-1   1.9614775440725576
-1   1.9614775440725531
-1   1.9898593630943346
-1   1.9898593630943422
-1   1.9943924832157407
-1   1.9943924832157425
-1   1.1202484253202181
-1   1.1202484253202123
-1   1.0650039931916584
-1   1.0650039931916551
-1   1.0223817834687383
-1   1.0402392546554302
-1   1.0402392546554324
-1   1.042447951155222
-1   1.0424479511552303
-1   1.1367399455440954
-1   1.1367399455440701
-1   1.9604179177491088
-1   1.9604179177491061
-1   1.9976390796683092
-1   2.8987995855682867
-1   2.898799585568248
-1   1.9599811781319034
-1   1.9599811781318905
-1   2.9790389029491116
-1   2.8888886611176812
-1   2.0543283111081241
-1   2.0543283111081858
-1   2.0675380960067091
-1   1.0203137314425792
-1   1.0203137314425774
-1   1.108661258829533
-1   1.1086612588295444
-1   1.0171958950867614
-1   1.0171958950867608
-1   1.0157636088333073
-1   2.9508261906666426
-1   2.950826190666604
-1   1.0377617300931716
-1   1.0377617300931528
-1   2.0089219730697727
-1   2.0089219730697048
-1   2.9657631918607859
-1   2.9657631918608036
-1   1.9781592813161155
-1   1.9781592813161106
-1   2.9872917981078206
-1   1.0406821471245733
-1   1.0406821471245644
-1   1.1006495752329915
-1   1.0517873713605006
-1   1.05178737136047
-1   1.0111051824125028
-1   1.0111051824125037
-1   1.9900493587104595
-1   1.9900493587104577
-1   2.0143466388828464
-1   2.0143466388828504
-1   1.0306825514988129
-1   1.030682551498814
-1   1.9939789498642786
-1   1.9939789498642857
-1   1.9503211042516875
-1   1.950321104251465
-1   1.0205639910858959
-1   1.020563991085897
-1   1.0990341127353012
-1   1.0990341127356538
-1   1.992560505718274
-1   1.1294010447903629
-1   1.0193410122406581
-1   1.0193410122406616
-1   1.981949758857005
-1   1.9819497588570081
-1   1.9114886509959748
-1   1.0240348330190328
-1   1.0240348330190365
-1   1.8725786620050098
-1   1.0107664904193343
-1   1.0107664904193314
-1   1.1478941889697294
-1   1.9894760331895922
-1   1.989476033189594
-1   1.1726776646202717
-1   1.597058812603755
-1   1.5390512826923457
-1   1.3857727808834841
-1   1.3857727808837776
-1   1.9619175106706126
-1   1.7013003120318304
-1   1.7013003120320853
-1   1.0069816987610485
-1   1.00698169876105
-1   1.9884096755054976
-1   1.0659352441554226
-1   1.0659352441554344
-1   1.0090924303624436
-1   1.0156663798835914
-1   1.0156663798835943
-1   1.9594728129718875
-1   1.959472812971883
-1   1.0531152695290442
-1   1.05311526952905
-1   1.9556429594629421
-1   1.0557029230759734
-1   1.9647050641671284
-1   1.9647050641671262
-1   1.0162647272338148
-1   1.9909011190531709
-1   1.9909011190531825
-1   1.6441619611460654
-1   1.6441619611453326
-1   1.4738626558315988
-1   1.4738626558308032
-1   1.0230472944849578
-1   1.0230472944849607
-1   1.5127256629866914
-1   1.5127256629866963
-1   1.0111542138727947
-1   1.0111542138727994
-1   1.0139295698381208
-1   1.0139295698381199
-1   1.5790951175995955
-1   1.5790951175996115
-1   1.8369780983976729
-1   1.1394546473439755
-1   1.006160954988687
-1   1.0061609549886879
-1   1.9108496939204147
-1   1.2450812019449147
-1   1.0070689804849486
-1   1.9847976216524343
-1   1.9847976216524823
-1   1.0082770938694445
-1   1.0471813095704301
-1   1.0471813095704481
-1   1.0386045673528004
-1   1.0386045673527347
-1   1.0023005077987996
-1   1.9917191960466218
-1   1.9917191960466272
-1   1.0679649053311679
-1   1.0679649053311688
-1   1.5339315873516361
-1   1.5339315873515393
-1   1.5277168017849849
-1   1.5277168017848828
-1   1.09093459920067
-1   1.0909345992007222
-1   1.9425915215286618
-1   1.9425915215286254
-1   1.7105969612433092
-1   1.7105969612433172
-1   1.010696512469571
-1   1.0106965124695781
-1   1.0046629096897968
-1   1.0046629096897948
-1   1.9742389353488896
-1   1.9742389353489012
-1   1.3915153487166576
-1   1.39151534871666
-1   1.003129932057389
-1   1.0031299320573945
-1   1.0390776170927938
-1   1.0390776170928067
-1   1.0067941878606195
-1   1.0067941878606299
-1   1.996004363690802
-1   1.9960043636908216
-1   1.0010144355472841
-1   1.0010144355472965
-1   1.998977944103471
-1   1.0010334819143971
-1   1.0023240576522345
-1   1.0023240576522421
-1   1.0040230266568575
-1   1.0040230266568648
-1   1.0065574067613667
-1   1.0065574067613747
-1   1.0017293599808357
-1   1.0017293599808357
-1   1.0012616451212961
-1   1.0012616451212981
-1   1.0006751861187879
-1   1.0006751861187952
-1   1.0003930409253248
-1   1.0004364751656287
-1   1.0004364751656296
-1   1.0002447972649551

0   5.9539100219810122
0   4.9509746142218489
0   4.9509746142218525
0   3.9617346811359173
0   3.9617346811358969
0   2.9776286004661001
0   2.9776286004660162
0   4.0113720108355171
0   2.0008154763063599
0   2.0008154763063284
0   1.0607178538871094
0   1.0607178538870996
0   0.41347875741783613
0   3.0350493557970091
0   3.0350493557969545
0   1.142642642449655
0   2.0318401449563201
0   2.0318401449563308
0   4.9718544966752969
0   4.9718544966752853
0   2.9977364763869114
0   2.9977364763869061
0   3.9792129036358794
0   3.97921290363578
0   1.9340497168970407
0   2.0502808183509309
0   2.0502808183509305
0   2.0668937405759409
0   3.0000464510361886
0   3.0000464510361287
0   3.9678088043963546
0   3.9678088043963582
0   1.092376085090524
0   1.0923760850905124
0   3.0445933233068745
0   3.9500053708156964
0   3.9500053708156626
0   3.0184713611489005
0   3.0184713611488942
0   0.44962620584188173
0   0.44962620584181978
0   2.0474087718039509
0   2.0474087718039318
0   2.959548926337856
0   3.9453539630255756
0   3.9453539630255596
0   4.892183884738639
0   4.8921838847386416
0   1.1014450042278088
0   1.101445004227791
0   4.9121629534503581
0   2.9886412904764068
0   1.0776901241970318
0   1.0776901241970265
0   1.1889574682030677
0   1.1889574682030553
0   3.8604967981179161
0   4.9499610328745423
0   4.9499610328745405
0   2.158277370622137
0   3.1066203424680401
0   3.1066203424680161
0   2.0270002497677542
0   2.0270002497677506
0   2.0140422725035299
0   2.0515118222140836
0   2.0515118222140631
0   4.8038166106233611
0   4.803816610623354
0   2.9847332896563232
0   2.9847332896562784
0   2.0995201828840906
0   2.0995201828840835
0   2.0078146980770519
0   2.0078146980770484
0   3.9625640452450455
0   3.9625640452450153
0   3.7040848813153007
0   3.7040848813153309
0   3.18125421041263
0   3.1812542104126584
0   1.2090447136887186
0   1.20904471368864
0   1.0867925500273701
0   1.0867925500273687
0   3.9589255180534186
0   2.9916389389790621
0   1.0950250063320621
0   0.33538400624975506
0   1.982115747541664
0   1.9821157475416649
0   2.9858201958911184
0   2.9858201958911019
0   3.9403910756047029
0   3.9403910756046976
0   2.9133441919524858
0   2.9133441919524681
0   2.9965691483700554
0   3.8575077184211342
0   3.8575077184211342
0   1.0444311821277665
0   1.0444311821277659
0   3.9628103445040699
0   3.9628103445040663
0   3.9807572968587479
0   1.0394356371453892
0   1.9191066925351019
0   1.9191066925351064
0   2.9019701738535666
0   2.9019701738535626
0   1.0981350711743203
0   1.0981350711743134
0   0.9080437293946193
0   0.90804372939460221
0   1.3374703240113981
0   1.3374703240114074
0   0.17722949780547126
0   0.17722949780547526
0   2.0155617197633222
0   2.0148254563071673
0   2.0148254563071495
0   3.9555062234156049
0   3.9555062234155756
0   2.9819961889400624
0   2.9819961889400628
0   2.9720295602294362
0   2.9720295602294358
0   1.0325089549249202
0   1.0325089549249209
0   1.9951334166947152
0   2.0216721847438239
0   2.021672184743819
0   2.0126397703328807
0   2.0126397703328771
0   3.5499467960721729
0   2.538643940726502
0   2.5386439407265766
0   1.9918856466671637
0   1.1238563391189631
0   1.1238563391189598
0   1.5636246879653748
0   1.8167776940908067
0   1.8167776940909146
0   1.0613905349539401
0   1.0613905349539448
0   2.9252241110947352
0   1.9954545965690644
0   1.9954545965690653
0   3.9329966171863235
0   3.9329966171863147
0   2.2077308133635269
0   2.2077308133635332
0   2.1540326156768699
0   2.1540326156768317
0   1.2799529167861365
0   3.0031210343425094
0   3.003121034342505
0   0.12597513754319489
0   2.9758757642338942
0   2.9758757642338884
0   2.0611450117358161
0   2.0611450117358094
0   2.0365714228337723
0   2.0365714228337755
0   1.0279810805344247
0   1.0279810805344223
0   2.9870032320843865
0   1.1801543174678717
0   2.0870056730380284
0   2.0870056730380235
0   1.9818995918060587
0   2.907369829675329
0   2.052681580160435
0   2.0526815801604128
0   1.9492583308296072
0   1.9492583308296738
0   2.0835583516885068
0   2.0835583516885015
0   2.946243578507926
0   0.41923551369637146
0   0.41923551369618306
0   2.9670162891651368
0   2.9670162891651253
0   3.9229590628931277
0   3.9229590628931357
0   2.0743272425513117
0   2.0743272425513002
0   2.9541240886285292
0   2.9541240886285203
0   3.9044796784921623
0   3.9044796784921489
0   2.492686197598569
0   2.9670653222514858
0   2.9670653222514805
0   1.8493067242959289
0   1.0624635589282394
0   1.0624635589282296
0   2.0093756220435379
0   2.0093756220435264
0   3.9086451818221724
0   3.9086451818221661
0   2.03982629562267
0   1.0471037316342049
0   1.0471037316342089
0   1.0741339972159027
0   1.0741339972159067
0   2.0227477294307694
0   2.0227477294307539
0   1.9895055363823482
0   1.9895055363823406
0   2.9058238650310497
0   2.9058238650310595
0   2.9463536794870846
0   2.9463536794870837
0   2.9755579158409065
0   2.9755579158408914
0   1.0449015731790587
0   2.9743618198298147
0   2.9743618198298134
0   2.0048156534192669
0   2.0048156534192692
0   1.1877511103801477
0   1.1877511103801339
0   1.9998702679202145
0   2.9884008664845063
0   2.9884008664845063
0   0.38974423832666139
0   0.38974423832667193
0   1.9936427456796131
0   1.9936427456796086
0   3.9402590984697481
0   2.0127565999012353
0   2.0127565999012327
0   1.1024598235153997
0   1.102459823515398
0   2.0161658367419357
0   1.438895569470384
0   1.438895569470384
0   1.2360154904375995
0   1.2360154904375886
0   2.0095846991559956
0   2.0095846991559951
0   1.096442048920059
0   1.0964420489200555
0   1.6180832397335347
0   1.6180832397335059
0   2.8663908931532367
0   2.86639089315323
0   3.4963440307442308
0   3.4963440307442446
0   1.204743635899544
0   1.2047436358995447
0   3.9301349622831889
0   2.9845018262341072
0   2.9845018262341032
0   1.9748397872313559
0   1.9748397872313475
0   1.0814148995500734
0   1.0814148995500692
0   1.0825780634278939
0   2.013960664856401
0   2.0139606648563966
0   1.0439666824284919
0   3.7644475980656447
0   1.9848622261527797
0   1.9848622261527757
0   2.0529349968516524
0   2.9572640008157656
0   2.9572640008157665
0   0.45898095169113007
0   0.4589809516911284
0   2.0108553734202936
0   2.0108553734202879
0   1.0845662212861387
0   1.0845662212861391
0   1.3141462332379505
0   1.3141462332379508
0   2.9812123320527499
0   2.9812123320527411
0   2.0142898224039598
0   2.014289822403954
0   2.9892786102557265
0   2.0807023008834435
0   1.9993721036218224
0   1.999372103621825
0   1.0611847143790332
0   1.0611847143790336
0   3.9278350987161845
0   3.9278350987161721
0   2.2119143049595209
0   0.42291148629972064
0   0.42291148629972675
0   1.3800223499475024
0   1.3800223499474957
0   2.8721339551485601
0   2.8721339551485676
0   2.9845959426781534
0   2.9845959426781472
0   2.027938545185163
0   2.0279385451851537
0   2.9026163142488404
0   2.9026163142488288
0   2.1147342512243457
0   3.8476576831420335
0   3.8476576831420308
0   2.9519115957975144
0   0.53163138663126408
0   2.978956770221179
0   2.978956770221175
0   2.8641420298120148
0   2.8641420298120059
0   1.2711121292083922
0   1.2711121292083885
0   3.9329966390403488
0   2.9425256421356094
0   3.9130218967570034
0   3.9130218967569919
0   2.1862820515117503
0   2.1862820515117614
0   1.0606047782846082
0   2.134050934972858
0   2.1340509349728585
0   1.6512662687018675
0   1.6512662687017343
0   2.4544597976386591
0   2.4544597976387683
0   1.2140216917845661
0   1.214021691784569
0   2.5814411917207716
0   2.5814411917207476
0   1.4046354754275594
0   1.0332172467763532
0   1.0332172467763552
0   0.35437073305711286
0   3.1354938188683192
0   3.135493818868365
0   1.0555241325539884
0   2.9809792282196388
0   1.506775839691064
0   1.5067758396910902
0   3.0827226644107739
0   3.0827226644108312
0   1.1704605561751427
0   2.1387835640564297
0   2.1387835640564328
0   1.531822110317032
0   1.8715951429307318
0   2.590795559945652
0   2.5907955599456405
0   1.1541984618588395
0   1.1541984618588399
0   1.9942203738714741
0   3.9290139309685674
0   3.9290139309685728
0   2.0153708113939377
0   2.0153708113939399
0   1.0317551269991558
0   1.0317551269991563
0   1.9964944118932428
0   1.9964944118932384
0   0.47656901726293277
0   0.47656901726293854
0   1.2431128791254935
0   1.2431128791255035
0   1.6650295978131107
0   1.6650295978130956
0   2.9412388098006841
0   2.9412388098006939
0   1.7365502485835127
0   3.6295139913926464
0   3.6295139913926837
0   3.408356967541903
0   2.483718237258957
0   2.2947497723352095
0   2.2947497723351753
0   2.553352704535687
0   2.4548064466987434
0   1.0549802303717046
0   1.1399782345358727
0   1.1399782345358711
0   0.16980703708065492
0   2.7877520620638996
0   0.27718137615440153
0   0.2771813761544023
0   0.8976800959758664
0   0.8976800959758624
0   1.1175522051512816
0   1.1175522051512834
0   1.7739468414623767
0   1.7739468414623762
0   2.0021082925309757
0   1.2554521781374994
0   1.2554521781374901
0   1.0376262869378279
0   1.0376262869378243
0   2.9437453678665548
0   2.9437453678665562
0   1.0287280805592827
0   2.0028134663045281
0   2.0028134663045321
0   1.9985538760388599
0   1.9985538760388559
0   1.0859679197225149
0   1.085967919722489
0   1.9113068530421136
0   1.9113068530421158
0   1.9846490862968609
0   1.9846490862968658
0   2.4076770475016311
0   2.4076770475016205
0   1.6693479917672813
0   1.9932453783182154
0   1.9932453783182216
0   1.9744907494648336
0   1.9744907494648407
0   1.9746667401365197
0   1.9746667401365143
0   1.9890977820684705
0   1.8264607370579324
0   1.8264607370579387
0   0.2797156816330989
0   0.27971568163311367
0   1.9092414468983847
0   1.9092414468983931
0   2.938874184984416
0   2.9388741849844222
0   2.9618742744944027
0   2.9618742744944133
0   2.6305484025322077
0   1.9876774806480415
0   1.9819164122950594
0   1.9819164122950603
0   2.003264156939669
0   2.0032641569396743
0   0.16472149489271892
0   0.16472149489271937
0   0.25866101398936836
0   0.25866101398936991
0   2.8545683100427994
0   2.8545683100428105
0   1.0729367522618078
0   1.0729367522618112
0   1.856380492456116
0   1.8563804924561378
0   1.9945313752693679
0   0.15800950883971587
0   0.15800950883971643
0   2.967270423345219
0   2.9672704233452256
0   1.2152860500477256
0   1.2152860500477252
0   1.0930235816685128
0   2.9802371102583542
0   2.9802371102583556
0   1.9952500364253241
0   2.2320812139326698
0   2.2320812139326813
0   1.9781954268703621
0   1.9781954268703634
0   1.2355357730534762
0   1.2355357730534855
0   0.41043063985274786
0   0.41043063985274819
0   1.9705457391494448
0   1.4710071122822357
0   1.4710071122822386
0   1.4316706055366146
0   1.4316706055366195
0   1.035032574204205
0   1.0350325742042044
0   2.976475295381376
0   2.9764752953813742
0   0.21218328558590649
0   1.0115025665726392
0   1.2010870246895133
0   1.2010870246895364
0   1.0690322951687301
0   1.0690322951687319
0   0.2413573964111716
0   1.1182507816513978
0   2.8779723890157176
0   2.8779723890157198
0   1.996492006589953
0   1.0112016337520127
0   1.9293085995814914
0   1.9293085995814896
0   2.9709065256672202
0   2.9709065256672247
0   1.9656290783118471
0   1.965629078311852
0   1.9979696223325676
0   1.9979696223325734
0   1.0295062729631739
0   1.0295062729631748
0   2.9522513085485951
0   1.0330943219923137
0   1.0330943219923143
0   2.9694942493741743
0   2.9694942493741743
0   0.13518756137667698
0   0.13518756137667631
0   1.0593740264971492
0   1.0593740264971516
0   0.13927858983874353
0   2.9306123109123265
0   1.9885997697797761
0   1.988599769779777
0   1.0175004954089368
0   2.001373567579658
0   2.0013735675796593
0   1.0742890440510109
0   1.9963760556436481
0   1.9963760556436565
0   1.0749186381540772
0   1.0749186381540738
0   1.8074819472504422
0   1.8074819472504329
0   1.0371521824863583
0   1.0371521824863588
0   1.0353139776795968
0   1.0353139776795985
0   1.0876207044642578
0   1.0876207044642658
0   1.9891416900341854
0   1.9891416900341876
0   1.9649479253705495
0   1.9468372601365145
0   1.9958370185066454
0   0.66455535501366669
0   0.66455535501364893
0   1.0590936817309964
0   1.9944281084802813
0   2.9589441858321894
0   2.9589441858321925
0   1.9939832542452613
0   1.993983254245264
0   1.4984946769567447
0   1.4984946769567633
0   1.998013318604599
0   1.9980133186045999
0   1.9929814968033104
0   1.9929814968033184
0   1.9826287485250744
0   1.9826287485250749
0   2.8560850294432951
0   2.8560850294432085
0   1.0649674701440004
0   1.0649674701439995
0   2.7034566049901363
0   2.7034566049901314
0   1.088037687892224
0   1.0880376878920204
0   1.82995787222618
0   1.8299578722261503
0   2.0012046065587552
0   2.9872443834912694
0   2.9872443834912707
0   1.0241219395984633
0   2.7935553622519707
0   2.7935553622519658
0   2.9287278904164125
0   0.62176511330762163
0   0.62176511330756035
0   1.016874950364681
0   1.0168749503646843
0   1.0829029712027494
0   1.1454042403786904
0   1.1454042403786946
0   1.3713818230652779
0   1.3713818230652703
0   1.9817407266260543
0   1.9817407266260636
0   1.8482218204198815
0   1.8482218204198841
0   2.9842618584168363
0   1.9854146018900161
0   1.9854146018900205
0   1.9941746017829378
0   0.48149234003051988
0   0.48149234003053498
0   1.1447835864767761
0   1.1447835864767757
0   1.0084386041203728
0   1.0084386041203739
0   1.0503344159402321
0   1.0503344159402375
0   1.976220343559834
0   1.9762203435598429
0   0.1857384117174512
0   0.18573841171744965
0   2.9746793206859441
0   2.9746793206859459
0   1.0413406069784266
0   1.0413406069784272
0   0.11553561068156371
0   2.9713408008607907
0   2.9713408008607938
0   1.983681557952325
0   1.9836815579523326
0   1.0451862257117162
0   1.0451862257117284
0   0.71147835315705499
0   0.7114783531570279
0   1.9432279975308742
0   1.9432279975308702
0   1.9891105639510394
0   1.9891105639510451
0   1.9877043338689218
0   0.49154446291793297
0   0.49154446291797183
0   0.077886273064047939
0   1.0826872213592895
0   1.9882005357568908
0   1.9882005357568953
0   1.9983389587585019
0   1.0413827138104172
0   1.0413827138104139
0   1.9831284842999541
0   1.9831284842999546
0   1.9464213642194883
0   1.9464213642194781
0   1.8478095088578259
0   1.8478095088578428
0   1.0125735925752071
0   1.0125735925752084
0   1.0094436332937737
0   1.0094436332937793
0   1.9978501408773863
0   1.9978501408773943
0   1.5705218498290083
0   1.5705218498319233
0   2.6778271429374443
0   2.6778271429393476
0   2.9521325467155468
0   1.0178954450985214
0   1.017895445098522
0   1.2453188440604428
0   1.2453188440605076
0   1.8839119590069262
0   1.8839119590069231
0   1.9975989447766529
0   1.9975989447766547
0   1.9955598207250875
0   1.9955598207250933
0   1.0176622056746347
0   1.0176622056746218
0   1.0133137147989257
0   1.9922707466809748
0   1.9849517326316306
0   1.9849517326316226
0   2.9459540209082657
0   2.9459540209082804
0   2.8380343707389639
0   2.8380343707389279
0   1.9268233033294644
0   1.9268233033294755
0   0.12271441621117252
0   1.0059902600099455
0   1.0059902600099475
0   0.14014778313006859
0   0.1401477831300697
0   1.0318420111792554
0   1.031842011179257
0   2.9779007475960979
0   2.977900747596101
0   1.0977048226285937
0   1.0977048226285884
0   1.0431255008410292
0   0.33194436404388472
0   0.33194436404386463
0   0.3523421091392771
0   0.35234210913927766
0   1.014575271886788
0   1.9786442549186591
0   1.9786442549186649
0   1.9780872318280016
0   1.9733058133095187
0   1.9733058133095223
0   1.0766383992409567
0   1.0766383992409572
0   1.9909518681213307
0   1.9909518681213316
0   1.956179626711577
0   1.9561796267115819
0   0.10657625816983929
0   0.10657625816983696
0   1.0092324473909629
0   1.0092324473909631
0   1.0060827142031104
0   1.0060827142031139
0   1.0177174652583862
0   1.0307612763124137
0   1.0307612763124494
0   1.9528340027648277
0   1.9625532206464449
0   1.9625532206464231
0   2.7532335242929133
0   2.7532335242928885
0   1.0127367494080695
0   1.0127367494080743
0   0.22886784278849415
0   0.22886784278839301
0   1.9632100739564473
0   2.9131775451504165
0   2.9652393385731215
0   1.9965907119387056
0   1.9965907119387136
0   1.9878565166644671
0   1.9878565166644711
0   1.0077807074207146
0   1.0077807074207183
0   1.4616361842237555
0   1.4616361842237877
0   1.0375426717113254
0   1.0043760482907658
0   1.0043760482907642
0   0.93839828920048496
0   0.93839828920010548
0   2.9538017561908276
0   2.9538017561908294
0   1.1954720946349466
0   1.1954720946349993
0   1.5690884898968713
0   1.5690884898971311
0   2.9001326957777431
0   2.9001326957777422
0   2.9880555910022895
0   1.9911389614094066
0   1.9911389614094186
0   1.1644744708511399
0   1.0090768013487716
0   1.0090768013487748
0   0.20573475672197672
0   0.31658245607999913
0   0.316582456080024
0   0.20294930208909034
0   1.2046988107461412
0   1.2046988107461658
0   1.0852825394992072
0   1.0852825394991972
0   0.40350191294027549
0   0.40350191294025384
0   1.0045162559779677
0   1.0045162559779661
0   1.2931114332390039
0   1.2931114332390432
0   1.9179080839330571
0   1.9179080839330678
0   1.0069601276525468
0   1.0069601276525466
0   1.9821960116910895
0   1.9821960116910939
0   0.36481596454655651
0   0.36481596454652632
0   1.0090622295246696
0   1.0090622295246694
0   1.9302137523698994
0   1.9302137523699048
0   1.9880805810960434
0   1.0057832542010139
0   1.0057832542010157
0   1.0124100836299237
0   1.012410083629923
0   0.030991772277210616
0   1.0403415088956149
0   1.9990086906725435
0   1.9990086906725573
0   1.9354940708066168
0   1.0036006098826873
0   1.0036006098826851
0   0.26724116958992006
0   0.26724116958992139
0   1.0030718243683028
0   1.0030718243683125
0   0.1513868898354388
0   1.9922517969412334
0   1.9668643286738807
0   1.9668643286738816
0   1.0029760730107458
0   0.35485966889105836
0   1.002048824552126
0   0.02518103185575804
0   0.025181031855753599
0   1.9931148094576301
0   1.0002566706926932
0   1.9972273628397375
0   0.13445746668638714
0   0.13445746668636638
0   1.9512606453839387
0   1.9512606453839423
0   1.006124754993496
0   1.0061247549935037
0   1.0042409397521956
0   1.0042409397522001
0   1.9722177524115638
0   1.003620666177282
0   1.0009253752142633
0   1.0009253752142659
0   1.006924021167291
0   1.0069240211673001
0   1.9965538889065195
0   1.9965538889065235
0   1.0035431585277392
0   1.0035431585277388
0   1.9700356796300897
0   1.0034083837411538
0   1.9255381768566942
0   1.9255381768565321
0   0.42493227944569611
0   0.42493227944600698
0   1.996885240332456
0   1.9968852403324604
0   1.0023276379060035
0   1.8730204175559595
0   1.8730204175558458
0   0.29893987953884393
0   0.29893987953936196
0   1.0004383969271224
0   1.0004383969271231
0   1.0003671168409769
0   1.0003671168409796
0   1.0013794553618136
0   1.0013794553618158
0   1.9952878093549895
0   1.9952878093550011
0   1.0026813823182488
0   1.002681382318251
0   0.047834071632655295
0   0.047834071632668174
0   1.0013089308710508
0   1.0013089308710497
0   1.9147588834535552
0   1.0018077241961509
0   1.4691214389524008
0   1.0020959446711979
0   1.0020959446712001
0   1.0028584795842532
0   1.0963721888562907
0   1.0008561389594681
0   1.0032966908018721
0   1.0032966908018754
0   1.9785542084584131
0   1.9785542084584233
0   1.0018725179985879
0   1.0007853569226368
0   1.0007853569226379
0   0.17650050503550141
0   0.2020540383424142
0   1.0018088424612179
0   1.9927864966770228
0   1.9927864966770388
0   1.001728733245965
0   1.0017287332459721
0   0.48158149657438387
0   0.48158149657406668
0   1.0006769279793313
0   1.0006769279793293
0   0.093723368244185701
0   1.874146108031626
0   1.8741461080315003
0   1.0008478503985097
0   1.000847850398515
0   1.9134719787294392
0   1.9134719787294561
0   1.0016615922095433
0   1.0016615922095489
0   1.0006403382011404
0   1.0006403382011406
0   1.9974243875761362
0   1.9974243875761424
0   1.0007081400041622
0   1.0007081400041693
0   1.9972947265860999
0   1.9972947265860985
0   0.049361266631664846
0   0.049361266631667178
0   0.3301883634371644
0   0.33018836343720637
0   1.0007118764121479
0   1.0007118764121574
0   1.0005805511892498
0   1.000580551189248
0   0.016926033850098721
0   0.016926033850099054
0   1.0001605030398446
0   1.0001605030398553
0   0.014133449253470154
0   0.014133449253466046
0   1.9955983754657187
0   1.9955983754657263
0   1.0003862402331392
0   1.0003862402331392
0   1.9979129864459453
0   1.0009476288198371
0   1.0009476288198427
0   1.0003894081213174
0   0.0074829779280756181
0   0.0074829779280757291
0   0.0083727733281325767
0   0.0078587167311657824
0   0.0078587167311654493
0   1.0004971987007309
0   1.0004971987007414
0   1.0000000000000051
0   1.0000000000000138
0   0.010705470737870315
0   0.010705470737871092
0   1.0000356464447155
0   1.0000356464447344
0   0.0044081182815171038
0   0.0044081182815173259
0   1.0000774678549222
0   1.0000774678549282
0   1.000241701151291
0   1.0001807557500231
0   1.0001807557500206
0   0.0025396470755661982
0   0.0025396470755663092
0   0.0026848192138225757
0   1.0000744960892902
0   1.0000744960893135
0   1.0001220529162391
0   0
0   0

1   5.9578797585398959
1   4.9562264455408709
1   4.9562264455408576
1   3.9685332107267595
1   3.9685332107267408
1   2.9905916124531235
1   2.9905916124530738
1   4.0136112469897558
1   2.0415120108727494
1   2.041512010872724
1   1.2380732512978057
1   1.2380732512977881
1   1.0655920890072363
1   3.0374873426053393
1   3.0374873426052948
1   1.94987309750086
1   1.9498730975008498
1   4.9737121735161471
1   4.9737121735161578
1   2.9797338666306459
1   2.9797338666306428
1   3.9763125797154419
1   3.9763125797154117
1   2.0359612655461352
1   2.0632002706136583
1   2.0632002706136512
1   2.9739925045753508
1   2.9739925045753468
1   2.0693847317744298
1   3.9714258971108363
1   3.97142589711083
1   3.057943904953019
1   1.1906704669248278
1   1.1906704669248176
1   3.9638520972091671
1   3.9638520972091333
1   3.008020264938231
1   3.0080202649381937
1   1.0968487238137854
1   1.0968487238137792
1   2.0128740151310747
1   2.0128740151310471
1   2.9704909502482861
1   3.9233991359409988
1   3.9233991359409703
1   4.8935089194210466
1   4.8935089194210466
1   4.9289748621519287
1   2.9912360154310593
1   1.1317107604554502
1   1.1317107604554477
1   3.9279980194362913
1   1.2622871755619278
1   1.2622871755618894
1   4.9537060133310735
1   4.9537060133310513
1   3.0759510040861695
1   3.0759510040861602
1   2.1014024346729596
1   2.1014024346729503
1   2.0137923558850299
1   2.0137923558850259
1   2.0867492517226376
1   2.0356721339970973
1   4.8148939458284161
1   4.8148939458283779
1   2.8990953305112197
1   2.8990953305112233
1   2.1617031435052825
1   2.1617031435052745
1   2.0198567323982308
1   2.0198567323982259
1   3.9777449466769506
1   3.9777449466769612
1   3.8541223530079032
1   3.8541223530078899
1   3.2054594433487233
1   3.2054594433487491
1   1.0878494542778074
1   1.087849454277817
1   3.9719353219531657
1   2.1324728467758214
1   2.1324728467758267
1   1.077996364019882
1   2.9781042268824218
1   2.9655803810554855
1   2.9655803810554739
1   3.9584351787470213
1   3.9584351787470169
1   3.8934389366296651
1   3.8934389366296349
1   3.9668346981488005
1   3.9668346981487899
1   2.989141454546747
1   2.9261372497664024
1   2.926137249766382
1   1.2818488267313994
1   1.2818488267313906
1   3.9782111186788072
1   1.1885839893985266
1   1.992638388128479
1   1.9926383881284586
1   2.934935534635255
1   2.9349355346352577
1   1.278705043007802
1   1.2787050430078217
1   1.246628887663866
1   1.2466288876638205
1   1.9679702978646292
1   2.0543793777660913
1   2.0543793777660979
1   3.9606415949830094
1   3.9606415949830138
1   1.9057400632448633
1   1.90574006324485
1   2.5208453459721731
1   2.5208453459721722
1   2.9238960342056401
1   2.9238960342056246
1   2.004869566746585
1   1.7301880215015628
1   1.7301880215015508
1   3.9561257752569716
1   1.9745423000524442
1   1.9745423000524633
1   2.0148784856211628
1   2.9585929032629665
1   2.9585929032629679
1   1.0652816385540129
1   1.0652816385540125
1   1.5632217593838642
1   1.5632217593838753
1   1.2249612753173706
1   1.2249612753173724
1   1.2356163024637969
1   3.9337692188064839
1   3.9337692188064732
1   2.9312980262824007
1   2.926548860019222
1   2.9265488600192162
1   2.995921733677636
1   2.9959217336776254
1   2.0281757916521195
1   2.0281757916520875
1   1.1328850958007921
1   1.1328850958007808
1   2.8254715291273516
1   2.8254715291274035
1   2.0817112444935217
1   2.0817112444935164
1   1.995043564128482
1   1.9950435641284425
1   1.0458613246376312
1   2.1660982079249993
1   2.1660982079250521
1   2.9591853049052443
1   2.119575984044519
1   1.2210269030693559
1   1.2210269030693621
1   2.9690493464105994
1   2.0170836474439668
1   2.017083647443942
1   1.9978596104182631
1   1.9978596104182604
1   2.1355215347279737
1   2.1355215347279826
1   2.9767740333918526
1   2.9032515203148641
1   2.9032515203148597
1   3.96916796553064
1   3.9691679655306302
1   3.3626574144358972
1   3.3626574144358869
1   2.0204486498163385
1   2.0204486498163501
1   3.6056821635376117
1   3.6056821635376082
1   2.9243126917453797
1   1.0390285716151544
1   1.0390285716151451
1   2.9759176198324617
1   2.9759176198324475
1   1.9796570488551883
1   1.9796570488551866
1   1.3678421045407738
1   1.1914920382469256
1   1.1914920382469218
1   3.9264842925224919
1   3.926484292522483
1   1.9073208673517872
1   1.5614588199464521
1   1.4924108312600524
1   1.4924108312600497
1   2.725990183735858
1   2.7259901837358216
1   2.9655546595685247
1   2.9655546595685269
1   1.688731262012674
1   1.6887312620126735
1   2.9447570651347728
1   2.9447570651347665
1   2.3557111410418869
1   2.3557111410419149
1   2.160301191712799
1   2.1603011917128154
1   2.9308513102078466
1   2.9308513102078222
1   1.350684406901862
1   1.3506844069018231
1   2.762903962783736
1   2.7629039627837226
1   1.5834876430593803
1   3.9499507947207091
1   1.9928328676582914
1   1.9928328676582825
1   2.0294422201763598
1   2.0294422201763593
1   1.3934907708734461
1   1.393490770873453
1   2.0124802109095743
1   1.8727920792881672
1   1.8727920792881552
1   1.0773155472065159
1   1.0773155472065135
1   1.9954373864960422
1   1.9954373864960373
1   2.8878808142448333
1   2.8878808142448347
1   1.304179939591257
1   1.3041799395912417
1   2.0497854207178725
1   2.0497854207178667
1   3.9390287252892167
1   3.9390287252891998
1   3.9281776979177776
1   2.9444328515575258
1   2.9444328515575271
1   1.1998591670717558
1   1.199859167071754
1   1.8842301870868998
1   1.8842301870868874
1   3.194322514228745
1   2.0852269412783686
1   2.0240571983014428
1   2.0240571983014384
1   2.3491088586772135
1   1.1601355969438925
1   1.1609353124884749
1   1.1609353124884785
1   2.9799921276654522
1   2.979992127665458
1   2.6969779255434219
1   2.6969779255433997
1   1.9178467897116613
1   1.9178467897116596
1   2.9508532804950258
1   1.133153004253918
1   1.1331530042539162
1   2.4084887543144271
1   2.4084887543144458
1   2.011192477288656
1   2.0152237351643976
1   2.0152237351643958
1   3.909576706181741
1   3.9095767061817321
1   1.1888361747059366
1   1.1888361747059339
1   2.1467385549117717
1   1.4465954283950977
1   1.4465954283950917
1   2.5598879886137351
1   2.5598879886137165
1   3.2004068672375143
1   3.2004068672375259
1   2.9893775718465525
1   2.9893775718465458
1   2.5212302152950952
1   2.5212302152950996
1   2.0689941302595662
1   3.6222357413402628
1   3.6222357413402637
1   2.9338150505820937
1   2.8415918887316409
1   2.8415918887316347
1   2.9579060379038964
1   2.9579060379038871
1   1.3009304573140748
1   1.300930457314073
1   3.9677447447314647
1   2.9166666419749525
1   3.9166124213886251
1   3.9166124213886206
1   2.0280713669867074
1   2.0280713669867114
1   1.1289401546684419
1   2.1171413737188991
1   2.1171413737188955
1   2.3396165623709573
1   2.3396165623709519
1   1.8834781274299299
1   1.8834781274299202
1   1.4529638174324218
1   1.4529638174324133
1   2.8706570857013931
1   2.8706570857013936
1   1.3355511658588997
1   1.1041213977973008
1   1.1041213977972999
1   3.6457456790815153
1   3.6457456790815055
1   1.3903041939705263
1   1.0713553839597409
1   2.9812358794260265
1   1.9484131301186167
1   2.4785009850404283
1   2.4785009850404429
1   2.0210115948488601
1   1.1276901023593657
1   1.1276901023593691
1   2.130065349987539
1   2.1300653499875426
1   2.9563749556411403
1   2.9563749556411452
1   3.8397012894429174
1   3.8397012894429094
1   1.9975322578831491
1   1.9975322578831478
1   1.9886228512784672
1   1.9886228512784681
1   1.1054057389477081
1   1.1054057389477128
1   1.1082562827878812
1   1.108256282787879
1   1.3367730802382076
1   1.3367730802382096
1   2.8958606373992342
1   2.8958606373992395
1   3.0574429247143673
1   1.1589999931871389
1   1.1589999931871369
1   3.7628604820540277
1   3.7628604820540374
1   3.1513616936475399
1   2.8754470034610979
1   2.1150453998986944
1   2.1150453998986953
1   2.9084462478300832
1   1.0882603789547316
1   1.0882603789547403
1   2.9580769419084425
1   1.1809266336801301
1   1.1809266336801314
1   1.1438480349908067
1   1.5447689903626562
1   1.544768990362658
1   1.9162327709014964
1   1.1252370645390708
1   1.1252370645390708
1   2.9262451207059614
1   2.9262451207059739
1   1.6011496968655634
1   1.6011496968655718
1   2.0023390960982494
1   2.0023390960982486
1   1.9547363481038578
1   1.9547363481038631
1   1.1746687297556095
1   1.1746687297556169
1   1.9664577794802827
1   1.9664577794802898
1   1.0583393226778579
1   1.9328786423756381
1   1.9328786423756381
1   1.2956483795230633
1   2.8076170982020328
1   2.8076170982020385
1   2.0465095230361734
1   2.0465095230361725
1   1.9705760669165819
1   1.9705760669165819
1   2.000447174038364
1   1.9877019618073506
1   1.9877019618073515
1   1.5447603347894496
1   1.5447603347894576
1   2.1812671309803977
1   2.1812671309803955
1   2.9508509565469092
1   2.9508509565469105
1   2.8061336754831641
1   2.8061336754831769
1   2.8873312809190277
1   2.0000075058221998
1   2.2092077639155847
1   2.2092077639155874
1   1.9637171574078964
1   1.9637171574078995
1   1.3992037758864597
1   1.3992037758864726
1   2.6955095888420035
1   2.6955095888420035
1   1.1348756107551869
1   1.1348756107551896
1   1.986578752368962
1   2.9704446233434201
1   2.9704446233434307
1   2.9835548822003828
1   2.9835548822003819
1   1.613485095838552
1   2.485197688195798
1   2.4851976881957909
1   1.2080834693284874
1   1.2080834693284823
1   1.8373792856533901
1   1.8373792856533759
1   1.5746819079769399
1   1.9927181477912823
1   1.8041760306254915
1   1.8041760306254941
1   1.9685040722565672
1   1.9685040722565659
1   1.0510497187294048
1   1.0510497187294048
1   2.9782527893779198
1   2.9782527893779265
1   1.0156993250504176
1   1.0883096851544543
1   1.0883096851544567
1   1.5126609265404154
1   1.0234036725140587
1   2.868430811428671
1   2.8684308114286963
1   1.4314922832196013
1   1.4314922832196284
1   1.7742925064429911
1   1.7742925064429773
1   2.788182856404092
1   2.7881828564040592
1   1.6858532466964009
1   1.8760785025927822
1   1.8760785025927751
1   2.2827448035423665
1   2.2827448035424034
1   1.3699455874027877
1   1.3699455874028081
1   1.0776586013127305
1   1.0776586013127321
1   2.9541328516879624
1   2.9376964324100734
1   2.9376964324100872
1   1.0460606400943981
1   1.0460606400944017
1   2.9493306471449396
1   1.9903091725925526
1   1.9903091725925521
1   1.8672676526642333
1   1.8672676526642342
1   1.0924090228479615
1   1.9907725804785241
1   1.9907725804785268
1   1.3326847532230079
1   1.9804238457798906
1   1.9804238457799008
1   1.978507161526875
1   1.9785071615268754
1   1.0654094079123901
1   1.0654094079123877
1   1.9953418932935163
1   1.0604709697079753
1   1.0604709697079777
1   1.0875234737962542
1   1.0875234737962367
1   1.2747512995401675
1   1.2747512995401653
1   1.9278357374367809
1   1.9927316228330123
1   1.9664171437018187
1   1.9664171437018405
1   2.9793767150852855
1   2.9793767150852957
1   1.855166231512912
1   1.977322229537152
1   1.9773222295371569
1   1.0396874806563365
1   1.9916963308686721
1   1.9916963308686708
1   1.924007336779554
1   1.9240073367793706
1   1.1851367774963437
1   1.1851367774963344
1   2.4459164444713712
1   2.4459164444715098
1   2.8662801357615098
1   2.8662801357618379
1   1.1711459590858346
1   1.171145959085143
1   2.0357613609536909
1   2.0357613609536989
1   2.1989546269108518
1   2.9840914055702807
1   2.9840914055702865
1   1.9003753480292969
1   1.9003753480292986
1   1.087811912922295
1   2.7879722694529621
1   2.8239678351933888
1   2.8239678351933777
1   1.0541908647799827
1   1.1436579641311613
1   1.1436579641311801
1   1.1179782444440494
1   1.1179782444440529
1   1.2498384972774006
1   1.2498384972773835
1   1.959591645082873
1   1.9595916450828552
1   1.9722299880105099
1   1.9722299880105156
1   1.0632752146363948
1   1.0632752146363995
1   2.9857763569355158
1   1.9470872550662937
1   1.9470872550662928
1   1.9959491585025737
1   1.0352565038390389
1   1.0352565038390362
1   1.9767166606342443
1   1.9767166606342443
1   1.146920424486046
1   1.1469204244860558
1   2.5097556724241654
1   2.5097556724241699
1   2.9761988768926018
1   2.976198876892604
1   1.0768277470489809
1   1.0768277470489873
1   2.5356384562843766
1   2.5356384562843846
1   1.1176046275727345
1   1.1176046275727654
1   1.9673331608024744
1   1.9673331608024727
1   1.2141565893391963
1   1.995768141874573
1   1.9817831107015498
1   1.9817831107015591
1   1.2688415225924234
1   1.268841522592425
1   1.9455583140056132
1   1.9455583140056221
1   2.000266271577317
1   1.1616122187593587
1   1.1616122187593685
1   1.982140151531933
1   1.9821401515319317
1   1.9863037379323751
1   1.9863037379323667
1   1.8592106470593976
1   1.8592106470594003
1   1.0792871738695493
1   1.0792871738695511
1   1.2139579148127158
1   1.2139579148127138
1   2.8286661785513498
1   2.8286661785515217
1   1.3209275346022642
1   1.3209275346025584
1   1.7862350443325958
1   1.7862350443325963
1   2.8888368031470524
1   1.961099367030009
1   1.9610993670300036
1   1.018493078163653
1   1.9835249426952855
1   1.9835249426952823
1   1.9915899951643552
1   1.9915899951643534
1   1.1935026008641476
1   1.1935026008641698
1   1.594410625340053
1   1.5944106253400401
1   1.994282551534349
1   2.7225514358354945
1   2.72255143583536
1   2.8879564086703859
1   2.887956408670378
1   1.9936537033470949
1   1.9936537033470971
1   1.905898275102675
1   1.9058982751025262
1   1.0327799265354047
1   1.032779926535409
1   1.0310046415612675
1   1.0310046415612688
1   2.9768766095360601
1   2.9768766095360792
1   1.048271710766367
1   1.0289285629150995
1   1.1017701170147696
1   1.1017701170147636
1   1.9325532175503382
1   1.9325532175503497
1   1.9853251498932165
1   1.9614775440725447
1   1.9614775440725678
1   1.9898593630943364
1   1.9898593630943426
1   1.9943924832157416
1   1.994392483215742
1   1.1202484253202245
1   1.1202484253202221
1   1.0650039931916495
1   1.0650039931916631
1   1.0223817834687292
1   1.0402392546554331
1   1.0402392546554406
1   1.0424479511552314
1   1.0424479511552276
1   1.1367399455440932
1   1.1367399455440919
1   1.960417917749111
1   1.9604179177491083
1   1.9976390796683048
1   2.8987995855682334
1   2.8987995855682476
1   1.9599811781318874
1   1.9599811781318977
1   2.9790389029491049
1   2.8888886611177589
1   2.0543283111081831
1   2.0543283111081658
1   2.0675380960066128
1   1.0203137314425812
1   1.0203137314425801
1   1.1086612588295262
1   1.1086612588295646
1   1.0171958950867601
1   1.0171958950867619
1   1.0157636088333051
1   2.9508261906666426
1   2.9508261906666835
1   1.0377617300930648
1   1.0377617300932269
1   2.0089219730697128
1   2.0089219730696817
1   2.9657631918607645
1   2.9657631918608507
1   1.9781592813161049
1   1.9781592813161168
1   2.9872917981078273
1   1.0406821471245755
1   1.0406821471245593
1   1.1006495752329877
1   1.0517873713604853
1   1.0517873713605068
1   1.0111051824125028
1   1.0111051824125026
1   1.9900493587104551
1   1.9900493587104582
1   2.0143466388828455
1   2.0143466388828544
1   1.03068255149882
1   1.0306825514988183
1   1.9939789498642888
1   1.9939789498642884
1   1.9503211042516342
1   1.9503211042515765
1   1.0205639910858995
1   1.0205639910858975
1   1.0990341127354855
1   1.0990341127353886
1   1.9925605057182723
1   1.1294010447903442
1   1.0193410122406676
1   1.0193410122406634
1   1.9819497588570028
1   1.9819497588570067
1   1.9114886509960245
1   1.0240348330190374
1   1.0240348330190352
1   1.8725786620049942
1   1.010766490419333
1   1.0107664904193323
1   1.1478941889696594
1   1.9894760331896015
1   1.9894760331896024
1   1.1726776646203017
1   1.5970588126038336
1   1.5390512826922578
1   1.385772780883614
1   1.3857727808834945
1   1.9619175106706166
1   1.7013003120320689
1   1.7013003120319645
1   1.006981698761046
1   1.0069816987610498
1   1.988409675505503
1   1.0659352441554464
1   1.06593524415543
1   1.0090924303624407
1   1.0156663798835917
1   1.0156663798835863
1   1.9594728129718844
1   1.9594728129718768
1   1.053115269529042
1   1.053115269529064
1   1.9556429594629305
1   1.0557029230759811
1   1.9647050641671235
1   1.9647050641671364
1   1.0162647272338086
1   1.9909011190531789
1   1.9909011190531789
1   1.6441619611462586
1   1.6441619611457656
1   1.4738626558305878
1   1.4738626558311234
1   1.0230472944849598
1   1.0230472944849589
1   1.5127256629867136
1   1.5127256629867003
1   1.0111542138727949
1   1.0111542138727958
1   1.0139295698381148
1   1.0139295698381146
1   1.5790951175995795
1   1.5790951175996155
1   1.8369780983976822
1   1.1394546473438529
1   1.0061609549886887
1   1.0061609549886903
1   1.9108496939205089
1   1.2450812019449038
1   1.0070689804849504
1   1.9847976216524876
1   1.9847976216524357
1   1.0082770938694436
1   1.047181309570445
1   1.0471813095704192
1   1.0386045673527291
1   1.0386045673528197
1   1.002300507798799
1   1.9917191960466343
1   1.9917191960466401
1   1.0679649053311731
1   1.0679649053311924
1   1.5339315873514421
1   1.5339315873515962
1   1.5277168017849201
1   1.5277168017850609
1   1.0909345992007349
1   1.0909345992007307
1   1.9425915215286125
1   1.9425915215286222
1   1.7105969612432843
1   1.7105969612433016
1   1.0106965124695728
1   1.0106965124695755
1   1.0046629096897921
1   1.0046629096897965
1   1.974238935348898
1   1.9742389353489038
1   1.3915153487166669
1   1.3915153487166823
1   1.0031299320573854
1   1.0031299320573901
1   1.0390776170927885
1   1.0390776170927916
1   1.006794187860621
1   1.0067941878606224
1   1.9960043636908109
1   1.9960043636908287
1   1.0010144355472885
1   1.001014435547293
1   1.9989779441034692
1   1.0010334819143942
1   1.0023240576522352
1   1.002324057652239
1   1.0040230266568568
1   1.0040230266568675
1   1.0065574067613658
1   1.0065574067613852
1   1.001729359980829
1   1.0017293599808366
1   1.0012616451212941
1   1.0012616451213032
1   1.0006751861187864
1   1.0006751861187977
1   1.0003930409253288
1   1.0004364751656305
1   1.0004364751656312
1   1.0002447972649582

2   5.9683095977253497
2   4.9698109733584763
2   4.9698109733584621
2   3.9856762038862961
2   3.985676203886249
2   3.0238222437713103
2   3.0238222437713009
2   4.0182891100956759
2   2.1606936791244413
2   2.1606936791244356
2   2.0491586586995414
2   2.0491586586995187
2   2.0166477170542145
2   3.0401602142117068
2   3.0401602142117059
2   4.9788522887097253
2   4.97885228870972
2   3.9673892011120149
2   3.9673892011119944
2   2.9116888711349009
2   2.9116888711348765
2   2.0887016732647332
2   2.0887016732647279
2   3.0005644152260005
2   3.0005644152259836
2   3.0450939816217701
2   3.9803787783343356
2   3.9803787783343259
2   2.0579020151772602
2   3.9581314152739839
2   3.9581314152739697
2   2.9769680546292676
2   2.9769680546292649
2   2.0592887043744148
2   2.0592887043744104
2   3.9644395349628443
2   3.9644395349628407
2   4.9316253878231224
2   4.9316253878230887
2   4.9595215936441752
2   2.9953648716106942
2   3.001296197974642
2   3.9767445408744049
2   4.9694064021702795
2   4.9694064021702733
2   2.0554008479407262
2   2.0554008479407209
2   3.0568000697698445
2   3.056800069769853
2   2.0401529599312456
2   2.0401529599312478
2   4.8770697170649795
2   4.8770697170649724
2   2.1140684694082279
2   2.1140684694082243
2   2.1212165521437059
2   2.0532057076008203
2   3.9336375041561586
2   3.9336375041561524
2   2.9723089192655601
2   2.9723089192655547
2   3.9176538332219097
2   3.9176538332218582
2   3.2403255340936878
2   3.2403255340936368
2   2.1132284061853039
2   2.1132284061853026
2   3.9733412595382509
2   2.1102106770139906
2   2.1102106770139892
2   2.9517494901330705
2   3.0004758369872344
2   3.0004758369872344
2   3.9886584941455787
2   3.9886584941455787
2   3.9822208976595679
2   3.9822208976595563
2   3.9537185824464141
2   3.9537185824464087
2   2.9660537753531364
2   2.9251754517316217
2   2.92517545173162
2   3.9685899282384511
2   2.9942217386414929
2   2.994221738641484
2   2.0341843183996966
2   2.0831240983233537
2   2.0831240983233554
2   2.0701742278908903
2   2.0701742278908903
2   3.9781682496018131
2   3.9781682496018087
2   3.0017349755175373
2   3.0017349755175347
2   2.9755001765495392
2   2.9755001765495406
2   3.9771717676159195
2   2.0985677203691191
2   2.9840799578465895
2   2.9840799578465842
2   2.0607596729383277
2   2.0607596729383233
2   2.0336391262556068
2   2.0235179901582776
2   2.0235179901582718
2   2.071183495691272
2   2.0711834956912636
2   3.9563660087442107
2   3.9563660087441965
2   2.9774602736248159
2   2.9774602736248164
2   3.0064152934153001
2   2.9628735868794926
2   2.9628735868794824
2   2.0676752240926106
2   2.0676752240925951
2   2.6086657888599389
2   2.6086657888599687
2   2.4957805169408931
2   2.4957805169408611
2   2.0657356416584038
2   2.0763470162367392
2   2.0763470162367383
2   2.9949285011523781
2   2.9298672677150974
2   2.0772087104048618
2   2.07720871040486
2   2.0403766998952904
2   2.0403766998952881
2   2.0292836106717886
2   2.02928361067179
2   3.007243368143302
2   2.9813601910010847
2   2.9813601910010821
2   3.984658415954212
2   3.9846584159542084
2   3.4303931655046016
2   3.4303931655046025
2   2.9788634770134772
2   3.5980385225678644
2   3.5980385225678608
2   2.0208028607333595
2   2.0208028607333568
2   2.0439199312478791
2   2.0439199312478773
2   2.9880721998455684
2   2.9880721998455591
2   2.0358539729825327
2   3.9590615656101482
2   3.9590615656101447
2   2.0099811713869067
2   2.9754663306142417
2   2.9754663306142382
2   2.5572303923399207
2   2.5572303923399105
2   2.9716466685251457
2   2.9716466685251373
2   2.0415831349534996
2   2.0415831349534952
2   2.9580553211298937
2   2.9580553211298932
2   2.9391618431385211
2   2.9391618431385145
2   2.5555990511149496
2   2.555599051114946
2   3.9717268223868381
2   2.0612570306432443
2   2.0612570306432416
2   2.0118068629076395
2   2.0118068629076395
2   2.0132872513885451
2   2.0132872513885465
2   2.0490911037456923
2   2.0490911037456914
2   2.0308707572925173
2   2.0308707572925186
2   2.9896793945368914
2   2.9896793945368878
2   2.0363315837681433
2   2.0363315837681477
2   3.9471177123409431
2   3.9471177123409378
2   2.0316839758008292
2   2.9552412815163143
2   2.9552412815163112
2   3.9514637879706411
2   2.1231385535972422
2   3.9149347815636002
2   2.062842086771056
2   2.0628420867710537
2   3.0165582227504166
2   3.016558222750418
2   2.0238043476824532
2   2.0238043476824519
2   2.9278556465078331
2   2.6736877775260979
2   2.6736877775261143
2   2.0189633695634166
2   2.0189633695634148
2   2.4479711772760013
2   2.4479711772760142
2   2.0776744994889516
2   2.0776744994889507
2   3.9216805620193096
2   3.9216805620193123
2   2.011587193178872
2   2.1280034359379556
2   2.6973379431280713
2   2.6973379431280788
2   3.4284118124290326
2   3.4284118124290166
2   2.9990333880352846
2   2.9990333880352811
2   2.4286379058548384
2   2.42863790585485
2   3.5298753579385025
2   3.5298753579385096
2   2.0695397804799338
2   2.9796194811031063
2   3.0112832801551166
2   3.0112832801551126
2   2.9085354732261002
2   2.9085354732260988
2   3.9728473515916427
2   2.9825554837106663
2   3.9417832905848407
2   3.9417832905848407
2   2.1345129538103751
2   2.1345129538103724
2   2.0814258527682297
2   2.0814258527682288
2   3.0022843207433541
2   3.0022843207433518
2   3.8686895831555388
2   3.8686895831555459
2   2.9732022150139299
2   2.9732022150139286
2   2.9863002234296641
2   2.2594492212497377
2   2.2594492212497435
2   2.0203265114579931
2   2.0260261284430756
2   3.3394036309105726
2   3.3394036309105717
2   2.0509653746734462
2   2.0509653746734449
2   3.677157840515477
2   3.6771578405154663
2   2.207705681694843
2   2.2077056816948422
2   2.0196156092504691
2   2.0196156092504691
2   2.9253127691654193
2   2.9253127691654184
2   2.9258555837216691
2   2.989907984672509
2   3.8453347706797851
2   3.8453347706797842
2   3.5294533778292863
2   2.7753530469923993
2   3.0000000000000031
2   2.0313475087084072
2   2.031347508708405
2   2.0133531011590442
2   2.0133531011590415
2   2.0156606293462564
2   2.9955354152960432
2   2.9955354152960427
2   2.0305331343357969
2   2.0305331343357977
2   2.020660280366751
2   2.0206602803667533
2   2.0095774423411763
2   2.0095774423411772
2   2.1129955760737684
2   2.1129955760737698
2   2.1338013600806534
2   2.133801360080668
2   2.8807172237536514
2   2.8807172237536443
2   2.0231283820128119
2   2.0233895135313995
2   2.0233895135313995
2   2.0111644537445779
2   2.0111644537445788
2   2.9964901208079131
2   2.8052630322269119
2   2.8052630322269279
2   2.9807330634439433
2   2.9807330634439499
2   2.202632956722701
2   2.2026329567226841
2   2.0631065127536474
2   2.0631065127536483
2   2.4643743260788775
2   2.464374326078886
2   2.0054858177497832
2   2.6029166170725322
2   2.602916617072538
2   2.9726587158749322
2   2.9726587158749336
2   2.0027279524768433
2   2.9930111643333537
2   2.9930111643333537
2   2.9785054693090087
2   2.9785054693090087
2   2.0479040664750747
2   2.0479040664750712
2   2.0021760327249574
2   2.0061678105548633
2   2.0089198665652384
2   2.008919866565237
2   2.9821360496690796
2   2.9821360496690876
2   2.9966833569872726
2   2.9966833569872797
2   2.9644566350847832
2   2.964456635084773
2   2.0092326849211868
2   2.0092326849211877
2   2.0144926855167955
2   2.0144926855167951
2   2.0125890522196621
2   2.8160809934120143
2   2.8160809934120206
2   2.9694893691124449
2   2.271962348174998
2   2.2719623481750162
2   2.0088623841518647
2   2.0088623841518647
2   2.9966900028525099
2   2.0168151617873211
2   2.0168151617873233
2   2.0090870746066085
2   2.0090870746066081
2   2.0092904069287276
2   2.009290406928729
2   2.0081112021758112
2   2.0155796000592061
2   2.0155796000592083
2   2.005007928267502
2   2.0488581052714676
2   2.0032549921843281
2   2.0313916667881151
2   2.0313916667881116
2   2.9867038733864368
2   2.9867038733864359
2   2.015643820750292
2   2.0156438207502907
2   2.0092182124924625
2   2.0092182124924634
2   2.9768778237284175
2   2.9768778237284232
2   2.0182181352626141
2   2.9908225911777429
2   2.9908225911777437
2   2.9809155561645526
2   2.9809155561645522
2   2.9863359138567604
2   2.5821993766531319
2   2.5821993766531466
2   2.0079691906047876
2   2.0079691906047898
2   2.4900274072497561
2   2.4900274072497712
2   2.0020064718981909
2   2.0020064718981909
2   2.015507521881049
2   2.0155075218810485
2   2.9935956591442294
2   2.0057848257087039
2   2.0057848257087039
2   2.0054432378685032
2   2.0095520454554703
2   2.0095520454554707
2   2.5036696833071908
2   2.5036696833072187
2   2.9897354663105289
2   2.9897354663105391
2   2.566294235254019
2   2.5662942352540496
2   2.0023436120110687
2   2.018950978375865
2   2.018950978375865
2   2.0142476697785376
2   2.0142476697785368
2   2.0045702693541338
2   2.0045702693541352
2   2.151987589895147
2   2.0075980541983993
2   2.007598054198402
2   2.0357758169776825
2   2.0357758169776665
2   2.0065732945501775
2   2.0065732945501811
2   2.0259603499821712
2   2.0259603499821752
2   2.9564176542817457
2   2.9564176542817391
2   2.0068801732946686
2   2.0068801732946682
2   2.8838778332271371
2   2.0272670498188865
2   2.027267049818871
2   2.003943795083531
2   2.0039437950835306
2   2.0015688028424088
2   2.0042826702732142
2   2.0042826702732155
2   2.6248681918885368
2   2.6248681918883312
2   2.9738588873684848
2   2.9738588873684968
2   2.4348277998320373
2   2.4348277998322394
2   2.9752969215240896
2   2.9752969215240901
2   2.0001892407573489
2   2.0057911088763425
2   2.005791108876342
2   2.003816127692907
2   2.0038161276929078
2   2.0244300473930759
2   2.0244300473930767
2   2.0200095868311312
2   2.0200095868311325
2   2.0029024543740537
2   2.0029024543740546
2   2.80524616490275
2   2.8052461649027416
2   2.0164183039105534
2   2.0164183039105552
2   2.0023953713403242
2   2.2266046753610893
2   2.226604675361076
2   2.9915518975980091
2   2.9777833171445587
2   2.0089873604928723
2   2.9723712868380123
2   2.9723712868380132
2   2.0036951794355424
2   2.0036951794355451
2   2.9244579132878017
2   2.924457913287803
2   2.0063587984690061
2   2.006358798468991
2   2.9891516501911672
2   2.0981902833155819
2   2.0981902833155819
2   2.0034352709046392
2   2.0034352709046352
2   2.0014746041647711
2   2.0014746041647729
2   2.0058166627227987
2   2.0058166627227982
2   2.0207680345802421
2   2.0027672652545303
2   2.002767265254533
2   2.0128098504999801
2   2.0014918272104163
2   2.0008247171464237
2   2.000824717146426
2   2.000047562242719
2   2.0026562441550557
2   2.0005425424928345
2   2.0005425424928358
2   2.0002172323814489
2   2.0005600784414082
2   2.0005600784414104
2   2.0016527904885053
2   2.0016236879839422
2   2.0016236879839435
2   2.0012227318199218
2   2.0012227318199236
2   2.0006300469331633
2   2.0006300469331637
2   2.0011913457867054
2   2.0011913457867072
2   2.0012222494424088
2   2.0029944360055016
2   2.0002985253583945
2   2.0002985253584007
2   2.0006989969175684
2   2.0006989969175684
2   2.0003455341182899
2   2.0003455341182939
2   2.0013263636390159
2   2.0013263636390142
2   2.0003143483622234
2   2.0003143483622225
2   2.0002924785455058
2   2.0002924785455147
2   2.0008526881028121
2   2.0008526881028188
2   2.0004288202699669

3   5.9815037009125698
3   4.9861161722551852
3   4.9861161722551772
3   4.0040948849898577
3   4.0040948849898284
3   4.01977261338034
3   3.056416963469152
3   3.0564169634691445
3   3.0290003427222794
3   3.0290003427222758
3   3.0287970147239069
3   3.0287970147239056
3   4.9850389807907991
3   4.9850389807907929
3   3.9552233456986539
3   3.9552233456986414
3   3.0164473154538962
3   3.0164473154538967
3   3.0163828530567143
3   3.9903331694227617
3   3.9903331694227511
3   3.9725087901843672
3   3.972508790184369
3   3.0201099458571008
3   3.0201099458570999
3   3.9841090287056389
3   3.9841090287056344
3   4.9675972846418261
3   4.9675972846418137
3   4.9845744175669671
3   3.9923865670669079
3   3.0000000000000027
3   3.0379832298367466
3   4.9852487477439951
3   4.9852487477439835
3   3.0417746916257835
3   3.0417746916257737
3   4.9494286064469302
3   4.9494286064469248
3   3.9914923035482133
3   3.9914923035482124
3   3.2227983263317226
3   3.2227983263318167
3   3.867387682814651
3   3.8673876828145728
3   3.0088288038348372
3   3.0088288038348381
3   3.9758567514849279
3   3.0405483752502374
3   3.0405483752502294
3   4.0104059444620566
3   4.0104059444620548
3   3.0208495146195018
3   3.9812221949085966
3   3.9812221949085993
3   3.9925442480958901
3   3.9925442480958857
3   3.0016646131990048
3   3.0016646131990035
3   3.0126078947897175
3   3.9835258657300248
3   3.0230535148614925
3   3.0230535148614917
3   3.993990579822146
3   3.9939905798221398
3   3.0093954973182386
3   3.0093954973182386
3   3.0118670296069445
3   3.0118670296069419
3   3.997146955466186
3   3.0091681258077769
3   3.0091681258077765
3   3.0048680049290315
3   3.0048680049290297
3   3.9847287164006113
3   3.984728716400606
3   3.0076849546806002
3   3.007684954680601
3   3.0080665141254652
3   3.0078402999561478
3   3.0078402999561464
3   3.0000000000000004
3   3.0120125841010994
3   3.9945177206448275
3   3.9945177206448266
3   3.0077525971556005
3   3.4163206105484218
3   3.4163206105484316
3   3.0037561378668496
3   3.0037561378668478
3   3.6388985525611055
3   3.6388985525610984
3   3.0164204042093958
3   3.0017672157934672
3   3.0017672157934672
3   3.9833407510873524
3   3.9833407510873462
3   3.0031949030027354
3   3.0031949030027358
3   3.0139383057255378
3   3.0139383057255364
3   3.00295816759854
3   3.00295816759854
3   3.0168366424484563
3   3.0168366424484563
3   3.9934420764818288
3   3.0022506083108804
3   3.00225060831088
3   3.0051316396471814
3   3.0051316396471779
3   3.9673508992113042
3   3.9673508992113034
3   3.0005864158580389
3   3.0005864158580384
3   3.9761320642183913
3   3.9841669330679048
3   3.0382016953213724
3   3.0382016953213706
3   3.0175236668867842
3   3.0090633607042832
3   3.0090633607042818
3   3.9509249068615215
3   3.9509249068615215
3   3.5000812800886099
3   3.5000812800885948
3   3.0065253779055436
3   3.0065253779055414
3   3.0212579325797306
3   3.0212579325797289
3   3.5509757630549865
3   3.5509757630549954
3   2.9999999999999996
3   3.0145082997531998
3   3.0145082997531993
3   3.0072668406212673
3   3.0072668406212668
3   3.9859300842333756
3   3.0128788332504506
3   3.9736674954303233
3   3.9736674954303233
3   3.0193445494470494
3   3.0193445494470494
3   3.9950765341845091
3   3.9950765341845056
3   3.0013136537423573
3   3.0013136537423564
3   3.0085886736878211
3   3.5539896236710682
3   3.5539896236711082
3   3.5008605563324888
3   3.500860556332448
3   3.0082142034228228
3   3.0082142034228236
3   2.9999999999999996
3   3.9820393315799043
3   3.9820393315799052
3   3.6442896693757216
3   3.4111653928368342
3   3.0000000000000013
3   3.0039550713735861
3   3.0039550713735861
3   3.0041868431410386
3   3.0041868431410377
3   3.0007323220982869
3   3.0130485524791042
3   3.0130485524791046
3   3.0050524867315715
3   3.0050524867315715
3   3.0013569960890885
3   3.0013569960890867
3   3.0006561971329742
3   3.0006561971329755
3   3.0003345728171964
3   3.0003345728171986
3   3.0012783718840677
3   3.0012783718840681
3   3.0025971651331109
3   3.0025971651331127
3   3.0014279361655691
3   3.0014279361655714
3   3.0004566478509265
3   3.0004566478509291
3   3.0023051998981702
3   3.0023051998981702
3   3.0062182960190471
3   2.9999999999999996
3   3.000082597488094
3   3.0000825974880958
3   3.000197941978235
3   3.0001979419782367
3   3.0000406450121226
3   3.0000406450121226
3   3.0003287010565587
3   3.0004286678276264
3   3.0004286678276268
3   3.0016346305947752
3   3.0016346305947756
3   3.000505394197301
3   3.0012216753200804
3   3.00122167532008
3   3.0001170695853512
3   3.0001170695853498
3   3.0000688282629024
3   3.0000688282629042
3   3.000109699513311
3   3.0004977217766933
3   3.0004977217766937
3   3.0000442063094046
3   3.0000442063094028
3   3.0000379261556751
3   3.0000379261556795
3   3.000016370681716
3   3.0000163706817178
3   3.0004766140526988
3   2.9999999999999996
3   3.0001369321493923
3   3.0001369321493967
3   3.000014325892332
3   3.0000143258923306
3   3.0000135429008603

4   5.9931973510066401
4   4.9982094441045648
4   4.9982094441045533
4   4.0101846050725296
4   4.0101846050725261
4   4.0095281635483015
4   4.9904938301244073
4   4.9904938301244046
4   4.0047199639609898
4   4.0047199639609872
4   4.0021340395032103
4   4.0021340395032095
4   4.0019410678642497
4   4.001941067864248
4   4.0000107728563377
4   4.0000107728563377
4   4.997496682008375
4   4.9931176420629786
4   4.9931176420629786
4   3.9999999999999991
4   4.9953606493428904
4   4.9953606493428877
4   4.98615421340764
4   4.98615421340764
4   4.0013854447895802
4   4.0013854447895794
4   4.0036263896577253
4   4.0036263896577244
4   4.0002572211919469
4   4.0108488266375408
4   4.0108488266375408
4   4.0054670311805936
4   4.0054670311805944
4   4.003495454582219
4   4.0034954545822181
4   4.0030016924426457
4   4.000006726132459
4   4.0000067261324581
4   4
4   4.000032380812808
4   4.0000323808128071
4   4.0000240214320923
4   4.0000240214320923
4   4.0001778120710449
4   4.0001778120710432
4   4.0004516221999493
4   4.0004516221999475
4   4.0000150095866447
4   4.0001800712347064
4   4.0001800712347046
4   4.0000562206672017
4   3.9999999999999991
4   4.000020020409746
4   4.000020020409746
4   4.0000024916491581
4   4.0000024916491572
4   4.0000025865694431
4   4.0000094407732716
4   4.0000094407732725
4   4.0000003098505053
4   4.0000003098505044
4   4.0000011540724882
4   4.0000011540724882
4   4.0000184410762154
4   4.0000184410762163
4   4.0000078311618763

5   6.0000000000000009
5   5
5   5
5   5
5   4.9999999999999991
5   5.0000000000000009
5   5
5   5
5   5
5   5
5   5.0000000000000009
5   4.9999999999999991

6   6

