-6   6

-5   6
-5   5
-5   5
-5   5
-5   5
-5   5
-5   5
-5   5
-5   5
-5   5
-5   5
-5   5

-4   5.8859053920321909
-4   4.9756827716809564
-4   4.975682771680944
-4   4.1156521590322521
-4   4.1156521590322468
-4   4.1575291659980795
-4   4.0427386697684424
-4   4.0427386697684407
-4   4.8866159016389554
-4   4.8866159016389563
-4   4.0166968305694537
-4   4.0166968305694519
-4   4.0291057529956253
-4   4.0291057529956253
-4   4.0024543178307175
-4   4.0024543178307166
-4   4.0000000000000009
-4   4.9625487266250854
-4   4.909539378316123
-4   4.9095393783161256
-4   4.9191408142870383
-4   4.9191408142870383
-4   4.7980719873766793
-4   4.7980719873766775
-4   4.0198478804533329
-4   4.019847880453332
-4   4.0025627106718042
-4   4.1369710023208555
-4   4.1369710023208572
-4   4.0646816387839886
-4   4.0646816387839859
-4   4.0922775687921149
-4   4.0922775687921149
-4   4.0806421626671616
-4   4.080642162667159
-4   4.0447435336769777
-4   4.0001238713703007
-4   4.0001238713703016
-4   4.0003666476242277
-4   4.0003666476242268
-4   4.0000000000000009
-4   4.0000685940754153
-4   4.0000685940754144
-4   4.0014917710301017
-4   4.0014917710301008
-4   4.0049290606832315
-4   4.0049290606832306
-4   4.0003774566559018
-4   4.0020556103735787
-4   4.0020556103735787
-4   4.0006519108178082
-4   4.0000000000000018
-4   4.0003181904095602
-4   4.0003181904095602
-4   4.0000497797382915
-4   4.0000497797382923
-4   4.0000736065684874
-4   4.0000736065684874
-4   4.0000304158098086
-4   4.0000037823413352
-4   4.0000037823413352
-4   4.0000133988123245
-4   4.0000133988123245
-4   4.0001904867173721
-4   4.0001904867173703
-4   4.0000991581041108

-3   5.5919040389989068
-3   4.8023637035433859
-3   4.8023637035433433
-3   4.0032080044492568
-3   4.003208004449224
-3   3.3663737889892906
-3   3.366373788989268
-3   4.4576615057602647
-3   3.1570085048430956
-3   3.1570085048430925
-3   3.0739594615941481
-3   3.0739594615941477
-3   3.0528597407527771
-3   3.3700999206607518
-3   3.3700999206607527
-3   4.8043376513986598
-3   4.8043376513986376
-3   3.6737929314252433
-3   3.6737929314252433
-3   3.8786314696379574
-3   3.8786314696379485
-3   3.2949124137113808
-3   3.2949124137113719
-3   3.8079379428572802
-3   3.8079379428572793
-3   3.8818082016796165
-3   3.8818082016796165
-3   3.9167781220671323
-3   3.2927436588509886
-3   3.6168423636501856
-3   3.6168423636501865
-3   3.0000000000000022
-3   4.8642827822320385
-3   4.4409855530520552
-3   4.440985553052041
-3   4.7671290790351675
-3   4.767129079035155
-3   3.8254811176472856
-3   3.8254811176472803
-3   3.9008718246155079
-3   3.9008718246155052
-3   4.0097857280193558
-3   4.0097857280193541
-3   4.0840206926950957
-3   4.0840206926950939
-3   3.0398877918768097
-3   3.039887791876811
-3   3.1324694683961667
-3   3.1324694683961742
-3   3.1712192275652962
-3   3.1712192275652891
-3   3.8357177736529602
-3   3.9618121436398397
-3   3.9618121436398361
-3   3.1763860986637527
-3   3.1320833738658491
-3   4.2469287625432788
-3   4.2469287625432797
-3   4.0627651428431255
-3   4.0627651428431184
-3   3.1530108066386906
-3   3.153010806638687
-3   3.8940511130595858
-3   3.0102275026463663
-3   3.0102275026463694
-3   3.9260531251903839
-3   3.9260531251903821
-3   3.1486921070040128
-3   3.1486921070040159
-3   3.1579189460389925
-3   3.1579189460389894
-3   3.9709279070386314
-3   2.9999999999999996
-3   3.080989877133316
-3   3.0809898771333164
-3   3.900652529415404
-3   3.9006525294154049
-3   3.086854068282515
-3   3.086854068282515
-3   3.0942216745415663
-3   3.0672142409766927
-3   3.1091758742516444
-3   3.1091758742516431
-3   3.0763067953283136
-3   3.0763067953283119
-3   3.0552002165090841
-3   3.0552002165090841
-3   3.1311937254412321
-3   3.9372136623616232
-3   3.9372136623616241
-3   3.1656813562292809
-3   3.8862699857733656
-3   3.8862699857733656
-3   3.0277580414248062
-3   3.0277580414248062
-3   3.0186510689931909
-3   3.0186510689931909
-3   3.4157548469478529
-3   3.4157548469478529
-3   3.0167400950953218
-3   3.0167400950953205
-3   3.1019739361043555
-3   3.1019739361043546
-3   3.5433872534007582
-3   3.5433872534007564
-3   3.0159340673718265
-3   3.0159340673718269
-3   3.0421000085195291
-3   3.0421000085195291
-3   3.8678122048411749
-3   3.0056454800293051
-3   3.0056454800293051
-3   3.6247389669100034
-3   3.6247389669099999
-3   3.1233316491712877
-3   3.0619462011426499
-3   3.0619462011426495
-3   3.5528032460101784
-3   3.083221034017066
-3   3.0832210340170656
-3   3.0979264577505368
-3   3.0979264577505372
-3   3.7627789334834034
-3   3.0000000000000009
-3   3.5738174078675859
-3   3.5738174078675877
-3   3.0673985776169466
-3   3.067398577616947
-3   3.0966592715644219
-3   3.0966592715644206
-3   3.2956171862190682
-3   3.2956171862190664
-3   3.3341316375664363
-3   3.3341316375664314
-3   3.7191733491596306
-3   3.7191733491596271
-3   3.2743671960113852
-3   3.2743671960113825
-3   3.3555611249641224
-3   3.9524714188749748
-3   3.6580258342936522
-3   3.658025834293654
-3   3.0298443035252345
-3   3.0298443035252349
-3   3
-3   3.0274694738142376
-3   3.0274694738142371
-3   3.1533920914559141
-3   3.1533920914559119
-3   3.1599901784326172
-3   3.9515851106407425
-3   3.9515851106407363
-3   3.2989117219021398
-3   3.9186845299892195
-3   3.9186845299892159
-3   3.7309521924315101
-3   3.7309521924315119
-3   3.0000000000000004
-3   3.722752936620874
-3   3.0794758585759281
-3   3.0794758585759263
-3   3.0106212420241834
-3   3.1901262353354931
-3   3.1901262353354873
-3   3.0609688634181356
-3   3.0609688634181382
-3   3.017876396771439
-3   3.0178763967714377
-3   3.0480860122284503
-3   3.0480860122284508
-3   3.0641815059851236
-3   3.0641815059851227
-3   3.0064815264660605
-3   3.0064815264660596
-3   3.0308235294997905
-3   3.0308235294997896
-3   3.0354485953524715
-3   3.035448595352459
-3   3.0264872611375129
-3   3.026487261137528
-3   3.0106602854914262
-3   3.0106602854914239
-3   2.9999999999999991
-3   3.0313713854409809
-3   3.0313713854409805
-3   3.0802270711396313
-3   3.0005836428993988
-3   3.0005836428993993
-3   3.0042979261580154
-3   3.0042979261580176
-3   3.006490168524504
-3   3.0008359678508469
-3   3.0008359678508469
-3   3.0083421757466402
-3   3.0272209710409745
-3   3.0272209710409781
-3   3.0077349036171435
-3   3.0077349036171444
-3   3.0192277981652942
-3   3.0192277981652951
-3   3.0015172161430823
-3   3.0015172161430841
-3   3.0010269540439234
-3   3.0010269540439252
-3   3.0015486666491125
-3   3.007087820961774
-3   3.0070878209617757
-3   3.0007090783599581
-3   3.0007090783599577
-3   3.0003781680017183
-3   3.0003781680017179
-3   3.0002907690351344
-3   3.0002907690351392
-3   3.0056684256172761
-3   3.0000000000000013
-3   3.0016930899320484
-3   3.0016930899320489
-3   3.00016737506074
-3   3.0001673750607418
-3   3.0001664391825105

-2   5.1818342708900635
-2   4.5443971410532873
-2   4.5443971410531949
-2   3.7982591220236364
-2   3.7982591220235324
-2   3.069421728662781
-2   3.069421728662737
-2   2.4976522691245382
-2   2.4976522691245315
-2   2.1938513768507262
-2   2.1938513768507182
-2   2.0988627154619417
-2   4.6777562735986118
-2   3.5227653548810522
-2   3.5227653548810505
-2   3.7251603597744829
-2   3.7251603597744758
-2   2.9305858040473454
-2   2.930585804047348
-2   4.0835023243213557
-2   4.0835023243213531
-2   3.4789225171583835
-2   3.4789225171583609
-2   3.071902243080578
-2   3.0719022430805527
-2   3.1424967358012541
-2   3.7529730384253011
-2   3.7529730384252957
-2   2.704960576986124
-2   2.4874081954291269
-2   2.4874081954291145
-2   3.048799821256861
-2   3.0487998212569245
-2   3.077777001905631
-2   3.077777001905619
-2   2.9422445772041748
-2   2.8744864154612584
-2   2.8744864154611784
-2   2.8622848931504064
-2   3.4620891826222464
-2   3.4620891826222615
-2   3.5246205107975745
-2   3.5246205107975612
-2   2.5880625333423408
-2   2.5880625333423684
-2   3.6348333928389369
-2   2.5532915561339649
-2   2.5532915561339649
-2   2.6919029872154248
-2   2.3507676005216087
-2   2.3507676005216065
-2   2.4490672250649137
-2   4.5486633263801775
-2   3.140605672857212
-2   3.1406056728572036
-2   4.2296196818184084
-2   4.2296196818183995
-2   3.4882106538063886
-2   3.48821065380637
-2   3.2000996632241017
-2   3.2000996632241052
-2   4.4415200740383227
-2   4.4415200740383201
-2   3.7458469155627787
-2   3.7458469155627947
-2   2.5272100896522756
-2   2.5272100896522711
-2   4.3033492651190102
-2   4.3033492651190048
-2   2.7622972264079468
-2   2.7622972264079344
-2   2.7006778216819511
-2   3.3334561643007254
-2   3.3334561643007365
-2   3.2710662396618795
-2   3.2710662396618853
-2   2.8483184300519597
-2   2.8483184300519571
-2   3.2938248861293395
-2   3.5494858269878868
-2   4.1154679281990019
-2   4.1154679281990001
-2   2.8930867234549433
-2   3.948754418745513
-2   3.9487544187455015
-2   3.4973099761541055
-2   2.9340478624398876
-2   2.934047862439896
-2   2.7800140015760806
-2   2.7800140015760775
-2   2.36535465556811
-2   2.2760160315460078
-2   2.2760160315460043
-2   2.9589835023208098
-2   2.9589835023208049
-2   3.7394949792854462
-2   3.7394949792854453
-2   2.3893673217108224
-2   2.3893673217108233
-2   3.1236526360319665
-2   3.1236526360319599
-2   2.2352709784169198
-2   3.0355312131844174
-2   3.0355312131844134
-2   2.2610555963987511
-2   2.2610555963987546
-2   3.6755908464843294
-2   2.351588843243579
-2   2.3515888432435643
-2   3.0813172258407358
-2   2.379082766520948
-2   2.3790827665209506
-2   2.8304652822300107
-2   2.8304652822300125
-2   2.2275181323890103
-2   2.2275181323890103
-2   2.3616095583296248
-2   2.3616095583296826
-2   2.8610976870232601
-2   2.8610976870232698
-2   2.6706536407169144
-2   2.7547006886253156
-2   2.7547006886252694
-2   2.7071828367302966
-2   2.7071828367303024
-2   2.2860884112847604
-2   2.2860884112847599
-2   3.0563764196829406
-2   3.0563764196829331
-2   2.9311042323888548
-2   3.1332862102190684
-2   3.1332862102190759
-2   3.057534481081428
-2   2.723599279879021
-2   2.9651345094493529
-2   2.9651345094493502
-2   2.1151481212886454
-2   2.926817260634643
-2   2.9268172606346368
-2   2.1122301661510283
-2   2.2473642277342023
-2   2.2473642277342099
-2   2.9012691525080987
-2   2.1954232709638952
-2   2.1954232709638979
-2   2.981045088273421
-2   2.9810450882734205
-2   2.3853994920802695
-2   2.3853994920802699
-2   2.0798041246862433
-2   2.0798041246862424
-2   3.5579708410631632
-2   3.5579708410631454
-2   3.7461937636671632
-2   3.7461937636671578
-2   3.1475466933413379
-2   3.1475466933413316
-2   2.6570978808614809
-2   2.657097880861484
-2   2.8259074095728449
-2   2.8259074095728476
-2   3.0855340239796227
-2   3.0855340239796321
-2   2.5130535738764275
-2   2.5130535738764261
-2   2.8634255277628511
-2   2.8634255277628493
-2   2.5362745663673798
-2   2.6206325811025049
-2   2.6206325811025111
-2   2.2407536662109444
-2   2.240753666210944
-2   2.5846791405375953
-2   2.5846791405375922
-2   2.5816517782761488
-2   2.5816517782761452
-2   2.8742044651130558
-2   2.874204465113058
-2   2.1754303942040085
-2   2.175430394204009
-2   2.3003554409971723
-2   3.5490885689766474
-2   2.6333944682298629
-2   2.6333944682298682
-2   2.5492645847543649
-2   2.5492645847543645
-2   2.9868312102004664
-2   2.9868312102004535
-2   2.2126161803684661
-2   2.2126161803684661
-2   2.7689804182787463
-2   2.614865826241326
-2   2.6148658262413229
-2   2.5172221837506341
-2   2.5172221837506328
-2   3.2042623830715922
-2   2.9139961473306681
-2   2.9139961473306677
-2   2.7666462319595282
-2   2.3099764015052191
-2   2.3099764015052182
-2   2.1084998850863927
-2   2.8747415154818556
-2   2.8747415154818534
-2   2.8258649031650256
-2   2.8258649031650243
-2   2.7541309140240822
-2   2.7541309140240777
-2   2.5804653813809812
-2   2.5804653813809808
-2   2.7770028274055383
-2   2.5956071428594294
-2   2.5956071428594312
-2   2.6770006729159941
-2   3.0213024829385882
-2   3.0213024829385855
-2   3.243050115683936
-2   2.8096145349780683
-2   2.8096145349780661
-2   3.2002804798080562
-2   3.2002804798080571
-2   3.1305082244511153
-2   2.538244975533269
-2   2.5382449755332686
-2   3.1598817823657752
-2   3.1598817823657761
-2   3.5013394733855039
-2   3.5013394733854941
-2   2.7033118222314152
-2   2.7033118222314148
-2   2.620288582573874
-2   2.4708904901213997
-2   2.6874568205859846
-2   2.6874568205859823
-2   2.1930992924329611
-2   3.1417756007269566
-2   3.1417756007269548
-2   3.0222849463135213
-2   2.8738723356150366
-2   2.8738723356150304
-2   2.2274933373364192
-2   2.2274933373364174
-2   3.5466859133022073
-2   2.5016231966548563
-2   2.501623196654855
-2   2.9331969436571117
-2   2.9331969436571121
-2   2.8989552124176057
-2   2.8989552124176021
-2   2.9411218569063871
-2   2.9411218569063879
-2   2.9592462366737324
-2   3.742630936406969
-2   3.7426309364069672
-2   2.2885734471710015
-2   2.2885734471710042
-2   2.8772313165429049
-2   2.1691893592822633
-2   2.1691893592822624
-2   2.6572982269277681
-2   2.6572982269277676
-2   3.7286118583257126
-2   3.7286118583257108
-2   2.2003203038610391
-2   3.0000000000000018
-2   2.1803993874963639
-2   2.1803993874963665
-2   2.2906191628871988
-2   2.2906191628871984
-2   3.8107418480226274
-2   2.879672679917765
-2   2.8796726799177721
-2   3.0119234135149564
-2   3.0119234135149568
-2   2.1417576439116908
-2   2.1417576439116899
-2   2.5979174590836842
-2   2.5979174590836869
-2   2.17446567672261
-2   2.1744656767226114
-2   2.1486810879286931
-2   2.1486810879286939
-2   2.2535581512349436
-2   2.2535581512349467
-2   2.2009689397270709
-2   2.4208026749836433
-2   2.4208026749836504
-2   2.6750344937833757
-2   2.6750344937833774
-2   2.2700496992966199
-2   2.2700496992966217
-2   2.9702079286364764
-2   2.0762520439694172
-2   2.7199076569567779
-2   2.7199076569567775
-2   2.0252950927662492
-2   3.0381421185291151
-2   3.0381421185291195
-2   2.7555077416453537
-2   2.7555077416453515
-2   2.4787729225484592
-2   2.4787729225484605
-2   2.043901191019259
-2   2.9309580229881194
-2   2.9309580229881211
-2   2.9383847545792343
-2   2.938384754579241
-2   2.867845908374401
-2   2.867845908374405
-2   2.1215152234421941
-2   2.1215152234421981
-2   2.1033723735563292
-2   2.7767740927537177
-2   2.7767740927537217
-2   2.1097000996081814
-2   2.1097000996081823
-2   2.8317844802850223
-2   2.8317844802850223
-2   2.057322016430148
-2   2.0573220164301507
-2   2.2424909186722686
-2   2.2424909186722721
-2   2.6433446401853957
-2   2.6433446401853908
-2   2.0569092702280005
-2   2.0569092702279996
-2   2.5336794704070864
-2   2.073724128945738
-2   2.0737241289457393
-2   2.3679036444189254
-2   2.3679036444189334
-2   2.8392159531579013
-2   2.8392159531579089
-2   2.1321317085046578
-2   2.0919715222977566
-2   2.0182892577518907
-2   2.963536034393309
-2   2.2042993721013815
-2   2.2042993721013242
-2   2.467253605358712
-2   2.4672536053586591
-2   2.1448196725428983
-2   2.1448196725429005
-2   2.0709483356303262
-2   2.018947442968106
-2   2.0551626337235058
-2   2.0551626337235072
-2   2.6158704850287506
-2   2.1047343254433901
-2   2.1047343254433901
-2   2.7763864778261076
-2   2.7763864778261111
-2   2.5722692638804863
-2   2.5722692638804787
-2   2.0755192551646147
-2   2.0755192551646164
-2   2.6177340404783132
-2   2.61773404047831
-2   2.4557611635691021
-2   2.4557611635690901
-2   2.8382079324291754
-2   2.8382079324291807
-2   2.4686194458632627
-2   2.4686194458632533
-2   2.9709426931351
-2   2.082156437466177
-2   2.0821564374661801
-2   2.0647936407762053
-2   2.5967037142212517
-2   2.5967037142212477
-2   2.2423586707894665
-2   2.2423586707894669
-2   2.5227364498740217
-2   2.522736449874031
-2   2.9432752691634283
-2   2.0695772802815942
-2   2.069577280281595
-2   2.0407593877011156
-2   2.2151019469228244
-2   2.454461675646499
-2   2.4544616756464999
-2   2.1232122791262369
-2   2.1232122791262387
-2   2.0167668968569745
-2   2.016766896856975
-2   2.0688476709200834
-2   2.0688476709200829
-2   2.0803844349739773
-2   2.0803844349739791
-2   2.6081413591696201
-2   2.6081413591696219
-2   2.6022788990080414
-2   2.6022788990080405
-2   2.0730983789863728
-2   2.0730983789863724
-2   2.0123306135535746
-2   2.0123306135535763
-2   2.0602656238618233
-2   2.0602656238618242
-2   2.1077113889823242
-2   2.1077113889823269
-2   2.0173468593926134
-2   2.2083856312037047
-2   2.2083856312037096
-2   2.2031405891083313
-2   2.2031405891083238
-2   2.7808681513558429
-2   2.7808681513558611
-2   2.1725718903245244
-2   2.1725718903245341
-2   2.8112271257035588
-2   2.7365917076950956
-2   2.7365917076951081
-2   2.8103077801081899
-2   2.8103077801081957
-2   2.0017818342287326
-2   2.8155791412442381
-2   2.8155791412442577
-2   2.0972916063732674
-2   2.0972916063732518
-2   2.0779998028193414
-2   2.0779998028193427
-2   2.0228904564658752
-2   2.0228904564658721
-2   2.0534634642654335
-2   2.0534634642654295
-2   2.0820022849209114
-2   2.0820022849209145
-2   2.2050670748138486
-2   2.2050670748138468
-2   2.2554627741081537
-2   2.2554627741081568
-2   2.0114478591158229
-2   2.4833932985045601
-2   2.0565547509498292
-2   2.0565547509498305
-2   2.3686916197573717
-2   2.9063487359343694
-2   2.7442481289282403
-2   2.7442481289282399
-2   2.2112988921669623
-2   2.2112988921669645
-2   2.0071602776334148
-2   2.0071602776334139
-2   2.552388263653107
-2   2.5523882636531305
-2   2.0265351137625358
-2   2.0265351137625349
-2   2.1384063001346618
-2   2.1384063001346649
-2   2.7923649397201888
-2   2.4067471051446265
-2   2.4067471051446132
-2   2.8187965981856737
-2   2.8187965981856746
-2   2.0412174893919075
-2   2.0412174893919102
-2   2.0192421548215163
-2   2.2542873259401652
-2   2.0006859684924887
-2   2.258493336064257
-2   2.0057918033249913
-2   2.00579180332499
-2   2.0371207808560969
-2   2.0061134599637738
-2   2.0061134599637778
-2   2.0018511690602314
-2   2.0136262640737823
-2   2.013626264073785
-2   2.026684434498331
-2   2.0251030400928141
-2   2.0251030400928149
-2   2.0238818624213968
-2   2.023881862421399
-2   2.0109792461517348
-2   2.0109792461517344
-2   2.0188089490798311
-2   2.0188089490798329
-2   2.0174444060091612
-2   2.0496763371643429
-2   2.0043280071434904
-2   2.0043280071434912
-2   2.0105197712617269
-2   2.0105197712617318
-2   2.005293555287214
-2   2.0052935552872166
-2   2.0050404381434617
-2   2.0050404381434657
-2   2.0168564924514767
-2   2.0168564924514771
-2   2.0041581575112293
-2   2.0041581575112324
-2   2.0128246252619189
-2   2.0128246252619211
-2   2.0064814582271442

-1   4.8547185081235904
-1   4.3270487782068763
-1   4.3270487782068923
-1   3.6180720441174605
-1   3.6180720441174445
-1   2.8495291531517615
-1   2.8495291531517557
-1   2.1082789881853761
-1   2.1082789881853738
-1   1.52723071276671
-1   1.527230712766706
-1   1.3012034400850105
-1   4.7688396778967315
-1   3.5590490469867948
-1   3.5590490469867957
-1   2.3300881380981693
-1   2.3300881380981511
-1   2.2608370848436556
-1   2.9473831472408167
-1   2.9473831472407834
-1   2.604367339187645
-1   2.6043673391875917
-1   3.6938623002731266
-1   3.6938623002730573
-1   4.4231127363269849
-1   4.423112736326904
-1   1.8942800879939723
-1   1.8942800879939763
-1   2.8453129086316085
-1   3.5925572564038584
-1   3.5925572564037989
-1   1.6427930220415119
-1   1.6427930220415066
-1   2.7671410305144293
-1   2.7671410305144359
-1   2.9582101192709689
-1   2.6966026891375496
-1   3.4343071912711229
-1   3.4343071912710865
-1   1.8082714089003717
-1   1.8082714089003669
-1   3.365285483674985
-1   3.3652854836749664
-1   2.8859485903331819
-1   2.6555619518336306
-1   2.655561951833604
-1   1.9702314833918351
-1   1.9702314833918249
-1   2.2573170495194574
-1   2.391888088078141
-1   2.2969762691472542
-1   2.2969762691472431
-1   3.1662989282769809
-1   3.1662989282769591
-1   2.9477770491507145
-1   2.9477770491507713
-1   3.3361266351997045
-1   3.3361266351997485
-1   2.7681403166977194
-1   2.7681403166977274
-1   2.3109403387388108
-1   2.3109403387388201
-1   3.4541318408113346
-1   2.1135094693549359
-1   2.113509469354931
-1   3.5573464117483651
-1   3.5573464117483455
-1   2.8157794939836531
-1   2.8157794939836642
-1   1.7616660363989181
-1   1.7616660363989145
-1   3.2885615243266462
-1   3.2885615243266151
-1   3.959330765602
-1   3.9593307656019832
-1   4.2069631703382386
-1   1.6602188593021046
-1   2.7364938988257275
-1   2.7364938988257252
-1   1.8963008487299606
-1   4.1772509296957576
-1   4.177250929695731
-1   2.4420137707086793
-1   2.442013770708674
-1   3.3191528836531998
-1   2.2813448892856725
-1   2.2813448892856578
-1   2.6279319405238555
-1   2.6279319405238506
-1   1.5411797269686685
-1   1.5411797269686573
-1   4.2778188112598219
-1   4.2778188112597846
-1   3.469933184931723
-1   3.0319272011230969
-1   3.0675048802040776
-1   3.0675048802040408
-1   3.7113250871782473
-1   3.7113250871782579
-1   3.6736329721239827
-1   3.6736329721239951
-1   3.3769540150368296
-1   3.3769540150368313
-1   3.7754111859165738
-1   1.9072670764638784
-1   1.907267076463885
-1   2.7677012960176435
-1   2.7677012960176324
-1   1.6887689098439589
-1   1.6887689098440113
-1   1.9259708752624825
-1   2.3827001271333828
-1   1.8655584874571729
-1   1.8655584874571742
-1   2.6074435487212271
-1   2.6074435487212408
-1   1.5574254217362937
-1   1.5574254217362857
-1   3.1822112904286755
-1   3.1822112904286852
-1   1.9968023002133051
-1   1.9968023002132957
-1   2.1361508737638175
-1   2.136150873763818
-1   2.3994363651274657
-1   2.3994363651274733
-1   2.8678472880766002
-1   2.8678472880765948
-1   2.3246655227806952
-1   2.3246655227807023
-1   1.6843711222777062
-1   2.3033827402148659
-1   2.8457256720267519
-1   2.8457256720267425
-1   2.8622284718284563
-1   2.8622284718284514
-1   1.5175332973406488
-1   1.5175332973406523
-1   2.9954577569690763
-1   1.4387958201638904
-1   1.4387958201638882
-1   1.2876916163196281
-1   3.1032656053207099
-1   1.9741739152555939
-1   1.9741739152555891
-1   3.111804635483268
-1   2.1764635097585727
-1   2.1764635097585763
-1   3.1419178513802439
-1   3.1419178513802337
-1   3.1908835951220085
-1   3.190883595122004
-1   1.4270507826435677
-1   1.427050782643539
-1   2.620611811980015
-1   2.6206118119799995
-1   2.2537915622298534
-1   2.2537915622298565
-1   2.4581535558560459
-1   2.4581535558560499
-1   2.9699337108095003
-1   2.5224027902963866
-1   2.5224027902963937
-1   2.5714637957859057
-1   2.1199602377879558
-1   2.1199602377879523
-1   2.870347415959412
-1   2.1756044848980363
-1   2.1756044848980398
-1   1.4405495986507573
-1   3.3211780686710335
-1   3.3211780686710237
-1   1.6032654511228048
-1   1.6032654511228044
-1   2.4762782677823396
-1   2.4762782677823174
-1   1.7646564361854629
-1   2.8075072329141295
-1   2.8075072329141233
-1   2.5593593845617675
-1   2.5593593845617582
-1   1.8125453554013853
-1   1.8125453554013826
-1   2.5985616789393768
-1   2.1346408570570317
-1   2.1346408570570214
-1   2.3060812262418842
-1   2.3060812262418926
-1   3.1138850062553156
-1   3.1138850062553427
-1   2.1750277397042654
-1   2.1750277397042574
-1   2.4479308259271626
-1   2.4479308259271666
-1   2.0335505687981179
-1   2.0335505687981299
-1   2.6088470323948387
-1   2.6088470323948241
-1   2.1008148611473771
-1   2.100814861147235
-1   2.787685891759399
-1   2.7876858917593967
-1   2.3999243835927819
-1   2.7769936338314833
-1   2.7769936338315873
-1   2.8748433784215477
-1   2.8748433784215455
-1   2.3070106454421997
-1   2.3070106454421966
-1   2.0752063158595995
-1   2.0752063158595928
-1   3.1938913354574994
-1   3.1938913354575003
-1   2.3949704887383128
-1   2.394970488738331
-1   1.6474207372396719
-1   1.6474207372396714
-1   2.224926380104379
-1   1.8461010865904464
-1   1.9195404776521379
-1   2.8534431090823973
-1   2.8534431090823831
-1   1.6472927015834933
-1   1.6472927015834742
-1   2.1007133074419646
-1   2.1007133074419517
-1   2.8411211254095052
-1   1.8583590381722606
-1   2.4950367845146801
-1   2.495036784514681
-1   2.248090276078841
-1   2.2480902760788379
-1   2.2270499741893146
-1   2.227049974189327
-1   2.0946808003316222
-1   2.094680800331624
-1   1.7210430147165847
-1   1.7210430147165861
-1   2.6083433417251949
-1   2.6083433417251998
-1   2.4045738048177507
-1   2.4045738048177445
-1   1.8709594272750167
-1   1.8709594272750238
-1   2.6104234145978906
-1   2.4676769804383283
-1   2.4676769804383358
-1   2.1417825283689949
-1   2.141782528368998
-1   2.3428098841007259
-1   2.7984453813709753
-1   2.7984453813709758
-1   2.9722457322088967
-1   2.4166276675326732
-1   2.416627667532671
-1   1.637575029760292
-1   1.5651778050839726
-1   1.5651778050839775
-1   2.5235585469811799
-1   2.5829362299734702
-1   2.5829362299734773
-1   2.1367444396201507
-1   2.1367444396201583
-1   2.2065676324420345
-1   2.2065676324420336
-1   2.1872775711465451
-1   2.1872775711465433
-1   2.4458158922990032
-1   2.7223726492794857
-1   2.7223726492794871
-1   1.6883378539062965
-1   2.0382630332764138
-1   2.0382630332764098
-1   2.7419830842264479
-1   2.7419830842264368
-1   3.0478538227071779
-1   3.0478538227071645
-1   3.1838216810354858
-1   2.6075371000395773
-1   2.6075371000395773
-1   2.9236822652698597
-1   2.9236822652698629
-1   2.4167149344546828
-1   2.4167149344546766
-1   1.975802797827376
-1   2.2864683339849048
-1   2.3660274830503334
-1   2.3660274830503192
-1   1.6550019004596446
-1   1.6550019004596548
-1   2.7152826429410699
-1   2.7152826429410735
-1   3.038251012000218
-1   1.6395163718738077
-1   1.6395163718738117
-1   2.2881593646437559
-1   2.2881593646437564
-1   2.1575395805756576
-1   2.4637659973922199
-1   2.4637659973922301
-1   1.6168641495402269
-1   1.6168641495402158
-1   2.7384733419347791
-1   2.7384733419347795
-1   2.1712762267907038
-1   2.7497624832308776
-1   2.7497624832308727
-1   2.1304407685729689
-1   1.6850105481175062
-1   1.6850105481175093
-1   1.6921441530412991
-1   1.692144153041296
-1   2.9846488770769879
-1   2.9846488770769879
-1   2.8758967631169314
-1   3.0392941584351041
-1   2.1572489411138416
-1   2.1572489411138371
-1   2.0037884453333574
-1   2.0037884453333583
-1   2.5749743681601798
-1   1.624759375000258
-1   1.6247593750002594
-1   1.7174454144077962
-1   1.7174454144077997
-1   2.0098649700628806
-1   2.0098649700628832
-1   1.8972528375075024
-1   1.8972528375075104
-1   2.7747473575146393
-1   2.7747473575146513
-1   1.7047355045389536
-1   1.7047355045389452
-1   1.522169234561253
-1   1.5221692345612539
-1   3.2202768460193667
-1   3.2202768460193743
-1   1.6444428503875859
-1   2.2203318476085938
-1   2.2203318476085725
-1   2.0786818356979868
-1   2.0786818356980237
-1   2.7876843440697114
-1   2.7932556009885214
-1   2.7932556009885272
-1   2.4094924897238412
-1   2.4094924897238466
-1   2.7967438443633426
-1   1.9569383458340672
-1   1.9569383458340703
-1   2.8543602646644435
-1   3.2930904278676638
-1   3.2930904278676745
-1   2.5328592991695933
-1   2.5328592991695968
-1   2.0109893049091148
-1   2.0109893049091121
-1   1.9058862082060095
-1   1.9058862082060091
-1   1.6951556194187325
-1   1.5230967711232837
-1   1.715111766702762
-1   3.1721625801783406
-1   3.1721625801783566
-1   1.982076948614564
-1   1.9820769486145426
-1   2.2024378010836085
-1   2.2024378010836125
-1   2.2228081326657185
-1   2.2228081326657172
-1   1.8818750005535025
-1   1.8818750005535061
-1   2.79383324674449
-1   2.687921627107746
-1   2.6879216271077486
-1   2.5309931942407338
-1   2.5309931942407324
-1   3.6200800394729837
-1   2.1392557354999893
-1   2.1392557354999893
-1   1.6372762906171818
-1   1.6372762906171872
-1   2.0681862564044255
-1   1.9877127598091491
-1   2.0952328993475193
-1   2.0952328993475215
-1   2.3609684801735331
-1   2.3609684801735398
-1   2.9865216045349969
-1   2.9865216045350089
-1   1.9555886870919124
-1   1.9269107878491893
-1   1.9269107878491916
-1   1.9155429710382661
-1   1.9155429710382679
-1   1.8506633381345292
-1   1.8506633381345288
-1   1.8464276371744721
-1   2.2585725486164892
-1   2.25857254861649
-1   2.4691136001248521
-1   2.4691136001248535
-1   1.7644767917277133
-1   1.7644767917277191
-1   2.5825521035374868
-1   1.8558871653657865
-1   1.7265187476925514
-1   1.726518747692559
-1   1.9990643623486006
-1   1.9990643623485993
-1   2.154234444903862
-1   2.1542344449038642
-1   1.5984002078261841
-1   1.8232287016489219
-1   1.8232287016489286
-1   2.0057551964269997
-1   2.0057551964270139
-1   2.3785363008813118
-1   2.378536300881315
-1   1.7324698955687157
-1   1.2933897913830856
-1   1.8903984967217236
-1   2.157626270391833
-1   2.1576262703918392
-1   2.5858740428182636
-1   2.5858740428182729
-1   2.0711395387459728
-1   2.0711395387459706
-1   2.5518901078328668
-1   2.551890107832862
-1   2.2437813909510305
-1   2.2437813909510216
-1   2.0980275341985353
-1   2.0980275341985304
-1   2.4057754698944649
-1   2.4057754698944556
-1   2.1715185755791229
-1   2.1715185755791242
-1   1.4326729179280477
-1   1.4326729179280482
-1   1.8208973490759361
-1   1.8208973490759388
-1   1.7789581543572552
-1   1.8691258878885804
-1   1.8691258878885808
-1   1.3777875542799802
-1   2.4822107340948216
-1   2.4676983531831787
-1   2.4676983531831831
-1   2.228730601972551
-1   2.2287306019725066
-1   1.5748400733009724
-1   2.4717479442630892
-1   2.4717479442631372
-1   2.0436469715905674
-1   2.0436469715905887
-1   1.6127735906057028
-1   1.6127735906057374
-1   1.2913105021786071
-1   1.2913105021786113
-1   1.8574945482092966
-1   1.8574945482092691
-1   1.9194683839883622
-1   2.4147684773389431
-1   2.4147684773389324
-1   1.9756129788027215
-1   1.975612978802721
-1   1.8876916958728152
-1   1.8876916958728041
-1   1.8180438267264325
-1   1.8180438267264276
-1   1.9211657450296085
-1   1.6445638060277088
-1   1.644563806027715
-1   2.0775406996767987
-1   2.0430687073567384
-1   2.0430687073567411
-1   2.3167294859841427
-1   1.7134221157666372
-1   1.7134221157666429
-1   1.9191622066082434
-1   1.9191622066082346
-1   1.3529786719414942
-1   1.3529786719414911
-1   2.2504952213326543
-1   1.8709402437085587
-1   1.8709402437085729
-1   2.3792583228623516
-1   2.3792583228623561
-1   1.8280983343095398
-1   1.8280983343095452
-1   1.7838832568639269
-1   1.7838832568639291
-1   2.4926023887322382
-1   2.4926023887322462
-1   1.7948422997991607
-1   1.3271377622846998
-1   1.6505533884699051
-1   1.6505533884699082
-1   1.7490780163514135
-1   1.7490780163514161
-1   1.6119719317101713
-1   1.7045048372287734
-1   1.7045048372287779
-1   2.1035137874273859
-1   1.4260029038786175
-1   1.4260029038786151
-1   1.38392391444691
-1   1.3839239144469164
-1   1.5007989892955473
-1   1.5007989892955478
-1   2.1057103593201418
-1   2.1057103593201401
-1   2.7618301567486125
-1   2.7618301567486201
-1   2.6663369550153715
-1   2.6663369550153888
-1   2.0079896130705399
-1   1.6010107982483137
-1   1.6010107982483146
-1   2.0455322166523997
-1   2.0455322166524006
-1   2.3925907528283457
-1   2.3925907528283443
-1   2.2647378535191862
-1   1.9751745353805874
-1   1.9751745353805927
-1   2.0360406246385985
-1   2.0360406246386198
-1   1.7084646275211419
-1   1.7084646275211441
-1   1.6454309161222631
-1   1.6454309161222662
-1   2.7760886417362496
-1   1.4412999066114249
-1   1.4412999066114582
-1   1.9081154086108114
-1   1.3981570225206568
-1   1.3981570225206565
-1   1.7908218458693494
-1   1.7908218458693437
-1   1.4645082142690733
-1   1.4645082142690773
-1   1.9849839011403994
-1   1.9849839011403918
-1   1.9830104557566286
-1   1.2688965158539722
-1   1.2688965158539753
-1   2.4404413528477717
-1   2.4404413528477642
-1   1.8212419956242365
-1   1.821241995624244
-1   1.8246438947950652
-1   1.8246438947949883
-1   1.9098733979547546
-1   1.9098733979547347
-1   2.019202058362052
-1   2.8000360976946093
-1   2.8000360976946048
-1   1.8525577548865422
-1   1.8525577548865333
-1   1.4649850313461472
-1   1.464985031346244
-1   1.1935677992059976
-1   1.7113596009040535
-1   1.7113596009040601
-1   1.4442222288868243
-1   1.4442222288868274
-1   1.7485111107870659
-1   1.7485111107870677
-1   1.8092943745230352
-1   1.8092943745230401
-1   1.5613675756909613
-1   1.5613675756910332
-1   1.7262321683610673
-1   1.7262321683610002
-1   1.9195601200588945
-1   1.9195601200588985
-1   1.9691044948961043
-1   1.969104494896083
-1   2.0094390836630223
-1   2.0094390836630258
-1   1.6649745896126777
-1   1.5310240647949676
-1   2.1823027853680452
-1   2.1823027853679968
-1   1.9233627883739928
-1   1.9139163592971524
-1   1.9139163592971697
-1   1.5189668444335669
-1   1.5189668444334945
-1   1.7123690061353689
-1   1.712369006135372
-1   2.4118169081705063
-1   2.4118169081704934
-1   2.4627987783122234
-1   2.4399218684413952
-1   2.4399218684413997
-1   1.9381914265302371
-1   2.361019132888714
-1   2.3610191328887038
-1   1.0916242671485974
-1   1.7704905057741271
-1   1.7704905057740965
-1   2.1474630399689532
-1   2.147463039968958
-1   1.8577647442905825
-1   1.8577647442906056
-1   2.0255920933619689
-1   2.0255920933619644
-1   1.4725884184437901
-1   1.4725884184438769
-1   2.0212937260038224
-1   2.0212937260038166
-1   1.6608365748539029
-1   1.6608365748539224
-1   1.4571471500618525
-1   1.4571471500618329
-1   1.5890729330743807
-1   1.5890729330743882
-1   1.9521385848427966
-1   1.4244368129337228
-1   1.4244368129335818
-1   2.0209200705153978
-1   1.5682209322980305
-1   1.5682209322979048
-1   2.0323555376090972
-1   2.0323555376090683
-1   1.244074986325981
-1   1.2440749863259675
-1   1.5736144696297516
-1   1.5736144696297281
-1   1.1136695921174071
-1   1.1136695921174091
-1   1.9958525649061474
-1   1.9651575353714534
-1   1.9651575353714481
-1   2.1471444209394721
-1   1.7428672988802294
-1   1.7651512695967262
-1   1.7651512695967102
-1   2.5268917889630607
-1   2.5268917889630482
-1   1.5660493077770621
-1   1.5660493077771056
-1   1.164937187236877
-1   1.164937187236879
-1   1.5614122972954663
-1   1.561412297295472
-1   1.4369046189363102
-1   1.436904618936369
-1   1.7157866903690793
-1   1.715786690369085
-1   2.4630363749510513
-1   2.4630363749510344
-1   1.8815209338007262
-1   2.3814844379039877
-1   2.3814844379039997
-1   1.8181813816692878
-1   1.8181813816693029
-1   1.5035470746249788
-1   1.5035470746250184
-1   2.5107844555625189
-1   1.6819597600565155
-1   1.6819597600565057
-1   2.0248819679903844
-1   2.260740632638313
-1   2.2607406326383104
-1   1.9393004611891111
-1   1.9393004611891103
-1   1.3628063991940247
-1   1.3628063991940271
-1   2.0197036622820788
-1   2.0197036622820881
-1   2.118440395108534
-1   2.0171259377264978
-1   1.2351640645844395
-1   1.2753281750383296
-1   1.2753281750383425
-1   1.5429651542533813
-1   1.5429651542535061
-1   1.1661674364574404
-1   1.6589596280472656
-1   1.6295586340359463
-1   1.6295586340358406
-1   1.8560668989930189
-1   1.8560668989929887
-1   1.1451332466267286
-1   1.1451332466267401
-1   1.139303558776253
-1   1.1393035587761995
-1   1.9314847834620208
-1   1.4535662833252851
-1   1.4535662833252809
-1   1.94387429020929
-1   1.4540807110722693
-1   1.4540807110722631
-1   1.1095210773863913
-1   1.8581583975093561
-1   1.939514423805289
-1   1.1881360201636324
-1   1.1881360201636333
-1   1.1542794602146489
-1   1.1542794602146511
-1   1.1446043844503637
-1   1.7756132594498593
-1   1.7756132594498646
-1   1.8051439333839152
-1   1.1412196312576404
-1   1.1412196312576397
-1   1.2263743783996939
-1   1.3715260367775359
-1   1.371526036777533
-1   1.3728990060879758
-1   1.3728990060879642
-1   1.7260868822300681
-1   1.7260868822300672
-1   1.78621184759184
-1   1.7862118475918534
-1   1.8899417478978422
-1   1.8899417478978395
-1   1.373754241912631
-1   1.3737542419126276
-1   1.3453477672534686
-1   1.3453477672534646
-1   1.0910430790863159
-1   1.0808101110612534
-1   1.0808101110612529
-1   1.4623536226229961
-1   1.432981676610904
-1   1.4329816766109054
-1   1.0954021802197826
-1   1.1283301890198827
-1   1.1283301890198778
-1   1.1386074921745677
-1   1.6996401597320334
-1   1.9766924372944303
-1   1.9309490021933549
-1   1.9309490021933611
-1   1.4417417814658866
-1   1.4417417814658846
-1   1.0406720479724647
-1   1.2316265781927804
-1   1.2316265781927775
-1   1.8484003884887628
-1   1.8484003884887654
-1   1.2182618737086452
-1   1.2182618737086381
-1   1.1267899928874445
-1   1.1267899928874601
-1   1.4618030006677321
-1   1.4618030006677323
-1   1.2301332343137568
-1   1.230133234313753
-1   1.661375747891034
-1   1.661375747891034
-1   1.0409184980826944
-1   1.0409184980826964
-1   1.9203135125350173
-1   1.9203135125350088
-1   1.6998535725538582
-1   1.6998535725538573
-1   1.0925731903645379
-1   1.0925731903645464
-1   1.026534317371409
-1   1.026534317371417
-1   1.5894188650280725
-1   1.5894188650280805
-1   1.3964800049757979
-1   1.3964800049758028
-1   1.9530715295126511
-1   1.9530715295126564
-1   1.0155623299608836
-1   1.0155623299608876
-1   1.0156229407112864
-1   1.9886425588174892
-1   1.0679674420130567
-1   1.0679674420130529
-1   1.035149294149935
-1   1.0351492941499374
-1   1.0835511573845924
-1   1.0835511573846066
-1   1.0251001839761509
-1   1.02510018397615
-1   1.0163068748554003
-1   1.0163068748554078
-1   1.0092575803075379
-1   1.0092575803075463
-1   1.005465762285388
-1   1.0057278239038308
-1   1.0057278239038308
-1   1.0031269290089067

0   4.7350106352360699
0   4.2436873436508602
0   4.2436873436507803
0   3.5478840292644067
0   3.5478840292643632
0   2.7672377733387932
0   2.7672377733387825
0   1.9686068165276049
0   1.9686068165276032
0   1.2615997572400057
0   1.2615997572399975
0   0.92968677195832217
0   4.7802631404807139
0   3.5574876056943738
0   3.5574876056943285
0   1.8043754487519226
0   2.2311984541629331
0   2.2311984541628394
0   2.9497062122853581
0   2.949706212285331
0   2.5094572437815121
0   2.5094572437814864
0   3.7104354521101151
0   3.710435452110068
0   4.3649274031827829
0   4.3649274031827865
0   1.6290920240308004
0   1.6290920240307973
0   2.8874188263661669
0   3.5198379338608854
0   3.5198379338608827
0   1.2732668007446062
0   1.2732668007445953
0   2.1374153305475554
0   2.3813276623468735
0   2.381327662346834
0   2.6166970498643964
0   3.5079827111130264
0   3.507982711113006
0   2.1961453595385554
0   2.1961453595385456
0   3.4891443749809579
0   3.4891443749809086
0   1.9003113820785895
0   1.9003113820785669
0   2.4730660713411208
0   2.4730660713411075
0   1.9706702650292938
0   2.8910010215491804
0   3.0505062737856279
0   2.0594955285416927
0   2.2508591051206812
0   2.2508591051206737
0   2.0737041694409211
0   2.0737041694409246
0   3.1230732746133478
0   3.1230732746133332
0   3.3122518051524601
0   3.3122518051524605
0   2.8201754334981111
0   2.8201754334980738
0   2.0659090551873693
0   2.0659090551873667
0   2.285765572209757
0   2.2857655722097459
0   1.5986223371154367
0   1.5986223371154438
0   3.6720325120983111
0   3.6720325120982897
0   3.453926751636569
0   1.4092027607371451
0   4.0038043810647537
0   4.0038043810647297
0   1.6949487505264069
0   2.5842266850586606
0   2.5842266850586713
0   2.7381459964074879
0   2.7381459964074852
0   2.8934018042045206
0   2.8934018042045184
0   2.7433527677778837
0   2.7433527677778682
0   3.4800976155834302
0   3.9759902185512193
0   3.9759902185512086
0   1.3652873246288182
0   1.3652873246288335
0   2.2626217299788234
0   2.2626217299788074
0   3.9125756813421528
0   1.4775892051758908
0   1.4775892051758794
0   3.2178198409230534
0   2.9333619669693745
0   2.4601179031398321
0   2.4601179031398295
0   1.7931777976061314
0   1.793177797606134
0   3.5420897426879163
0   3.5420897426879181
0   4.0692556178075137
0   4.0692556178075074
0   2.3795575624257017
0   2.3795575624256919
0   1.3095489493912904
0   0.94709768146028805
0   0.94709768146028828
0   1.6461206667924322
0   1.6461206667924957
0   3.6915591342251339
0   3.6915591342251242
0   1.977091298435075
0   1.9770912984350617
0   3.7635412807887594
0   3.4648980304322481
0   3.4648980304322312
0   3.1608955359568909
0   3.1608955359568713
0   2.7929801714132685
0   2.7929801714132352
0   2.5990680618939028
0   1.9448978146466795
0   2.0842570412007677
0   2.0842570412007713
0   2.0344389463654036
0   2.0344389463654009
0   2.7300479913729823
0   2.7300479913729698
0   3.2249268552419781
0   3.2249268552419874
0   1.3035910216690767
0   1.9916226002563966
0   1.9916226002563948
0   1.6691282563791856
0   1.6691282563791878
0   2.3711242806441133
0   2.3711242806441097
0   1.2873830514357574
0   1.2873830514357656
0   1.6180783731622044
0   2.5218658609823148
0   2.5218658609823286
0   3.4333311618535327
0   3.4333311618535252
0   1.1102504523665411
0   1.1102504523665351
0   2.9758621761824116
0   1.9332840609600321
0   1.9332840609600321
0   2.8933902181028244
0   1.5534277705719788
0   1.9456676581650565
0   1.9456676581650374
0   0.91814447504409014
0   0.91814447504408347
0   1.9856901673275971
0   3.128675751125209
0   3.1286757511252117
0   3.4046627307309745
0   1.5387528387508622
0   1.5387528387508618
0   3.290618403790031
0   3.2906184037900275
0   2.6682715303537483
0   2.6682715303537465
0   2.8461619338670929
0   2.846161933867096
0   1.1009346521135597
0   1.4302826266625945
0   2.8182551905626236
0   2.8182551905626099
0   2.1432714520021672
0   2.1432714520021552
0   2.4637751789506961
0   2.1786736803245002
0   2.1786736803244846
0   1.9900419741699866
0   1.990041974169992
0   1.2635841949162288
0   1.2635841949162321
0   2.4572103430422838
0   2.67162806943925
0   2.6716280694392398
0   2.3983770663222517
0   2.3983770663222455
0   2.5642496278657703
0   3.1367132580370458
0   3.1367132580370591
0   2.7233432508066424
0   2.7233432508066238
0   1.8143547067248766
0   1.8143547067248793
0   2.1952380707677905
0   2.195238070767795
0   2.1781452102827021
0   2.1781452102826964
0   1.6865136717562867
0   1.6865136717562712
0   1.6600711613729562
0   2.581911098893555
0   2.5819110988935452
0   2.4988410374059642
0   2.4988410374059549
0   2.8857104863902734
0   2.0632720871847359
0   2.0632720871847283
0   1.9947094891475743
0   1.9947094891475694
0   2.4926962811345241
0   2.4926962811345166
0   1.6290712264124507
0   1.629071226412445
0   2.1172860813109278
0   1.5437078038431946
0   1.5437078038431906
0   1.6421725933466491
0   1.6421725933466402
0   2.7925377232389241
0   2.7925377232389224
0   1.9283596105515173
0   1.9283596105514933
0   2.0058630683119003
0   2.005863068311875
0   3.3403075503890096
0   3.3403075503890021
0   2.0905276456146877
0   2.0905276456146882
0   1.48455698283582
0   1.4845569828358136
0   1.5972293679716061
0   1.5972293679715732
0   2.276554228824037
0   3.3384102480851325
0   3.3384102480851316
0   1.5004514685527504
0   1.9926474148420472
0   1.7094198420911355
0   1.7094198420911253
0   2.3610838365571012
0   2.361083836557099
0   1.9961846259303235
0   1.9961846259303284
0   2.5123584946449964
0   2.3633879894650844
0   2.3633879894650782
0   2.1027005728789945
0   1.3703962430679724
0   1.9323756582983087
0   1.9323756582983087
0   2.3481930712860719
0   2.3481930712860613
0   1.6204719178274201
0   1.6204719178274081
0   2.2975732289325568
0   2.2975732289325519
0   1.9935870908283184
0   1.9935870908283104
0   2.1531756860636637
0   2.1531756860636553
0   3.1283868116313038
0   3.1283868116312932
0   1.0332327207304139
0   3.0551258337317608
0   1.9172688715003652
0   1.9172688715003656
0   2.0635167443928877
0   2.0635167443928704
0   2.8607682175346283
0   2.8607682175346159
0   2.0100796647585906
0   2.0100796647585844
0   2.0061659657448119
0   3.0819090345503812
0   3.081909034550363
0   1.75510800904524
0   1.7551080090452387
0   2.0452127715904913
0   2.0452127715904815
0   3.2037916723907354
0   2.1199245165556517
0   2.1199245165556433
0   1.1924155053573164
0   1.1924155053573093
0   2.5167579939974751
0   2.5167579939974729
0   1.8881948123745387
0   1.8881948123745405
0   1.1916956565861256
0   2.0201495669983172
0   2.0201495669983029
0   1.842230621546749
0   1.8422306215467517
0   2.4196974460354341
0   1.8167327576607111
0   1.8167327576607057
0   2.7256233684030509
0   2.7256233684030589
0   1.6579700283431511
0   3.3824475960121854
0   2.7932443067154606
0   2.7932443067154655
0   2.7851877573447186
0   2.7851877573447159
0   2.2335214397597687
0   2.193540408675001
0   2.1935404086749921
0   2.8968060813748666
0   2.031265454633056
0   2.0312654546330497
0   2.5200415294379392
0   2.5200415294379361
0   2.8069503237615727
0   2.8069503237615763
0   2.8412785692115925
0   2.8412785692115929
0   1.9328587729535029
0   1.9328587729534994
0   1.4424484356325467
0   1.4424484356325471
0   3.1305509339045834
0   1.4893705138869384
0   1.4893705138869355
0   2.0129547646895363
0   2.0129547646895443
0   1.7422053716072869
0   1.7422053716072816
0   1.0406937625670658
0   1.0406937625670707
0   2.5144361181353432
0   2.5144361181353378
0   2.2641786584118644
0   2.2641786584118546
0   1.8303024346432371
0   1.8141463340663546
0   1.8141463340663515
0   1.7895416611377595
0   2.1894158617127966
0   1.7836012112986421
0   1.783601211298651
0   1.730560495429756
0   1.7305604954297582
0   2.7125367402755711
0   1.4351494562072007
0   2.0090259940739084
0   2.0090259940739097
0   2.7412641299013698
0   2.74126412990138
0   2.0778091365135851
0   2.0778091365135811
0   2.1594331719320587
0   2.1594331719320503
0   1.8465989689384883
0   1.8465989689384883
0   2.5038759724368767
0   2.5038759724368873
0   3.5184498601500191
0   1.5684141171323409
0   3.3414041218067765
0   3.3414041218067667
0   3.3023352201786156
0   3.30233522017862
0   2.257683326299325
0   1.191934940092453
0   1.1919349400924564
0   0.99453820962525175
0   1.5770528124859586
0   1.5770528124859609
0   2.1613446476895142
0   2.1613446476895231
0   1.295639644950306
0   1.2956396449503103
0   1.5932687778024848
0   1.9037880253417256
0   1.3593181426935952
0   2.1976370510040417
0   2.1976370510040297
0   2.4758405007395137
0   2.4758405007395199
0   1.9227414308044488
0   1.9227414308044524
0   3.225753939725065
0   3.2257539397250765
0   1.8877924549300258
0   1.8877924549300222
0   1.9767794146353443
0   1.9767794146353439
0   2.0670768920016869
0   2.0670768920016904
0   2.680406944063483
0   2.0711407747896819
0   2.2071043268053341
0   1.5227738486120495
0   1.5227738486120508
0   1.6537465103490705
0   1.6537465103490732
0   2.3022973329027541
0   2.3022973329027536
0   2.3848793601470133
0   2.384879360147016
0   2.3995143758029402
0   2.6449892159031423
0   2.6449892159031427
0   1.8063941169828577
0   1.8063941169828621
0   1.9593742109238592
0   1.9593742109238619
0   1.7082130534559301
0   2.7439964366473579
0   2.7439964366473544
0   2.8508648617180934
0   2.8508648617180921
0   1.1567241289169539
0   1.1567241289169681
0   1.952057591825477
0   1.9520575918254841
0   1.9719549942064969
0   1.1920379702885142
0   1.1920379702885153
0   1.6857881275855786
0   1.6857881275855857
0   2.1404678537212667
0   2.0496795847789455
0   2.0496795847789517
0   1.9941567280997301
0   3.3639614449285
0   1.6309458733745341
0   1.630945873374539
0   1.163022623567179
0   1.1630226235671826
0   2.3208919597683817
0   2.320891959768383
0   1.4662382473679054
0   2.4734177836436384
0   2.4734177836436371
0   1.6650210185447833
0   1.6650210185447869
0   1.2114661955326409
0   1.2114661955326413
0   2.3318657444325188
0   2.3318657444325117
0   2.2530001204937742
0   2.2530001204937773
0   1.188469088038155
0   1.1884690880381534
0   2.3661566775608818
0   2.3661566775608818
0   1.8131184849478719
0   1.8131184849478719
0   1.9634301751741252
0   0.99594732112745632
0   2.3954321385443627
0   2.3954321385443667
0   2.1757930551899141
0   2.1757930551899172
0   2.2756722088471584
0   2.4559867521380871
0   2.4559867521380929
0   0.81358607539110994
0   1.1955316264620068
0   2.1433455761586448
0   2.1433455761586484
0   1.3956640659819703
0   1.3956640659819783
0   1.5667430055009848
0   1.5667430055009839
0   1.8079131849332541
0   2.5653213926385483
0   1.7328687630918278
0   1.7328687630918256
0   1.8057179709703353
0   1.8057179709703362
0   2.714164159042475
0   2.7141641590424763
0   1.9530804149108278
0   1.4177466159062608
0   1.4177466159062748
0   1.2105688747095809
0   1.8158907734740222
0   1.8158907734740222
0   1.6962449919875158
0   0.78743020246741335
0   0.78743020246741513
0   2.059246261493032
0   2.0592462614930485
0   2.4357834269535341
0   2.4357834269535497
0   2.0131343700482827
0   2.0131343700482844
0   1.5824722788037011
0   1.582472278803698
0   1.6756719103087883
0   1.6756719103088011
0   2.2692308201523619
0   2.269230820152353
0   1.0833949299766688
0   2.5489527321212493
0   2.5489527321212475
0   1.6840602934648636
0   1.6840602934648636
0   0.80262340367789275
0   1.5427045572153051
0   1.5427045572153086
0   1.8170497392467597
0   1.8170497392467571
0   1.5300265867769225
0   1.5300265867769194
0   1.8705831086372839
0   1.8705831086372915
0   2.7012762137507202
0   1.3337420618182709
0   1.2767449277489293
0   1.9294351721745198
0   1.9294351721745211
0   1.3152913294255166
0   1.3152913294255137
0   1.7578713692747123
0   1.8875063341244482
0   1.8875063341244482
0   0.88643567693845227
0   0.88643567693845937
0   1.8593658466702188
0   1.8593658466702294
0   2.6758921143010683
0   2.6758921143010674
0   2.387781301577149
0   2.3877813015771552
0   1.6728983182261525
0   1.6728983182261583
0   1.8138207377245181
0   1.8138207377245155
0   1.9347304792102848
0   1.9347304792102933
0   2.0602706362257339
0   2.0602706362257344
0   1.7835245430403961
0   1.9675782266050454
0   1.9675782266050414
0   1.6632589460784444
0   1.6632589460784408
0   2.6996503771879499
0   1.9839259487371104
0   1.2586073107302556
0   1.2586073107303033
0   1.8940741288350256
0   1.7496669833867031
0   1.7496669833867098
0   1.9578505322625381
0   1.957850532262539
0   1.9634443291401786
0   1.9634443291401817
0   1.998909304557976
0   1.9989093045580124
0   1.0736332445247281
0   1.0736332445247281
0   1.323449357295414
0   1.4417596619528719
0   1.4417596619528783
0   1.6465946012825916
0   1.6465946012825938
0   1.8279868201040874
0   1.827986820104095
0   1.1829722801287594
0   1.0514636578404091
0   1.0514636578404313
0   2.141756120818378
0   2.1417561208183833
0   2.0114821325777679
0   1.9732959208698801
0   1.0661894262688956
0   1.0661894262689022
0   1.7162241531596658
0   1.7162241531596614
0   1.8686842841989795
0   1.8686842841989759
0   0.86335616890746802
0   0.86335616890746802
0   2.785448101657781
0   2.785448101657781
0   0.69589214850735415
0   2.3672262202038605
0   2.3672262202038641
0   2.6818635822348811
0   2.6818635822348855
0   1.59913576291693
0   1.5991357629169438
0   1.2132105189141738
0   1.2132105189141722
0   2.6209264724077257
0   1.6214963703532992
0   1.6214963703532961
0   1.7160427937220541
0   1.7160427937220533
0   1.9834487234562248
0   1.9834487234562213
0   1.395827578405842
0   1.395827578405838
0   1.4822307749563521
0   1.4822307749563555
0   1.8551515610433165
0   1.8551515610433205
0   2.8359995738329484
0   0.63815165212553793
0   1.466089473789185
0   1.4660894737891894
0   1.0932787469810981
0   1.0932787469810981
0   1.836957223651567
0   1.8369572236515661
0   1.9182798149746785
0   1.9182798149746945
0   2.6414926611956973
0   2.6414926611956999
0   1.8891806836169298
0   1.3064383627237171
0   1.2247006441539039
0   1.2247006441539345
0   1.939024037007802
0   1.9390240370078047
0   1.9263087643978092
0   1.9263087643978136
0   2.7133324434676465
0   2.7133324434676518
0   1.6781408106118425
0   1.6781408106118549
0   1.376261957720855
0   1.3762619577208313
0   1.5709086453269854
0   1.5709086453269863
0   1.1757772751402855
0   1.1757772751402906
0   1.9912542704720781
0   1.1712036347969137
0   1.1712036347969099
0   1.9803994817730728
0   1.9803994817730781
0   2.095354398502062
0   1.4795286220494341
0   1.4795286220494352
0   1.9024548128144891
0   1.9024548128144816
0   0.77893355519733665
0   1.1212167857286295
0   1.1212167857286208
0   1.2993627246611119
0   1.299362724661115
0   2.2285427754105585
0   2.2285427754105656
0   1.1063296538129948
0   1.106329653812997
0   0.85928240057444483
0   0.85928240057441418
0   1.9670280006990088
0   1.9670280006990133
0   1.8474702658620838
0   1.8474702658620905
0   1.1555955291103184
0   1.7726785691111759
0   1.7726785691111586
0   1.7775277848125661
0   1.7775277848125599
0   2.1213017763606854
0   2.1213017763606961
0   1.9450019589013299
0   1.7629718119837614
0   1.7629718119837712
0   1.12412934394552
0   1.1241293439455293
0   1.5637950803313854
0   1.5637950803313814
0   2.3481499514481032
0   1.9992562532655804
0   1.9992562532655942
0   1.7712839783783587
0   2.7167374758147078
0   2.7167374758147167
0   1.2359295640953403
0   1.7063068111892128
0   1.7063068111892084
0   0.8312269866698121
0   0.83122698666980943
0   2.4659724211956711
0   2.4659724211956755
0   1.138772166858929
0   1.1387721668589301
0   1.8969752861079092
0   1.8969752861079074
0   1.3263461216830046
0   1.326346121683013
0   1.0863220417072317
0   1.1128148823908046
0   1.1128148823908008
0   1.8541162718621829
0   1.8541162718621913
0   1.5731768689129391
0   1.6603757960729739
0   2.2067956168618039
0   2.2067956168618177
0   1.0741968747082233
0   0.76266659185141328
0   0.76266659185142394
0   1.2271057057320567
0   1.22710570573206
0   1.6544219614807916
0   1.1927746303156015
0   1.1927746303156137
0   1.9166056364500843
0   1.9166056364500932
0   1.7696767843928392
0   1.7696767843928498
0   1.3913165398408018
0   1.3913165398407839
0   1.075071851258212
0   1.0750718512582187
0   1.9525359204568629
0   1.952535920456866
0   1.1152377042507244
0   1.1152377042507158
0   0.79802105696702874
0   0.79802105696700854
0   2.6694830337886666
0   1.7865346421833377
0   1.7865346421833319
0   1.0869955129368885
0   1.0869955129368816
0   0.49506184724304358
0   0.49506184724305002
0   0.93603859488037
0   1.2592791512500829
0   1.2592791512500863
0   2.769656380475829
0   2.7696563804758343
0   1.0634253048927167
0   1.063425304892714
0   1.016795722513361
0   1.4473577189406448
0   1.4473577189406457
0   0.97355476757206616
0   0.97355476757205017
0   2.5395836251465362
0   1.9585568083635669
0   1.9585568083635643
0   1.04357839179231
0   1.0435783917923187
0   2.1792557396293466
0   2.1792557396293395
0   2.7303441906762318
0   2.7303441906762718
0   0.32441501533151107
0   1.3232005449896869
0   1.3232005449896191
0   1.0500006047493362
0   1.0500006047493435
0   1.6382718985341476
0   1.6382718985341547
0   2.8984058511528099
0   1.8789104699739445
0   1.8789104699739507
0   1.2159686556416269
0   1.2159686556416249
0   1.5388779612580747
0   1.5388779612580774
0   1.9705242784743162
0   1.1475063612556513
0   1.5585652047220631
0   1.5585652047220617
0   0.74154882635283292
0   1.8056515252412053
0   1.8056515252412217
0   1.0699961701986371
0   1.0699961701986465
0   1.0737207524639469
0   1.0737207524639671
0   1.0592584149754456
0   1.0277655352442383
0   1.0277655352442097
0   0.57321621827492009
0   0.5732162182749494
0   1.5695839626481902
0   1.9896306877369785
0   1.9896306877369865
0   1.650124439983232
0   1.9142579306909222
0   1.0012849655247085
0   1.0225564624312602
0   1.0771848430899371
0   1.0771848430899513
0   1.5690481596976147
0   1.5690481596976116
0   1.0968964377150965
0   1.0968964377151027
0   1.8978926878955518
0   1.8073367370180708
0   1.8073367370180806
0   1.9760144570043852
0   1.0207499912383102
0   1.0207499912383151
0   1.7833438045747676
0   1.1060219176401636
0   1.168382212538726
0   1.1683822125387269
0   1.0481856339163607
0   1.0481856339163631
0   0.36040738659305172
0   0.36040738659303406
0   1.0508312073817891
0   1.8560291057394811
0   1.8560291057394811
0   0.63337328215622968
0   0.6333732821563256
0   1.0063332881609153
0   1.0063332881609202
0   1.8643529692779013
0   1.0412840610332128
0   1.0075693375913957
0   1.0075693375913992
0   1.841523549386991
0   1.8415235493869884
0   1.0210803693718702
0   1.0210803693718711
0   1.8554284094217537
0   1.8554284094217119
0   0.67785763871474458
0   0.67785763871473081
0   1.9676202623060375
0   1.967620262306045
0   1.0454472874672924
0   1.0454472874672986
0   0.49639376291913262
0   1.4544476290775969
0   1.0555334673166246
0   1.0555334673166297
0   1.0208421547189463
0   1.0208421547189546
0   1.03026256791912
0   1.932049311902754
0   1.9320493119027553
0   1.0297749494519748
0   1.0297749494519832
0   1.0389575717884094
0   1.6321168977997638
0   1.6321168977997655
0   1.0121673463594512
0   1.6400517241212418
0   1.011828405813362
0   1.0118284058133666
0   1.0229021058324019
0   0.42304248035176717
0   1.0221070403901145
0   1.0183746689718476
0   1.0183746689718509
0   1.2008006033170016
0   1.1443273342462508
0   1.1443273342462226
0   1.912996809970636
0   1.9129968099706383
0   1.0145094442746481
0   1.0145094442746501
0   0.79188174443432957
0   1.3402648651414575
0   1.3402648651414675
0   1.0209228796727952
0   1.0209228796728016
0   1.0082284899561824
0   1.0082284899561855
0   1.8726015795249253
0   1.8726015795249458
0   1.014352669857433
0   1.0143526698574363
0   1.0101437244172216
0   1.0101437244172269
0   0.49369141508495928
0   0.49369141508497472
0   1.0097435824454897
0   1.0097435824454923
0   1.9672950269782676
0   1.9672950269782827
0   1.9757855322100575
0   1.9757855322100641
0   1.3098989951889835
0   1.3098989951889939
0   0.21732122910394225
0   0.2173212291039438
0   1.0075140178420117
0   1.0075140178420083
0   1.0039870975622867
0   1.0039870975622935
0   0.18564919062023577
0   0.1856491906202572
0   1.9603644528752815
0   1.9603644528752957
0   1.0124707340581378
0   1.0124707340581474
0   1.9791054740514622
0   1.0038130228452382
0   1.0038130228452369
0   1.0044474318404655
0   0.09188136606404218
0   0.091881366064041403
0   0.10372528861079511
0   0.10296488980897733
0   0.10296488980898277
0   1.0055914373980683
0   1.0055914373980746
0   0.12967987895558786
0   0.12967987895558875
0   1.0000000000000051
0   1.0000000000000211
0   0.055308458074286082
0   0.055308458074287636
0   1.0003856060494101
0   1.0003856060494243
0   1.0006950655959932
0   1.0006950655960012
0   1.0025443127322917
0   1.0019765231032058
0   1.0019765231032201
0   0.032255985382455332
0   0.032255985382455665
0   0.031949225916756196
0   1.0008912922192588
0   1.0008912922192676
0   1.0014936962336813
0   0
0   0

1   4.8547185081235966
1   4.3270487782069527
1   4.3270487782068754
1   3.6180720441174481
1   3.6180720441174339
1   2.8495291531517482
1   2.8495291531517477
1   2.1082789881853894
1   2.1082789881853694
1   1.5272307127667237
1   1.5272307127667029
1   1.3012034400850134
1   4.7688396778967448
1   3.5590490469867824
1   3.559049046986777
1   2.3300881380981657
1   2.3300881380981617
1   2.2608370848436605
1   2.9473831472408176
1   2.947383147240779
1   2.6043673391876139
1   2.604367339187573
1   3.6938623002731354
1   3.6938623002730715
1   4.4231127363269298
1   4.423112736326873
1   1.8942800879939736
1   1.894280087993963
1   2.8453129086316302
1   3.5925572564038184
1   3.5925572564037758
1   1.6427930220415177
1   1.6427930220415115
1   2.7671410305144319
1   2.76714103051442
1   2.9582101192709516
1   2.6966026891375567
1   3.4343071912711265
1   3.4343071912711203
1   1.8082714089004064
1   1.8082714089003762
1   3.3652854836749713
1   3.3652854836749659
1   2.8859485903331765
1   2.6555619518336386
1   2.655561951833616
1   1.9702314833918324
1   1.9702314833918226
1   2.2573170495194645
1   2.3918880880781503
1   2.2969762691472542
1   2.2969762691472493
1   3.1662989282769769
1   3.1662989282769645
1   2.9477770491507402
1   2.9477770491507376
1   3.336126635199721
1   3.3361266351997179
1   2.7681403166977425
1   2.7681403166977447
1   2.3109403387388121
1   2.3109403387388019
1   3.4541318408113644
1   2.113509469354947
1   2.1135094693549457
1   3.5573464117483571
1   3.5573464117483402
1   2.8157794939836629
1   2.8157794939836527
1   1.7616660363989047
1   1.7616660363989203
1   3.2885615243266373
1   3.2885615243266222
1   3.9593307656020267
1   3.9593307656020036
1   4.2069631703382591
1   1.6602188593021037
1   2.7364938988257337
1   2.7364938988257288
1   1.896300848729978
1   4.1772509296957505
1   4.1772509296957399
1   2.4420137707086744
1   2.4420137707086713
1   3.3191528836531816
1   2.2813448892856734
1   2.2813448892856627
1   2.6279319405238479
1   2.6279319405238502
1   1.5411797269686733
1   1.5411797269686622
1   4.2778188112597979
1   4.2778188112597908
1   3.4699331849317119
1   3.0319272011230978
1   3.0675048802040403
1   3.0675048802040594
1   3.711325087178234
1   3.7113250871782286
1   3.6736329721240066
1   3.6736329721239747
1   3.376954015036838
1   3.376954015036834
1   3.7754111859165675
1   1.9072670764639073
1   1.9072670764638469
1   2.7677012960176168
1   2.7677012960176657
1   1.6887689098439926
1   1.6887689098439918
1   1.9259708752624869
1   2.3827001271333859
1   1.8655584874571556
1   1.8655584874571796
1   2.6074435487212329
1   2.6074435487212297
1   1.5574254217362959
1   1.5574254217362826
1   3.1822112904286839
1   3.1822112904286786
1   1.9968023002132966
1   1.996802300213282
1   2.1361508737638273
1   2.1361508737638153
1   2.3994363651274848
1   2.399436365127479
1   2.8678472880766361
1   2.8678472880766392
1   2.324665522780696
1   2.3246655227806956
1   1.6843711222777045
1   2.3033827402148623
1   2.8457256720267528
1   2.8457256720267536
1   2.8622284718284314
1   2.8622284718284101
1   1.5175332973406666
1   1.5175332973406603
1   2.9954577569690981
1   1.4387958201638824
1   1.438795820163878
1   1.2876916163196244
1   3.1032656053207002
1   1.9741739152555842
1   1.9741739152555886
1   3.1118046354832756
1   2.1764635097585758
1   2.1764635097585692
1   3.1419178513802613
1   3.141917851380243
1   3.1908835951220054
1   3.1908835951219876
1   1.4270507826435415
1   1.4270507826435577
1   2.6206118119800075
1   2.6206118119800021
1   2.2537915622298543
1   2.2537915622298503
1   2.4581535558560423
1   2.4581535558560339
1   2.9699337108094968
1   2.5224027902964106
1   2.5224027902964004
1   2.5714637957859026
1   2.1199602377879567
1   2.1199602377879621
1   2.8703474159594058
1   2.1756044848980394
1   2.1756044848980434
1   1.4405495986507566
1   3.3211780686710344
1   3.3211780686710259
1   1.6032654511228026
1   1.6032654511228057
1   2.4762782677823294
1   2.4762782677823223
1   1.7646564361854686
1   2.8075072329141264
1   2.807507232914126
1   2.5593593845617666
1   2.5593593845617582
1   1.8125453554013795
1   1.8125453554013715
1   2.598561678939376
1   2.1346408570570388
1   2.1346408570570081
1   2.3060812262418895
1   2.306081226241897
1   3.1138850062553263
1   3.1138850062553467
1   2.1750277397042592
1   2.1750277397042601
1   2.4479308259271648
1   2.4479308259271595
1   2.0335505687981263
1   2.0335505687981179
1   2.6088470323948325
1   2.6088470323948356
1   2.1008148611473514
1   2.1008148611472999
1   2.7876858917593816
1   2.7876858917594078
1   2.3999243835927926
1   2.7769936338315042
1   2.7769936338315366
1   2.8748433784215579
1   2.8748433784215548
1   2.3070106454421975
1   2.3070106454421895
1   2.0752063158595973
1   2.075206315859591
1   3.1938913354575029
1   3.1938913354574918
1   2.3949704887383185
1   2.3949704887383123
1   1.6474207372396661
1   1.6474207372396688
1   2.224926380104383
1   1.8461010865904481
1   1.9195404776521383
1   2.8534431090823928
1   2.8534431090823911
1   1.6472927015834804
1   1.6472927015834755
1   2.1007133074419659
1   2.1007133074419659
1   2.841121125409507
1   1.8583590381722708
1   2.4950367845146948
1   2.495036784514689
1   2.2480902760788437
1   2.2480902760788362
1   2.2270499741893355
1   2.2270499741893328
1   2.0946808003316195
1   2.0946808003316186
1   1.7210430147165927
1   1.7210430147165834
1   2.6083433417251909
1   2.6083433417251851
1   2.4045738048177516
1   2.4045738048177481
1   1.8709594272750261
1   1.8709594272750185
1   2.6104234145978968
1   2.4676769804383336
1   2.467676980438327
1   2.1417825283689944
1   2.141782528368998
1   2.3428098841007241
1   2.7984453813709593
1   2.7984453813709727
1   2.9722457322089011
1   2.4166276675326608
1   2.416627667532663
1   1.6375750297602902
1   1.5651778050839766
1   1.5651778050839722
1   2.5235585469811856
1   2.5829362299734813
1   2.5829362299734693
1   2.1367444396201511
1   2.1367444396201472
1   2.2065676324420416
1   2.2065676324420331
1   2.1872775711465477
1   2.1872775711465433
1   2.4458158922990192
1   2.72237264927948
1   2.7223726492794782
1   1.6883378539062983
1   2.0382630332764164
1   2.0382630332764182
1   2.7419830842264492
1   2.7419830842264483
1   3.0478538227071743
1   3.0478538227071694
1   3.1838216810354871
1   2.6075371000395777
1   2.6075371000395751
1   2.9236822652698593
1   2.9236822652698602
1   2.4167149344546832
1   2.4167149344546832
1   1.9758027978273791
1   2.2864683339849035
1   2.3660274830503121
1   2.3660274830503103
1   1.6550019004596814
1   1.6550019004596663
1   2.7152826429410655
1   2.7152826429410681
1   3.0382510120002197
1   1.6395163718738086
1   1.6395163718738095
1   2.2881593646437564
1   2.2881593646437564
1   2.1575395805756483
1   2.4637659973922088
1   2.4637659973922101
1   1.6168641495402274
1   1.616864149540238
1   2.7384733419347764
1   2.7384733419347813
1   2.1712762267907069
1   2.7497624832308847
1   2.7497624832308736
1   2.1304407685729685
1   1.6850105481175124
1   1.6850105481175133
1   1.6921441530412946
1   1.6921441530412946
1   2.984648877076987
1   2.9846488770769861
1   2.875896763116931
1   3.0392941584350832
1   2.1572489411138385
1   2.1572489411138367
1   2.0037884453333588
1   2.0037884453333583
1   2.5749743681601927
1   1.6247593750002554
1   1.6247593750002585
1   1.7174454144077935
1   1.7174454144077993
1   2.0098649700628854
1   2.009864970062881
1   1.8972528375075028
1   1.8972528375075051
1   2.7747473575146486
1   2.7747473575146433
1   1.7047355045389487
1   1.7047355045389505
1   1.5221692345612508
1   1.5221692345612485
1   3.2202768460193738
1   3.2202768460193654
1   1.6444428503875854
1   2.2203318476085858
1   2.2203318476085321
1   2.0786818356980583
1   2.0786818356980135
1   2.7876843440697114
1   2.793255600988521
1   2.7932556009885192
1   2.4094924897238452
1   2.4094924897238381
1   2.7967438443633514
1   1.9569383458340752
1   1.9569383458340721
1   2.8543602646644395
1   3.2930904278676705
1   3.293090427867674
1   2.5328592991695928
1   2.5328592991695964
1   2.0109893049090997
1   2.0109893049091192
1   1.9058862082060091
1   1.9058862082060113
1   1.6951556194187329
1   1.5230967711232863
1   1.7151117667027593
1   3.1721625801783371
1   3.1721625801782607
1   1.9820769486145688
1   1.982076948614679
1   2.202437801083609
1   2.2024378010836134
1   2.2228081326657181
1   2.2228081326657212
1   1.8818750005535017
1   1.8818750005535048
1   2.7938332467444837
1   2.6879216271077482
1   2.6879216271077535
1   2.530993194240736
1   2.5309931942407324
1   3.6200800394729891
1   2.1392557354999919
1   2.1392557354999919
1   1.6372762906171809
1   1.637276290617184
1   2.0681862564044251
1   1.9877127598091451
1   2.0952328993475171
1   2.0952328993475171
1   2.3609684801735358
1   2.3609684801735402
1   2.9865216045349983
1   2.9865216045350107
1   1.9555886870919155
1   1.9269107878491858
1   1.9269107878491942
1   1.9155429710382692
1   1.9155429710382705
1   1.8506633381345265
1   1.8506633381345292
1   1.8464276371744721
1   2.2585725486164923
1   2.2585725486164971
1   2.4691136001248455
1   2.4691136001248499
1   1.7644767917277204
1   1.7644767917277204
1   2.5825521035374788
1   1.8558871653657851
1   1.7265187476925568
1   1.7265187476925559
1   1.9990643623485935
1   1.9990643623485997
1   2.1542344449038655
1   2.1542344449038633
1   1.5984002078261872
1   1.8232287016489197
1   1.8232287016489197
1   2.0057551964269988
1   2.0057551964269988
1   2.3785363008813167
1   2.3785363008813358
1   1.7324698955687148
1   1.2933897913830905
1   1.8903984967217209
1   2.1576262703918307
1   2.1576262703918361
1   2.5858740428182667
1   2.5858740428182703
1   2.0711395387459826
1   2.0711395387459759
1   2.5518901078328677
1   2.5518901078328713
1   2.2437813909510207
1   2.243781390951026
1   2.0980275341985282
1   2.0980275341985326
1   2.4057754698944533
1   2.4057754698944542
1   2.1715185755791211
1   2.1715185755791238
1   1.4326729179280511
1   1.4326729179280493
1   1.8208973490759353
1   1.8208973490759384
1   1.7789581543572557
1   1.8691258878885768
1   1.8691258878885786
1   1.37778755427998
1   2.4822107340948323
1   2.4676983531831858
1   2.467698353183188
1   2.2287306019725261
1   2.228730601972519
1   1.5748400733009711
1   2.4717479442631141
1   2.4717479442631216
1   2.0436469715905643
1   2.0436469715905945
1   1.6127735906057166
1   1.6127735906057343
1   1.291310502178608
1   1.2913105021786062
1   1.8574945482092824
1   1.8574945482092708
1   1.9194683839883644
1   2.4147684773389266
1   2.4147684773389617
1   1.9756129788027201
1   1.9756129788027201
1   1.8876916958728005
1   1.8876916958728112
1   1.8180438267264298
1   1.8180438267264352
1   1.9211657450296071
1   1.6445638060277106
1   1.6445638060277132
1   2.0775406996768129
1   2.0430687073567326
1   2.0430687073567309
1   2.3167294859841414
1   1.7134221157666443
1   1.7134221157666363
1   1.9191622066082314
1   1.9191622066082328
1   1.3529786719415025
1   1.352978671941506
1   2.2504952213326384
1   1.8709402437085663
1   1.8709402437085707
1   2.3792583228623285
1   2.3792583228623343
1   1.8280983343095407
1   1.8280983343095416
1   1.7838832568639273
1   1.78388325686393
1   2.4926023887322128
1   2.4926023887322488
1   1.7948422997991589
1   1.3271377622847058
1   1.6505533884699126
1   1.6505533884699068
1   1.749078016351421
1   1.7490780163514579
1   1.6119719317101691
1   1.7045048372287761
1   1.7045048372287721
1   2.1035137874273779
1   1.4260029038786182
1   1.4260029038786146
1   1.3839239144469166
1   1.3839239144469284
1   1.5007989892955549
1   1.5007989892955713
1   2.1057103593201427
1   2.1057103593201525
1   2.7618301567485806
1   2.7618301567485868
1   2.6663369550153502
1   2.6663369550153448
1   2.0079896130705421
1   1.6010107982483617
1   1.6010107982483417
1   2.0455322166524303
1   2.0455322166524481
1   2.3925907528283394
1   2.3925907528283492
1   2.2647378535191875
1   1.9751745353805741
1   1.9751745353805852
1   2.0360406246386082
1   2.0360406246386331
1   1.7084646275211304
1   1.7084646275211504
1   1.6454309161222818
1   1.6454309161222702
1   2.7760886417362411
1   1.4412999066114112
1   1.4412999066114238
1   1.9081154086108172
1   1.3981570225206537
1   1.3981570225206648
1   1.7908218458693472
1   1.7908218458693432
1   1.4645082142690777
1   1.4645082142690875
1   1.9849839011403985
1   1.9849839011404002
1   1.9830104557566299
1   1.2688965158539733
1   1.2688965158539751
1   2.4404413528477638
1   2.4404413528477922
1   1.8212419956242378
1   1.8212419956242321
1   1.8246438947950581
1   1.8246438947949621
1   1.9098733979547582
1   1.9098733979547249
1   2.0192020583620502
1   2.8000360976946017
1   2.8000360976946008
1   1.8525577548865377
1   1.8525577548865417
1   1.4649850313462698
1   1.4649850313461434
1   1.1935677992060003
1   1.7113596009040624
1   1.7113596009040655
1   1.4442222288868198
1   1.4442222288868281
1   1.748511110787065
1   1.748511110787069
1   1.8092943745230405
1   1.8092943745230397
1   1.5613675756907077
1   1.561367575690928
1   1.7262321683613027
1   1.7262321683610984
1   1.919560120058895
1   1.9195601200588914
1   1.9691044948961056
1   1.9691044948960812
1   2.0094390836630165
1   2.0094390836630351
1   1.6649745896126054
1   1.5310240647949747
1   2.1823027853680173
1   2.1823027853679475
1   1.9233627883739839
1   1.9139163592971609
1   1.9139163592971609
1   1.5189668444335283
1   1.5189668444336144
1   1.712369006135368
1   1.7123690061353751
1   2.4118169081704948
1   2.4118169081705099
1   2.4627987783122793
1   2.4399218684413939
1   2.4399218684413992
1   1.9381914265302362
1   2.3610191328887669
1   2.3610191328887136
1   1.0916242671485983
1   1.7704905057741285
1   1.77049050577412
1   2.1474630399689665
1   2.1474630399689651
1   1.8577647442905829
1   1.8577647442905687
1   2.0255920933619049
1   2.0255920933619507
1   1.4725884184438731
1   1.4725884184438258
1   2.0212937260038117
1   2.021293726003826
1   1.6608365748539078
1   1.6608365748539216
1   1.4571471500618354
1   1.4571471500618474
1   1.589072933074378
1   1.5890729330743825
1   1.9521385848427966
1   1.4244368129336453
1   1.4244368129337643
1   2.0209200705154018
1   1.5682209322979799
1   1.568220932297872
1   2.0323555376090958
1   2.0323555376090847
1   1.2440749863259755
1   1.2440749863259626
1   1.5736144696297467
1   1.5736144696297356
1   1.113669592117408
1   1.1136695921174102
1   1.9958525649058014
1   1.9651575353714597
1   1.9651575353714619
1   2.1471444209394859
1   1.7428672988805887
1   1.7651512695967368
1   1.7651512695967169
1   2.5268917889630607
1   2.5268917889630633
1   1.566049307777051
1   1.5660493077770314
1   1.1649371872368752
1   1.164937187236875
1   1.5614122972954916
1   1.5614122972954161
1   1.4369046189362886
1   1.4369046189363157
1   1.715786690369062
1   1.7157866903691374
1   2.463036374951026
1   2.463036374951026
1   1.8815209338006968
1   2.3814844379040165
1   2.3814844379040139
1   1.8181813816693237
1   1.8181813816693109
1   1.5035470746248341
1   1.5035470746249597
1   2.5107844555625096
1   1.6819597600564902
1   1.6819597600565128
1   2.0248819679904138
1   2.2607406326384414
1   2.2607406326383588
1   1.9393004611891138
1   1.9393004611891116
1   1.3628063991940247
1   1.3628063991940191
1   2.0197036622820987
1   2.0197036622820876
1   2.1184403951085349
1   2.0171259377265076
1   1.2351640645844244
1   1.275328175038325
1   1.275328175038327
1   1.5429651542535057
1   1.5429651542535781
1   1.1661674364574388
1   1.6589596280472905
1   1.6295586340358232
1   1.6295586340357628
1   1.8560668989929741
1   1.8560668989929647
1   1.1451332466267403
1   1.1451332466267545
1   1.1393035587762841
1   1.139303558776267
1   1.9314847834620261
1   1.453566283325312
1   1.4535662833252927
1   1.943874290209294
1   1.4540807110722553
1   1.4540807110722411
1   1.1095210773863942
1   1.858158397509345
1   1.9395144238052939
1   1.1881360201636209
1   1.1881360201636315
1   1.1542794602146582
1   1.1542794602146684
1   1.1446043844503793
1   1.7756132594498566
1   1.7756132594498566
1   1.8051439333838974
1   1.1412196312576273
1   1.1412196312576464
1   1.226374378399709
1   1.3715260367775328
1   1.3715260367775297
1   1.3728990060879793
1   1.3728990060879769
1   1.7260868822299771
1   1.7260868822300779
1   1.7862118475918423
1   1.7862118475918631
1   1.8899417478978351
1   1.8899417478978466
1   1.3737542419126074
1   1.3737542419127224
1   1.3453477672534537
1   1.3453477672534744
1   1.0910430790863233
1   1.0808101110612527
1   1.0808101110612531
1   1.4623536226230096
1   1.4329816766109011
1   1.4329816766109029
1   1.0954021802197869
1   1.1283301890198734
1   1.1283301890198798
1   1.1386074921745604
1   1.6996401597320339
1   1.976692437294425
1   1.9309490021933704
1   1.9309490021933668
1   1.4417417814658886
1   1.4417417814658957
1   1.0406720479724585
1   1.2316265781927771
1   1.2316265781927727
1   1.8484003884887619
1   1.8484003884887739
1   1.2182618737086479
1   1.2182618737086408
1   1.1267899928874452
1   1.126789992887457
1   1.46180300066774
1   1.4618030006677385
1   1.2301332343137446
1   1.2301332343137557
1   1.6613757478910411
1   1.6613757478910354
1   1.040918498082694
1   1.0409184980826984
1   1.9203135125350133
1   1.9203135125350181
1   1.6998535725538679
1   1.699853572553859
1   1.0925731903645393
1   1.0925731903645486
1   1.0265343173714065
1   1.0265343173714143
1   1.5894188650280721
1   1.589418865028065
1   1.3964800049757879
1   1.3964800049758008
1   1.953071529512648
1   1.9530715295126533
1   1.0155623299608816
1   1.0155623299608818
1   1.0156229407112816
1   1.9886425588174994
1   1.0679674420130238
1   1.0679674420130592
1   1.0351492941499711
1   1.0351492941499354
1   1.0835511573845935
1   1.0835511573845942
1   1.0251001839761484
1   1.0251001839761482
1   1.0163068748554029
1   1.0163068748554087
1   1.009257580307533
1   1.0092575803075452
1   1.0054657622853849
1   1.0057278239038301
1   1.0057278239038321
1   1.0031269290089058

2   5.1818342708900618
2   4.5443971410532829
2   4.5443971410531914
2   3.7982591220236301
2   3.7982591220235351
2   3.0694217286627801
2   3.0694217286627286
2   2.4976522691245444
2   2.4976522691245271
2   2.1938513768507284
2   2.193851376850724
2   2.0988627154619435
2   4.6777562735986162
2   3.52276535488107
2   3.5227653548810522
2   3.7251603597745095
2   3.7251603597744705
2   2.9305858040473494
2   2.9305858040473489
2   4.0835023243213433
2   4.0835023243212341
2   3.4789225171585487
2   3.4789225171583973
2   3.0719022430805714
2   3.0719022430805607
2   3.1424967358012599
2   3.7529730384253135
2   3.7529730384252948
2   2.7049605769861107
2   2.4874081954291238
2   2.4874081954291181
2   3.0487998212568947
2   3.048799821256889
2   3.0777770019056274
2   3.0777770019056203
2   2.942244577204177
2   2.8744864154612255
2   2.8744864154611944
2   2.8622848931504099
2   3.4620891826223108
2   3.4620891826222575
2   3.5246205107975621
2   3.5246205107975612
2   2.588062533342343
2   2.5880625333422951
2   3.6348333928389263
2   2.5532915561339604
2   2.5532915561339538
2   2.6919029872154221
2   2.3507676005216118
2   2.3507676005216109
2   2.4490672250649226
2   4.5486633263801783
2   3.1406056728571725
2   3.1406056728571188
2   4.2296196818184075
2   4.2296196818184066
2   3.4882106538063842
2   3.4882106538063811
2   3.2000996632241199
2   3.2000996632241065
2   4.4415200740383796
2   4.4415200740383414
2   3.7458469155627983
2   3.7458469155627823
2   2.5272100896522462
2   2.5272100896522618
2   4.3033492651190288
2   4.3033492651190013
2   2.762297226407942
2   2.7622972264079535
2   2.7006778216818437
2   3.3334561643007334
2   3.3334561643007334
2   3.2710662396618715
2   3.2710662396618635
2   2.8483184300519553
2   2.8483184300519495
2   3.2938248861293222
2   3.549485826987965
2   4.1154679281990107
2   4.1154679281990063
2   2.89308672345493
2   3.9487544187455006
2   3.9487544187454988
2   3.4973099761541091
2   2.9340478624398889
2   2.9340478624398783
2   2.7800140015760832
2   2.7800140015760713
2   2.3653546555681095
2   2.2760160315460012
2   2.276016031546003
2   2.9589835023208058
2   2.9589835023208035
2   3.7394949792854479
2   3.739494979285432
2   2.3893673217108282
2   2.3893673217108269
2   3.1236526360319661
2   3.123652636031959
2   2.2352709784169149
2   3.0355312131844157
2   3.0355312131844046
2   2.2610555963987533
2   2.2610555963987493
2   3.6755908464843401
2   2.3515888432435577
2   2.3515888432435657
2   3.0813172258407353
2   2.3790827665209586
2   2.3790827665209515
2   2.8304652822300187
2   2.8304652822300045
2   2.2275181323890099
2   2.2275181323890054
2   2.361609558329683
2   2.3616095583296577
2   2.8610976870232099
2   2.8610976870232396
2   2.6706536407169148
2   2.7547006886252712
2   2.7547006886252894
2   2.7071828367303103
2   2.707182836730349
2   2.2860884112847581
2   2.2860884112847697
2   3.0563764196829251
2   3.0563764196828989
2   2.9311042323888388
2   3.1332862102191053
2   3.1332862102190822
2   3.057534481081432
2   2.7235992798790183
2   2.9651345094493435
2   2.9651345094493435
2   2.1151481212886436
2   2.926817260634635
2   2.9268172606346385
2   2.1122301661510292
2   2.2473642277341987
2   2.2473642277341992
2   2.9012691525080947
2   2.1954232709639063
2   2.1954232709638979
2   2.9810450882734241
2   2.9810450882734187
2   2.385399492080329
2   2.3853994920802983
2   2.0798041246862442
2   2.0798041246862442
2   3.5579708410631294
2   3.5579708410631365
2   3.746193763667157
2   3.7461937636671534
2   3.1475466933413325
2   3.1475466933413321
2   2.6570978808614831
2   2.6570978808614774
2   2.8259074095728485
2   2.825907409572848
2   3.0855340239796138
2   3.0855340239796138
2   2.5130535738764284
2   2.5130535738764239
2   2.8634255277628511
2   2.8634255277628498
2   2.5362745663673834
2   2.620632581102516
2   2.6206325811025235
2   2.2407536662109462
2   2.2407536662109444
2   2.5846791405376002
2   2.5846791405375966
2   2.5816517782761479
2   2.5816517782761466
2   2.8742044651130567
2   2.8742044651130567
2   2.1754303942040081
2   2.1754303942040072
2   2.3003554409971709
2   3.54908856897665
2   2.6333944682298642
2   2.6333944682298664
2   2.5492645847543653
2   2.5492645847543653
2   2.9868312102004571
2   2.9868312102004673
2   2.2126161803684639
2   2.2126161803684687
2   2.7689804182787481
2   2.6148658262413247
2   2.6148658262413229
2   2.5172221837506394
2   2.5172221837506217
2   3.2042623830715935
2   2.913996147330669
2   2.913996147330669
2   2.7666462319595317
2   2.3099764015052173
2   2.3099764015052178
2   2.108499885086391
2   2.8747415154818534
2   2.8747415154818512
2   2.8258649031650296
2   2.8258649031650283
2   2.7541309140240759
2   2.7541309140240799
2   2.5804653813809835
2   2.5804653813809773
2   2.7770028274055392
2   2.5956071428594325
2   2.5956071428594254
2   2.6770006729159941
2   3.0213024829385855
2   3.0213024829385824
2   3.2430501156839382
2   2.8096145349780666
2   2.8096145349780697
2   3.2002804798080611
2   3.2002804798080584
2   3.1305082244511171
2   2.538244975533269
2   2.5382449755332686
2   3.1598817823657814
2   3.159881782365781
2   3.5013394733854977
2   3.5013394733854959
2   2.7033118222314156
2   2.7033118222314201
2   2.6202885825738704
2   2.4708904901214006
2   2.687456820585985
2   2.6874568205859828
2   2.1930992924329598
2   3.1417756007269535
2   3.1417756007269553
2   3.0222849463135208
2   2.8738723356150291
2   2.8738723356150344
2   2.2274933373364196
2   2.227493337336417
2   3.5466859133022046
2   2.5016231966548541
2   2.5016231966548519
2   2.9331969436571144
2   2.9331969436571153
2   2.8989552124176101
2   2.8989552124176066
2   2.9411218569063875
2   2.9411218569063862
2   2.9592462366737311
2   3.7426309364069725
2   3.7426309364069716
2   2.288573447171002
2   2.2885734471710033
2   2.8772313165429018
2   2.1691893592822638
2   2.1691893592822624
2   2.657298226927773
2   2.657298226927769
2   3.7286118583257117
2   3.7286118583257144
2   2.2003203038610377
2   3.0000000000000009
2   2.1803993874963643
2   2.1803993874963652
2   2.2906191628872001
2   2.2906191628871988
2   3.8107418480226345
2   2.8796726799177659
2   2.8796726799177708
2   3.0119234135149568
2   3.0119234135149595
2   2.1417576439116912
2   2.1417576439116917
2   2.5979174590836829
2   2.5979174590836864
2   2.1744656767226096
2   2.1744656767226131
2   2.1486810879286944
2   2.1486810879286944
2   2.2535581512349454
2   2.2535581512349463
2   2.200968939727074
2   2.420802674983642
2   2.4208026749836482
2   2.6750344937833734
2   2.6750344937833743
2   2.2700496992966213
2   2.2700496992966204
2   2.970207928636476
2   2.0762520439694176
2   2.7199076569567819
2   2.7199076569567766
2   2.0252950927662488
2   3.0381421185291151
2   3.0381421185291213
2   2.7555077416453524
2   2.7555077416453528
2   2.4787729225484667
2   2.4787729225484632
2   2.0439011910192595
2   2.9309580229881211
2   2.9309580229881225
2   2.9383847545792308
2   2.9383847545792352
2   2.8678459083744032
2   2.8678459083744028
2   2.1215152234421946
2   2.1215152234421972
2   2.1033723735563279
2   2.7767740927537186
2   2.7767740927537177
2   2.1097000996081818
2   2.1097000996081836
2   2.8317844802850209
2   2.8317844802850201
2   2.0573220164301484
2   2.0573220164301484
2   2.2424909186722646
2   2.2424909186722748
2   2.6433446401853966
2   2.6433446401853908
2   2.0569092702279987
2   2.0569092702280005
2   2.5336794704070815
2   2.0737241289457375
2   2.0737241289457375
2   2.367903644418933
2   2.3679036444189299
2   2.8392159531579009
2   2.8392159531579049
2   2.1321317085046583
2   2.0919715222977557
2   2.0182892577518907
2   2.9635360343933068
2   2.2042993721014632
2   2.2042993721014752
2   2.467253605358581
2   2.4672536053585672
2   2.1448196725428987
2   2.1448196725429005
2   2.0709483356303253
2   2.018947442968106
2   2.0551626337235076
2   2.055162633723508
2   2.6158704850287493
2   2.1047343254433879
2   2.1047343254433937
2   2.7763864778261129
2   2.7763864778261098
2   2.5722692638805054
2   2.5722692638804898
2   2.0755192551646164
2   2.0755192551646191
2   2.6177340404783127
2   2.6177340404783185
2   2.4557611635690968
2   2.455761163569079
2   2.8382079324291745
2   2.8382079324291829
2   2.4686194458632551
2   2.4686194458632555
2   2.9709426931351031
2   2.0821564374661783
2   2.0821564374661863
2   2.0647936407762058
2   2.5967037142212401
2   2.5967037142212517
2   2.2423586707894603
2   2.2423586707894589
2   2.5227364498740275
2   2.5227364498740319
2   2.943275269163427
2   2.0695772802815942
2   2.0695772802815937
2   2.0407593877011134
2   2.215101946922819
2   2.4544616756464954
2   2.4544616756464954
2   2.1232122791262391
2   2.1232122791262422
2   2.016766896856975
2   2.0167668968569745
2   2.0688476709200829
2   2.068847670920082
2   2.0803844349739755
2   2.0803844349739746
2   2.608141359169621
2   2.6081413591696192
2   2.602278899008037
2   2.6022788990080437
2   2.0730983789863711
2   2.0730983789863697
2   2.0123306135535715
2   2.0123306135535746
2   2.0602656238618198
2   2.0602656238618207
2   2.1077113889823256
2   2.1077113889823318
2   2.017346859392612
2   2.2083856312037087
2   2.2083856312037096
2   2.2031405891083069
2   2.2031405891083105
2   2.7808681513558664
2   2.7808681513558677
2   2.1725718903245266
2   2.1725718903245306
2   2.8112271257035588
2   2.7365917076951036
2   2.7365917076951014
2   2.810307780108185
2   2.8103077801081904
2   2.0017818342287312
2   2.8155791412442448
2   2.8155791412442466
2   2.0972916063732643
2   2.0972916063732612
2   2.0779998028193387
2   2.0779998028193409
2   2.0228904564658698
2   2.0228904564658743
2   2.0534634642654352
2   2.053463464265433
2   2.0820022849209083
2   2.0820022849209154
2   2.2050670748138388
2   2.205067074813845
2   2.2554627741081483
2   2.2554627741081528
2   2.0114478591158171
2   2.4833932985044966
2   2.0565547509498288
2   2.0565547509498274
2   2.3686916197574335
2   2.9063487359343632
2   2.7442481289282394
2   2.7442481289282372
2   2.211298892166961
2   2.2112988921669605
2   2.0071602776334148
2   2.0071602776334134
2   2.5523882636531039
2   2.5523882636531146
2   2.0265351137625349
2   2.0265351137625354
2   2.138406300134664
2   2.1384063001346623
2   2.7923649397201875
2   2.4067471051446252
2   2.4067471051446345
2   2.8187965981856857
2   2.8187965981856862
2   2.0412174893919066
2   2.0412174893919075
2   2.0192421548215194
2   2.2542873259401666
2   2.0006859684924878
2   2.2584933360642556
2   2.0057918033249904
2   2.0057918033249904
2   2.0371207808560992
2   2.0061134599637742
2   2.006113459963776
2   2.0018511690602292
2   2.0136262640737845
2   2.0136262640737845
2   2.0266844344983301
2   2.0251030400928127
2   2.0251030400928185
2   2.0238818624213972
2   2.0238818624214021
2   2.0109792461517291
2   2.0109792461517353
2   2.0188089490798289
2   2.0188089490798311
2   2.017444406009163
2   2.0496763371643465
2   2.0043280071434908
2   2.0043280071434944
2   2.0105197712617326
2   2.0105197712617331
2   2.0052935552872158
2   2.0052935552872193
2   2.0050404381434608
2   2.0050404381434697
2   2.016856492451474
2   2.0168564924514807
2   2.0041581575112293
2   2.0041581575112297
2   2.0128246252619211
2   2.012824625261922
2   2.0064814582271442

3   5.5919040389989014
3   4.8023637035433815
3   4.8023637035433344
3   4.0032080044492471
3   4.0032080044492186
3   3.3663737889892982
3   3.3663737889892751
3   4.4576615057602789
3   3.1570085048430996
3   3.1570085048430983
3   3.0739594615941472
3   3.0739594615941459
3   3.052859740752778
3   3.3700999206607523
3   3.3700999206607491
3   4.804337651398658
3   4.8043376513986438
3   3.6737929314252469
3   3.6737929314252433
3   3.8786314696379494
3   3.8786314696379405
3   3.2949124137113723
3   3.2949124137113763
3   3.8079379428572802
3   3.8079379428572739
3   3.8818082016796165
3   3.8818082016796129
3   3.9167781220671296
3   3.292743658850986
3   3.616842363650183
3   3.6168423636501439
3   3
3   4.8642827822320465
3   4.4409855530520819
3   4.4409855530520526
3   4.7671290790351746
3   4.7671290790351675
3   3.8254811176472892
3   3.8254811176472936
3   3.900871824615507
3   3.9008718246155079
3   4.0097857280193523
3   4.0097857280193541
3   4.0840206926950984
3   4.0840206926950913
3   3.0398877918768106
3   3.0398877918768106
3   3.1324694683961769
3   3.1324694683961765
3   3.171219227565282
3   3.1712192275652917
3   3.8357177736529602
3   3.9618121436398424
3   3.9618121436398379
3   3.1763860986637513
3   3.1320833738658509
3   4.2469287625432761
3   4.2469287625432717
3   4.0627651428431202
3   4.0627651428431211
3   3.1530108066386915
3   3.1530108066386893
3   3.8940511130595832
3   3.0102275026463672
3   3.0102275026463645
3   3.9260531251903883
3   3.9260531251903847
3   3.1486921070040177
3   3.1486921070040164
3   3.1579189460389916
3   3.1579189460389898
3   3.970927907038635
3   3.0000000000000009
3   3.0809898771333151
3   3.0809898771333142
3   3.9006525294154084
3   3.9006525294154049
3   3.0868540682825163
3   3.086854068282515
3   3.0942216745415685
3   3.0672142409766923
3   3.1091758742516453
3   3.1091758742516458
3   3.0763067953283123
3   3.0763067953283132
3   3.0552002165090877
3   3.0552002165090832
3   3.1311937254412316
3   3.9372136623616241
3   3.9372136623616241
3   3.1656813562292805
3   3.8862699857733629
3   3.8862699857733611
3   3.0277580414248071
3   3.0277580414248062
3   3.0186510689931909
3   3.0186510689931891
3   3.4157548469478525
3   3.4157548469478511
3   3.0167400950953214
3   3.0167400950953209
3   3.1019739361043555
3   3.1019739361043532
3   3.5433872534007582
3   3.5433872534007538
3   3.0159340673718269
3   3.015934067371826
3   3.0421000085195291
3   3.0421000085195291
3   3.8678122048411714
3   3.0056454800293038
3   3.0056454800293038
3   3.6247389669100016
3   3.6247389669100034
3   3.1233316491712899
3   3.0619462011426499
3   3.0619462011426473
3   3.5528032460101766
3   3.0832210340170674
3   3.0832210340170665
3   3.0979264577505368
3   3.0979264577505359
3   3.7627789334834052
3   3.0000000000000009
3   3.5738174078675851
3   3.5738174078675859
3   3.067398577616947
3   3.0673985776169466
3   3.0966592715644223
3   3.0966592715644223
3   3.2956171862190691
3   3.295617186219066
3   3.3341316375664314
3   3.3341316375664287
3   3.7191733491596288
3   3.7191733491596262
3   3.2743671960113852
3   3.2743671960113838
3   3.3555611249641251
3   3.9524714188749739
3   3.6580258342936531
3   3.6580258342936531
3   3.0298443035252363
3   3.0298443035252354
3   3
3   3.0274694738142367
3   3.0274694738142376
3   3.1533920914559133
3   3.1533920914559106
3   3.1599901784326159
3   3.9515851106407363
3   3.9515851106407389
3   3.2989117219021411
3   3.9186845299892221
3   3.9186845299892195
3   3.7309521924315128
3   3.7309521924315083
3   2.9999999999999991
3   3.7227529366208731
3   3.0794758585759272
3   3.0794758585759272
3   3.0106212420241829
3   3.1901262353354904
3   3.1901262353354909
3   3.0609688634181365
3   3.0609688634181351
3   3.0178763967714382
3   3.017876396771439
3   3.0480860122284499
3   3.0480860122284512
3   3.0641815059851205
3   3.0641815059851218
3   3.0064815264660605
3   3.0064815264660605
3   3.0308235294997896
3   3.0308235294997927
3   3.0354485953524675
3   3.035448595352475
3   3.0264872611375169
3   3.0264872611375129
3   3.0106602854914262
3   3.0106602854914239
3   3.0000000000000009
3   3.0313713854409801
3   3.0313713854409823
3   3.0802270711396327
3   3.0005836428994002
3   3.0005836428994006
3   3.0042979261580176
3   3.0042979261580189
3   3.0064901685245062
3   3.0008359678508443
3   3.0008359678508469
3   3.008342175746642
3   3.0272209710409754
3   3.0272209710409781
3   3.007734903617143
3   3.0077349036171439
3   3.0192277981652933
3   3.019227798165296
3   3.0015172161430814
3   3.0015172161430828
3   3.0010269540439221
3   3.0010269540439229
3   3.0015486666491129
3   3.0070878209617744
3   3.0070878209617731
3   3.0007090783599546
3   3.0007090783599581
3   3.0003781680017214
3   3.000378168001721
3   3.0002907690351361
3   3.0002907690351348
3   3.0056684256172805
3   3.0000000000000009
3   3.0016930899320484
3   3.0016930899320502
3   3.0001673750607387
3   3.0001673750607409
3   3.0001664391825118

4   5.8859053920321909
4   4.9756827716809564
4   4.9756827716809431
4   4.1156521590322521
4   4.115652159032245
4   4.1575291659980778
4   4.0427386697684433
4   4.0427386697684415
4   4.8866159016389608
4   4.8866159016389554
4   4.0166968305694528
4   4.0166968305694519
4   4.0291057529956245
4   4.0291057529956245
4   4.0024543178307166
4   4.0024543178307157
4   4
4   4.9625487266250845
4   4.9095393783161212
4   4.9095393783161221
4   4.9191408142870392
4   4.9191408142870392
4   4.7980719873766793
4   4.7980719873766766
4   4.0198478804533329
4   4.0198478804533329
4   4.002562710671806
4   4.1369710023208572
4   4.1369710023208572
4   4.0646816387839868
4   4.0646816387839859
4   4.0922775687921158
4   4.0922775687921158
4   4.0806421626671616
4   4.0806421626671607
4   4.0447435336769768
4   4.0001238713703016
4   4.0001238713703016
4   4.0003666476242277
4   4.0003666476242277
4   4
4   4.0000685940754144
4   4.0000685940754144
4   4.0014917710300999
4   4.0014917710300999
4   4.0049290606832324
4   4.0049290606832315
4   4.0003774566559009
4   4.0020556103735787
4   4.0020556103735778
4   4.0006519108178091
4   3.9999999999999991
4   4.0003181904095602
4   4.0003181904095593
4   4.0000497797382923
4   4.0000497797382915
4   4.0000736065684883
4   4.0000736065684874
4   4.0000304158098077
4   4.0000037823413361
4   4.0000037823413352
4   4.0000133988123237
4   4.0000133988123237
4   4.0001904867173721
4   4.0001904867173721
4   4.0000991581041099

5   6
5   5
5   5
5   5
5   5
5   5
5   5
5   5
5   5
5   5
5   5
5   5

6   6

